19930101
0
0
0
0
0
0
0
1.55009
0
0
0
0
0
0
0
0
0
0
0
0
0
0
0
0
0
0
0
0
0
0
0
0
0
0
0
0
0
0
0
0
0
0
0
0
0
0
0
0
0
0
0.260521
7.06689
0.0499518
7.45941
23.9835
43.1263
14.1446
7.32122
18.6407
14.5987
17.5327
50.2467
11.0901
5.67333
0
0
0
0
0
0
0
0
0
0
0.606824
4.89689
3.86779
24.7647
10.1887
13.0836
6.66082
0
5.18306
24.1583
45.9907
12.9409
22.5882
18.472
0
9.89531
14.6082
6.14063
0
3.88901
2.24171
0
0
0
0
0
0
0
0
0
0
0
0
0
0
0
0
0
0
0
9.42899
0.841588
2.84825
0
44.9098
10.2356
0
7.80346
3.42264
0
0
0
8.64342
24.4313
15.6641
109.366
23.2923
56.4858
0
0
6.01972
9.48904
26.1521
0
0
0
0
0
0
0
0
112.276
0
0
0
0
0
0
0
0.490816
0
0
4.65055
0
13.7694
0
0
0
0
0
0
0
0
0
0
1.53822
3.22818
3.91578
20.2997
10.2548
0
0
4.47256
30.8311
0.795706
0
0
0
0
6.38734
0
0.746577
0
0
0
0
0
0
0
0
2.04455
0
11.6888
18.0909
7.83547
19.328
0
12.135
1.74193
6.10074
5.86446
0
89.3181
0
0
7.33687
0
0
3.60702
13.5607
24.3768
18.313
0
0
59.4024
74.0801
0
37.5242
0
11.9737
46.9911
63.3342
0
1.89076
0.192766
0
1.57023
0
6.71273
0
1.80994
0
0
8.17053
85.0759
0
14.7534
51.3697
1.05514
0
3.08988
1.05331
0
0
0
0
0
0
0
0
0.610977
8.86909
6.49477
0
0
0
17.3387
4.32999
0
0
2.73672
0
0
0
0
0
0
0
2.66181
0
0
40.0224
48.8182
0
0
0
0
0
0
0
0
0
0
4.9218
0
0
0
0
22.791
0
0
0
0
0
0
0
0
0
0
0
0
0
1.47373
0
7.56003
3.0301
0
2.08594
0.681048
0
0
9.32619
7.26587
2.98894
0
0
0
0
0
0
0
0
0
0
0
3.33574
0
0
0
6.25907
0.523513
0
0
0
0
0
0
0.7868
0
0
0
11.9519
0.997371
0
0
0
3.06508
0
0
2.09227
0
0.236728
0
0
0
0
0.437096
1.69714
0.769728
0
4.26701
0
0
0
0
0.852972
0
0
0
0
0
0
0
0
0
0
0
0
0
0
0
0
0
0
0
0
0
0
0
0
0
0
0
0
0
0
1.66757
1.08118
0
5.31053
0
0
0
0
0
0.182314
0
0
0
0
0
0
0
0
0
0
0
0
0
0
0
0
0
0
0
0
0
0
0
0
5.0744
0
0
0
0
3.95324
0
1.30203
0
0.758929
0
0
0
0
0
0
0
0
0
0
0
0
0
0
2.06076
0
0
0
0
1.32511
1.24316
1.61272
0
4.1055
10.4658
0
0.625239
8.79251
0.468463
1.5854
0
0
0
0
0
0
0
0
0
0
0
0
0
0
0
0
3.40632
0
0
7.01635
0
0
0
2.04467
0.868799
6.06251
0.328886
0.051069
0
0
3.3134
2.33773
17.2065
8.00721
0
1.29789
3.59925
0
0
5.30242
10.1366
0
4.57982
0
0
0
0
0
0
0
7.03164
0
3.55968
8.08455
3.51725
0
0
0
0.723501
43.4682
28.8197
5.98883
27.8366
5.27439
9.28196
12.1552
9.45279
14.3557
10.82
0
0.258619
6.93607
0
0
0
7.38887
0
0
0
10.3777
4.20375
0
0
0
0
0
3.29597
0
0
5.05018
0
59.7817
0
0
0
0
0
0
0
18.6229
0
0
0
21.4413
0
0
4.41308
13.2065
28.9926
2.82472
20.0431
12.4106
0
11.1941
0
0
6.27649
3.66131
0
8.89901
9.74503
11.4565
29.5278
33.2335
86.3528
39.7498
26.9396
68.126
0
3.20223
0
0
9.79499
0
0
0
0
0
0
0
32.0763
15.1549
46.5372
70.4674
77.647
0
0
0
17.3193
0
0
0
0
0
9.68302
0
18.0094
17.636
0
0
1.38261
0
97.6912
0
6.60868
9.30536
0
4.447
0
0
13.4992
0
15.7979
0
0
0
0
27.6134
0
0
0
0
5.70395
1.98525
8.37383
0
0
0
0
0
0
0
0
0
18.5528
1.45539
0
9.90701
0
2.72243
7.5999
0.583235
1.62516
0
4.50123
9.51561
0
0
0
0
0
0
0
0
0
0
0
0
0
0
0
0
0
0
0
0
0
1.40825
0
0
0
0
0
0
0
0
0
0
0
0
0
0
0
0
0
0
0
0
0
0
0
0
0
0
0
0
0
0
0
0
0
0
0
1.09835
7.35585
0
0
0
2.49597
0
0
0
0
0
0
0
0
0
0
0
10.4868
0
0
2.00602
5.17672
2.84906
3.00253
0
0
0
0
2.85206
0
0
0
0
0
0
0
0
0
0
0
0
0
0
0
0
0
0
0
0
0
0
0
0
0
0
0
0
0
0
4.49834
0
0
0
1.71854
36.9649
0
0
0
0
0
0
0
0
7.93612
6.58365
6.83723
6.43912
15.1937
8.3554
0
1.39035
0
14.7072
35.3171
43.8718
19.3263
15.2424
10.6948
8.36552
0
12.2656
20.6949
43.9568
0
0
0
0
0
0
0
0.398889
6.08782
6.17625
1.76595
2.7029
8.47006
15.0662
4.45407
2.41427
4.35914
0.538476
0
4.91769
40.0729
0
2.3393
0
0
0
3.06843
25.1658
0
0.376122
0
0
0
0
0
0
0
2.26874
4.35197
6.09313
3.60739
4.36588
2.6157
9.41624
34.6176
7.92843
0
0
8.10184
6.76433
0
0
0
0
0
0
25.1953
12.4941
8.68277
0
0
4.82658
0
0
0
0
0
0
9.37078
0
23.8886
16.7987
0
0
4.08682
0
41.077
11.6368
0
0
7.49011
0
17.9015
1.72
0
0
0
0
0
0
0
0
4.44119
0
7.99182
0
14.2553
0
35.5733
0
9.76317
49.2948
0
0
16.731
15.0498
0
0
0
1.0776
0
0
0.827237
6.16353
1.13545
13.2087
5.76105
0
0
1.68955
1.63301
4.76615
0
0
0
61.7016
60.475
0
11.1827
0
0
14.5524
1.5912
0
17.6236
0
50.6833
0
0.670282
5.90785
30.6342
7.00647
0.0496416
5.00846
0
0
0
0
0
35.7611
16.9728
0
0
0
34.4964
8.56778
0
0
0
0
9.48796
25.6746
0
0
3.24125
0
17.0465
3.7869
7.54217
0
0
11.8414
6.33426
12.2582
24.5102
5.88283
16.0025
18.7851
0
0
0
0
1.26775
12.1332
0
0
0
0
0
0
0
0
0
0
0
0
0
0
0
1.07284
0
0
0
0
0
0
0
0
0
5.99639
13.9537
3.69328
0
0
0
0
0
0
0
0
0
0
0
0
0
0
0
0
0
0
0
0
0
0
0
14.4993
0
0
0.0919712
2.34339
0.491507
4.59731
5.65117
0
0
13.7228
53.7431
14.7222
1.87561
5.61537
0
0
0
0
0
0
0
4.99548
5.75018
0
0
0
0
0
0
0
0
0
0
0
0
0
4.07268
0
0
0
0.618204
0.128572
0
0
0
1.71785
9.43379
12.9227
0
0
3.59598
0
0
0
0
0
0
0
0
0
0
0
0
0
0
0
0
0
10.0414
0
0
0
43.2112
45.7567
11.9145
0
0
0
1.20167
0
1.00881
0
0
0
0
0
0
0
0
0
0
0
0
0
0
0
0
0
0
0
0
0
55.7601
34.0518
0
7.62461
3.00255
6.85581
5.68744
0
0
0
0
0
8.38035
0
0
0
0
7.98603
17.6853
0
0
0
0
0
0
0
0
0.439502
2.6549
3.08257
0
0.56384
1.58955
27.2495
0
0
0
0
15.4141
112.962
13.0879
0
0
0
0
0
0
22.6352
25.1355
0
0
11.6458
29.4849
26.3522
0
135.784
44.7425
79.7599
19.7723
48.5664
91.9197
15.2789
0
0
0
4.58666
4.08233
0
0
0
0
5.88301
4.89524
0
0
0
0
0
0
10.2096
0
0.195489
0
0
0
0
0
0
5.20548
4.98728
2.03351
0
0
0
17.2104
2.60019
5.24835
0
0
20.4633
0
0
0
5.84946
2.68658
10.147
7.74807
21.9294
5.36138
0
0
0
0
0
0
0
0
1.79644
6.23641
0
0
2.66367
0
0
0
2.93307
0
0
0
0
0
0
5.9407
0
0
22.1395
10.7933
1.35029
1.25568
0
0
0
16.6262
15.2567
3.953
0
0
0
0.665844
0
1.54667
1.24256
0
2.01406
0
0.711254
1.75341
2.32558
9.3106
29.4471
35.321
0
1.035
0
0
20.153
1.23945
0
27.5919
0
0
0
77.3962
70.7508
0
0
9.70585
0
2.91996
5.59651
14.0055
16.5807
0
0
0
0
0
0
0
0
0
41.9065
0
0
1.50483
0.121525
3.92734
5.02333
1.47674
0
0
0.10418
0
0.22803
0
0
0
2.42454
0
29.6856
0.506521
0
0
0
7.6925
4.79037
0
0
0
0
0
0
0
2.23944
0
1.08562
0
0
0
0
0
0
0
0
0
0
0
0
0
0
0
0
0
0
0
0
0
0
0
1.36077
42.2867
18.4252
7.4655
7.18068
10.7254
5.11494
0
3.96764
0
0
0
0
0
0
0
0
0
17.9428
41.9236
4.80562
4.23865
3.18127
0
2.53019
0.578592
0
0
0
0
0
0
0
0
0
0
0
0
0
0
0
0
0
0
0
0
0
9.09552
7.3326
22.6025
0
0
0
3.04864
0.0630515
4.49659
0
9.09059
10.7269
0
0
0
0
0
0
0
1.59387
9.8287
0
0
0
0
1.3245
0
0
0
0
0
0
7.20856
9.67053
2.67104
0
0
0
0
0
0
0
0
0
0
0
0
0
0
0
1.62896
4.90871
2.66701
3.09749
0
0
0
0
0
0
0
0
0
0
0
2.64713
0
0
0
0
0
0
0
0
0
0
0
0
0
0
0
0
0
0
0
0
6.66797
0
0
0
0
3.07511
2.1381
0
0
0
0
0
0
0
0
3.82006
0
0
0
0
0
18.4952
1.55723
0
3.85659
0.957209
0
0
0
0
0
0
0
0
0
0
0
6.22651
3.02333
0
0
2.56354
9.09162
0
0
0
0
0
0
1.01152
0
3.94367
9.22145
0
0
12.5751
4.0513
0.774543
0
3.47396
5.70635
13.4062
4.0006
5.67035
5.20684
2.61297
10.7978
31.9609
0
14.7366
6.58495
0
26.3403
0
0
0
0
9.90023
0
0
0
1.10726
0
0
4.20833
4.86341
54.1156
0
0
0
0
0.701618
0
0
0
68.0353
7.91274
0
0
0.324995
0.259142
0
4.87048
10.2357
0
0
1.466
0
0
0
0
0
0
0
0
0
9.20629
0
0
0
0
11.3855
8.70626
1.44567
5.153
0
5.09959
25.9188
0
4.138
0
0
1.74666
8.29391
53.3249
0
0
0
27.8132
116.51
20.6599
13.5604
59.1781
0
0
0
0
0
0
37.9633
22.0433
19.1168
52.0196
0
0
0
1.00167
5.71725
39.8543
1.32442
0.776999
0
24.7577
2.83207
14.1814
8.27983
0
0
0.256114
4.23637
8.2795
0
0
0
36.3726
21.1264
5.53228
115.874
26.8897
0
0.832198
26.4848
0
0
0
0
0
13.2678
0
0
0
9.45792
0
11.9912
0
11.8404
0
0
0
0
0
0
0
0
0
0
0
0
0
0
0
0
0
0
0
0
0
0
0
0
0
0
0
0
3.35966
8.68675
6.19588
6.28577
6.34684
2.03381
0
0
0
0
0
0
0
0
0
4.79224
1.42676
2.65032
0
0
0
0
0
0
0
0
7.96736
6.76781
5.3574
9.68563
13.2703
2.04644
0
0
1.61898
2.84013
0.811858
1.21454
0
0
0
0
0
0
4.27095
0.528608
1.27043
0
2.37157
3.03307
0
0
0
0
0
0
0
0
0
0.9415
0.596589
0
0
0
0
0
0
0
0
0
1.11995
0
0
0
0
0
0
0
0
0
0
0.221339
8.86889
0
8.68154
9.43034
0
0
0
6.7796
0
0
0
0
0.897136
0
0
0
0
7.69757
5.21735
2.09163
0.569217
0
0
0
0
0
0
0
0
0
0
0
0
0
11.7844
0
1.00167
0
0
0
7.65058
0
0
2.26465
5.20761
11.8355
0
2.87818
1.44025
0.576981
1.58227
11.0545
6.59402
10.3422
0.181306
0
1.07521
0
2.44209
0
32.6471
0.366236
0
0
0
3.91964
0.931227
0
0
0
0
27.1928
0
0
0.717992
0
0
0
0
0
0
2.56443
22.8353
0
1.21387
0
0
0
1.62828
0
0.75522
3.5728
4.06287
0
0
6.61979
2.11541
15.0713
60.3873
0
0
0
0
0
0
4.56713
0
6.92873
0
0
0
0.919754
6.01254
3.93559
11.6607
6.34326
6.19992
3.0071
0
17.5195
9.16119
12.6536
0
0
38.0833
0
0
0.00512001
0
0
0
39.7434
92.4308
16.1652
0
0
0
56.5716
103.163
0
44.381
0
22.3835
69.9226
2.07477
0
0.87646
3.8823
0
0
32.4024
11.3639
5.1444
6.41637
0
0
0
19.5772
19.0685
3.10668
0
0
0
3.53398
0
0
6.23918
0
0
0
0.763876
12.9107
0.943717
0
0
0
0
20.6743
25.9209
26.03
0
2.72397
6.73452
0
45.9015
0
0
14.9988
26.2663
17.5077
112.429
0
10.2775
0
0
0
0
0
0
13.2346
0
0
0
0.533862
0
0
0
57.9058
56.9233
9.09219
0
0
0
21.0363
0
0
0.966945
0
6.9556
115.389
4.98562
19.8576
2.57533
0
0
0
0
3.16817
0
0
0
0
0
0
0
0
18.4773
0
0.222168
8.30737
0
2.66432
0
33.8669
0
0
2.8391
37.9374
3.07062
11.7566
36.6792
12.7973
5.20345
0
0
0
2.32217
0
20.5825
82.2635
0
0
0
0
4.95431
7.61917
0
0
0
0
4.85884
22.1827
1.94637
0.59625
3.65545
34.3039
7.00955
11.9219
2.82717
0
0
0
0
0
0
0
0
2.03758
0
7.52305
0
0
0
0
0
0
0
0
0
3.03465
0
0
0
0
0
0
2.42876
3.82004
0.0327548
0
0
0
0
0
0
0
0
1.41851
0
0
0
0
1.29382
1.55994
0
0
0
1.16524
0
0
0
0
0
0
0
0
0
0
0
0.198089
10.3661
21.7302
7.23165
6.65177
0
0
0
5.65898
0.399397
0
0
0
0
0
0
0.162257
0
8.63206
0
0.168626
1.34555
0
0
0
0
0
0
0
0
0
1.12192
0
0
0
0
0
0
0
0
0
0
0
0
0
0
0
0
0
3.36555
0
4.10452
7.86133
8.91449
2.35484
3.17992
3.74423
0
0
0
4.73788
0
0.01244
68.0998
0
0
0
0
0
0
0
0
0
0
4.47877
0
0
0
0
0
0
0.514516
1.07654
0
14.4556
5.6602
0
0
0
0
0
0
0
4.22341
5.74448
3.46106
1.43241
3.76528
0
0
0
0
0
0
0
0
0
0
0
0
0
0
2.6388
27.8206
0.847305
0
0
0
0
0
0
0
0
0
0
0
0
1.63648
0
0
0
0
0
20.5162
15.2948
3.4346
0
0
7.25562
0.928013
0
0.522941
0
0
0
35.0689
12.3575
0
0
0
0
0.29025
1.7836
4.63803
1.99099
83.2291
0
0
0
0
0
0
0
9.55998
0
1.10643
0
0
0
14.6879
157.9
55.3352
12.0752
20.8576
0
0
0
0
0
6.59991
9.81502
5.63966
39.3254
30.0132
57.431
0
0
2.775
0
0
0
2.29602
2.24768
1.74073
0
0
0
0
20.8182
97.1694
0.84822
0
0
0
75.7539
7.49043
3.24274
4.54498
0
0.0435873
0
0
2.59556
25.1075
0.360608
0
63.2436
0
0
0
0
0
0
0
0
32.548
2.46399
3.10018
0
0
0
0
0
0
0
0
0
0
2.61841
13.6719
0
0
0
1.10757
0
0
0.96213
25.0151
4.64612
0
0
49.4389
7.58201
24.1364
72.8807
15.2593
0
0
0
0
1.77413
4.76482
0
19.8589
80.3409
29.9034
0
0
0
0
0
0
0
25.8396
97.6545
0
0
0
0
1.20447
4.51877
0
0
0
2.31164
4.59037
44.2987
0
0
9.93105
17.7756
0
0
0
19.0111
0
1.47494
0
0
1.49391
60.0752
12.2188
10.893
17.193
21.6648
0
0.873221
0
11.9406
0
11.9835
0
0
0
6.50633
2.05023
0
0
0
0
0
0
0
0
0.960424
0
3.76062
10.8199
6.98932
9.57682
0
0
0
0.456544
0
0
0
0
0
0
0
0
0
0
0
0
0.709217
2.39657
0
0
0
2.72568
0
0
0
0
0
0
0
1.62264
4.60401
0
29.4883
21.3311
0
0
0
0
0
0
0
0
0
0
0
0
0
0
0
0
0
0
0
0
0
0
0
0
0
0
0
0
0
0
0
12.9029
0
0
0
0
0
0
0
0
0
0
20.7372
28.5578
0.344077
0
0
0
0
0
0
0
0
0
0
0
0
0
0
0
0
0
0
0
0
0
0
2.15472
3.89135
0
0
0
0
0
0
0
0
4.50635
0
0
0
0
0
0
0
0
4.39464
0
0
13.9384
0.343499
2.21431
0
4.48795
0.31771
0
0
4.54925
0
11.7443
37.1652
7.09507
59.6374
0.0516575
11.8239
4.8894
2.54261
0
0
0
4.57288
0
0
0
0
0
0
0
4.38071
0
41.2445
0
0
3.69881
5.6676
0
0
0.737273
1.49201
0.918636
1.9591
16.3875
20.111
7.1835
25.7978
0
2.80961
13.4553
0
0
3.98588
0
0
4.95222
5.26236
0
0
0.707476
0.23622
0
0
0
7.76434
3.00348
0
0
0
28.167
45.8256
0
0
0
0
12.8461
73.9493
0
12.1307
37.6932
0.512977
14.0171
0
7.97201
67.5804
49.0378
7.29672
1.86829
14.6851
42.6066
0
0
0
0
0
0
0
0.141356
4.38618
18.5249
25.4056
4.16588
10.6275
63.9342
0
0
0
13.2416
0
0
23.1857
16.4277
0
0
0
0
0
7.27432
0
5.35275
3.53147
6.46451
4.14458
0
19.7851
2.88905
2.80904
0.54683
0
0
5.15094
20.0735
3.19038
20.6671
0
0.961903
0.693867
53.1381
4.58741
23.9552
5.08157
0
21.0665
14.121
0
0
0
0
0
0.0848914
0.378724
3.46958
1.37587
15.0236
8.07222
0
0
14.3327
22.0112
0
0
0
0
0
3.46246
0
0
0
0
0
18.1804
0
0
13.4332
0
1.90888
0
18.3972
0.537786
0.00874517
9.75176
11.9274
1.44924
2.53154
19.0003
0
3.6295
21.9307
21.6019
10.234
1.92358
28.8319
0
0.191157
0
0
0
0
0
0
0
0
0
0
0
0
0
0
0
0
0
0
0
0
0
0
0
0
0
0
0
0
0
0
0
0
0
0
0
0
0
0
0
0
0
0
0
0
0
0
0
0
0
0
1.62711
19.8253
6.1363
5.04773
7.60263
3.23226
3.2148
0
0
0
0
0
0
0
0
0
0
0
0
0
0
0
0
0
0
0
0
0
0
0
0
0
0
0
0
0
0
0
0
0
0
0
0
0
0
0
3.90817
1.52139
22.8036
0
0.165466
0
0
0.0340529
0
0
1.29931
0
0
0
0
0
0
0
0
13.2591
0
0
0
0
0
0
0
0
0
0
14.5307
0
10.1408
11.8602
0
0
0
0
0
0
0
13.5656
12.8702
1.78742
0
0
0
0
0
0
0
0
0
0
0
0
0
0
0
0
0
0
0
0
0
0
0
0
0
12.4404
5.35926
6.56334
92.6453
8.65845
0
0
0
0
0
5.16126
3.35459
0
0
0
0
0
0
0
0
0.929521
0.0502018
9.24808
24.5093
0
0
0.512512
0
0
0.749865
0
0.715534
1.8894
45.3154
0.341431
1.48145
0
12.1561
0.817373
19.0135
3.72926
0.334074
1.30926
0
3.77068
4.02934
51.2226
101.98
20.7744
23.7877
30.1683
104.246
0
0.572063
2.10982
0.0981205
0
0
0
0
0
0
0
0
0
0.500844
0.673346
0
0
4.71825
7.12922
4.74338
79.1341
0
7.06581
51.709
3.55089
0
0
0.999
1.1255
2.24763
7.33661
44.3413
0
9.85398
0
6.72812
0
0
9.89541
5.28213
21.1715
12.5035
1.42809
0
7.73961
0
0
0
5.1564
0
0
11.0677
0
0
0
18.701
98.2872
0
0
21.9628
5.56209
0
0
0
34.867
0
3.32114
0
0
0.988347
6.39356
18.2595
0
0
0
0
1.06349
16.0447
0
0.658761
3.02545
0
0
0
0
0
0
0
0
10.9825
28.1224
0
11.3513
0
0
0
0
2.70836
0
0.30944
0.861989
1.91464
0
0
0
0
0
1.96564
0.352822
0
0
0
4.22804
15.1925
21.3834
17.5886
0
2.21943
0
0
0
0
0
0
0
0
7.77167
0
0
21.0613
0
0
0
0
0
0
0
0
0
0
7.65302
9.8039
33.103
14.4918
0
0
0
0
0
0
0
0
0
0
0
0
0
12.6537
8.95348
92.0941
0
0
0
0
0
0
0
0
0
0
0
0
0
0
0
0
0
0
0
0
2.21078
0
0
7.36851
0
0
0
0
0
9.04917
11.624
40.9064
57.1473
2.69546
18.0614
0
0
0
6.02916
0
0
0
0
1.26663
8.74533
19.7497
5.67903
1.97248
0.561633
0.683863
0
0
0
0
0
0
0
0
0
0
0
0
0
0
5.26075
0
0
0
0
5.90E-06
1.20E-07
1.92E-07
4.70E-06
2.23E-05
2.25E-05
3.30E-05
1.13E-05
1.70E-05
6.85E-06
4.31E-06
8.55E-07
5.39E-07
4.79E-05
7.13E-05
4.37E-05
8.12E-06
4.74E-06
1.92E-07
4.87E-07
2.77E-06
2.97E-06
1.29E-06
8.13E-07
1.29E-06
1.37E-06
1.64E-06
4.43E-06
1.12E-05
2.00E-06
4.94E-06
1.97E-07
6.82E-06
1.93E-05
1.09E-05
2.47E-06
1.68E-07
0
0
0
0
3.46E-09
3.81E-08
1.95E-07
0
0
2.58E-09
2.75E-06
3.44E-06
1.87E-06
1.97E-06
1.45E-05
1.90E-05
1.19E-05
6.74E-06
1.97E-06
1.94E-06
9.18E-06
1.03E-05
7.93E-06
3.43E-05
1.78E-05
1.94E-05
2.13E-05
6.23E-05
1.90E-05
1.19E-07
1.29E-05
1.24E-05
4.39E-06
9.39E-06
1.73E-06
1.08E-08
3.00E-11
0
1.84E-07
3.61E-07
2.71E-07
8.36E-07
5.65E-06
6.70E-06
9.77E-07
2.76E-07
2.45E-06
2.05E-05
9.87E-06
3.57E-05
8.58E-05
0.000500483
0.000414737
0.000137719
0.000172702
0.000247883
1.86E-05
4.74E-06
1.14E-06
3.18E-06
4.07E-06
4.64E-06
4.99E-07
1.94E-07
1.62E-05
6.45E-05
0.000159203
0.000735463
0.000459253
6.18E-05
1.53E-05
6.83E-05
0.000230765
0.000525276
0.000198541
8.46E-06
2.10E-07
0
6.00E-08
0
8.74E-06
0.000133375
0.000105459
8.29E-05
2.63E-05
0.000105505
9.35E-05
8.46E-05
0.00048474
0.000427776
4.96E-06
3.65E-05
5.80E-05
7.59E-05
7.21E-05
6.75E-05
9.70E-05
4.87E-05
4.68E-05
6.76E-05
4.14E-06
5.82E-06
4.40E-05
5.99E-05
7.82E-05
6.00E-05
2.20E-05
1.48E-05
4.86E-06
4.75E-06
5.41E-05
2.45E-05
1.98E-05
1.83E-05
1.44E-05
1.61E-05
2.74E-06
1.39E-06
4.97E-06
3.36E-06
6.03E-06
2.26E-05
4.61E-05
7.83E-06
5.28E-07
2.16E-06
6.47E-07
1.97E-06
6.65E-06
8.21E-05
4.56E-05
0.000128701
3.90E-07
3.72E-07
2.88E-06
4.67E-07
4.82E-07
1.15E-06
7.58E-07
1.09E-07
1.78E-06
2.60E-06
1.83E-05
1.80E-05
9.81E-06
3.69E-05
2.28E-05
1.12E-05
3.67E-05
4.42E-06
1.52E-06
9.49E-07
1.93E-06
1.33E-05
7.64E-05
1.22E-05
9.45E-06
1.10E-06
1.92E-06
1.55E-06
2.31E-05
1.37E-05
7.13E-06
4.20E-06
1.72E-06
2.10E-06
2.34E-06
1.12E-06
7.64E-07
1.73E-07
2.85E-05
2.02E-06
1.96E-05
1.88E-06
1.06E-05
6.16E-05
7.31E-05
7.45E-05
3.90E-05
8.30E-05
3.90E-05
8.55E-05
6.65E-05
4.36E-05
7.60E-05
4.63E-05
9.40E-07
1.81E-05
2.52E-06
1.68E-06
2.31E-06
1.51E-05
8.69E-06
6.09E-05
9.13E-05
1.22E-06
8.84E-06
7.94E-07
1.70E-05
3.46E-05
5.33E-05
4.63E-05
2.88E-07
2.44E-06
6.30E-06
4.44E-06
2.17E-06
3.69E-06
5.34E-06
9.26E-06
2.04E-06
7.30E-07
6.52E-06
4.89E-05
2.21E-06
1.11E-05
3.71E-06
7.13E-06
1.13E-06
5.77E-06
4.07E-06
8.95E-07
1.37E-06
3.31E-05
2.01E-05
7.84E-05
0.000249988
7.77E-07
4.94E-05
0.000134581
1.48E-05
8.32E-06
5.68E-06
3.81E-06
7.39E-07
3.88E-06
1.53E-05
2.25E-05
1.11E-05
1.10E-05
2.58E-06
2.46E-05
8.85E-06
4.40E-05
2.83E-05
5.42E-05
4.85E-05
4.90E-07
4.55E-07
1.13E-06
1.79E-07
4.90E-06
3.60E-05
5.88E-06
1.66E-06
5.54E-05
6.87E-05
4.71E-05
3.47E-05
1.94E-05
4.77E-05
8.07E-05
8.90E-05
1.64E-06
5.38E-05
0.000138335
3.49E-05
8.54E-05
0.000342
4.69E-06
1.58E-05
3.04E-05
0.000321054
0.000497412
7.44E-05
0.000132037
3.99E-07
1.63E-05
5.94E-05
8.64E-05
2.16E-05
2.16E-06
4.35E-07
4.37E-07
2.79E-06
1.08E-06
8.41E-06
6.20E-05
1.02E-05
4.80E-05
1.43E-05
6.74E-06
8.48E-06
7.06E-06
5.62E-06
2.84E-06
4.33E-07
4.93E-07
7.57E-07
1.66E-06
6.31E-06
1.44E-06
1.37E-06
2.56E-06
1.74E-06
7.54E-07
5.30E-07
1.09E-05
3.30E-06
3.52E-05
0.000184067
0.000119529
5.84E-06
2.30E-05
3.73E-05
4.45E-06
1.50E-06
1.02E-06
3.70E-06
3.69E-05
3.95E-05
0.000150982
0.000112331
1.27E-05
3.13E-06
1.74E-06
2.02E-06
4.80E-07
6.25E-07
1.26E-09
0
0
1.50E-07
3.25E-08
0
4.19E-07
1.35E-07
7.82E-07
2.33E-05
4.25E-05
8.04E-05
2.73E-05
3.13E-06
2.38E-06
1.21E-05
3.34E-05
3.40E-06
3.38E-06
1.17E-06
1.10E-06
3.57E-08
0
0
5.88E-08
1.24E-08
6.80E-10
0
1.82E-07
4.13E-07
1.21E-06
7.67E-07
6.89E-08
1.58E-09
1.49E-07
2.11E-08
1.97E-07
3.90E-10
3.12E-07
1.40E-07
0
0
4.53E-08
2.28E-07
2.84E-07
6.47E-07
4.99E-07
5.39E-07
1.19E-06
5.32E-07
2.36E-07
2.37E-07
9.15E-08
7.36E-07
2.36E-07
6.77E-08
1.52E-06
1.32E-05
8.04E-08
6.50E-10
9.57E-07
1.22E-05
2.39E-05
2.21E-07
4.53E-07
1.68E-07
1.60E-06
5.25E-06
2.25E-05
1.08E-05
4.52E-09
5.58E-09
1.00E-10
2.80E-10
7.86E-08
5.17E-08
5.50E-10
3.90E-10
1.53E-07
2.98E-06
2.28E-05
1.18E-05
2.84E-07
3.07E-06
1.26E-06
8.39E-08
0
0
0
0
0
0
3.37E-09
1.00E-11
1.50E-10
0
0
0
0
0
0
0
0
6.01E-06
1.81E-05
6.61E-05
6.76E-05
8.59E-05
9.58E-05
8.89E-05
3.45E-05
9.67E-05
0.000133414
0.000120538
3.88E-05
4.68E-05
2.90E-06
3.27E-05
0.000160183
5.79E-05
6.56E-05
1.98E-05
0.000174131
0.000249397
0.000423765
0.000151131
1.46E-05
4.63E-07
2.66E-05
8.43E-05
0.000144425
4.83E-06
8.82E-06
9.65E-05
7.17E-05
8.96E-05
9.64E-05
4.35E-05
5.05E-05
5.04E-05
5.56E-05
5.10E-05
9.62E-07
2.99E-07
9.32E-06
2.54E-05
2.88E-05
5.96E-05
0.000110483
7.37E-05
6.30E-05
6.28E-06
3.87E-05
2.87E-05
6.21E-05
7.09E-05
2.10E-05
7.70E-05
6.06E-05
3.62E-05
2.46E-05
9.02E-06
2.50E-06
3.94E-06
2.02E-05
0.000137377
6.47E-05
1.02E-05
1.42E-06
2.89E-06
1.31E-05
3.62E-05
5.28E-06
2.90E-05
4.91E-05
2.86E-05
4.22E-05
9.65E-05
1.86E-05
4.76E-05
0.000119668
6.22E-05
6.81E-05
0.000148515
0.00042164
5.04E-05
4.81E-05
1.65E-05
1.18E-05
1.67E-05
2.75E-05
1.50E-05
4.20E-06
2.84E-05
3.78E-05
9.57E-05
3.30E-05
6.98E-06
3.27E-05
3.96E-05
9.07E-08
1.79E-06
2.17E-05
4.32E-05
2.04E-05
1.78E-05
2.92E-05
2.38E-05
4.96E-06
1.21E-05
3.84E-06
6.96E-06
1.02E-05
1.75E-06
1.48E-05
2.72E-05
4.93E-05
9.86E-05
5.20E-06
1.44E-05
4.05E-05
2.27E-05
1.40E-05
7.59E-06
9.12E-06
3.93E-05
3.50E-05
4.78E-06
3.31E-05
5.80E-06
6.04E-06
3.19E-05
0.000259827
6.31E-05
2.77E-05
0.000107975
3.58E-05
5.98E-06
3.28E-06
2.29E-05
0.000148629
2.60E-05
4.31E-05
5.34E-05
0.000217149
5.14E-05
0.000136587
0.000344276
3.27E-05
0.000479508
6.65E-05
0.000253679
4.50E-05
4.84E-05
8.99E-05
0.000675382
0.000533613
0.000127998
6.15E-05
0.000156676
0.000202152
4.62E-05
2.14E-05
2.12E-05
2.30E-05
8.23E-06
1.72E-05
4.53E-05
4.13E-05
4.55E-05
0.000116743
1.86E-05
2.17E-05
9.69E-06
2.58E-05
6.65E-05
0.000600213
0.0019409
0.000187039
8.89E-06
0.000428594
0.00053929
4.53E-05
0.000180229
0.000297849
0.000223073
0.000651205
0.000265156
8.74E-05
0.000556589
0.000322207
4.01E-05
3.46E-05
0.000151359
0.000376942
5.40E-05
2.83E-05
1.39E-05
9.03E-05
9.54E-05
6.96E-05
7.22E-05
2.29E-06
2.04E-05
6.95E-05
7.92E-05
7.70E-06
5.75E-07
3.12E-06
5.48E-06
0.000156493
8.15E-05
2.09E-05
2.04E-05
2.59E-06
1.18E-05
5.91E-05
4.35E-05
1.19E-05
4.23E-05
4.34E-05
8.01E-06
3.83E-06
2.37E-05
5.45E-05
9.75E-06
9.87E-06
1.69E-06
4.65E-07
1.53E-06
3.79E-07
3.27E-07
5.19E-07
1.63E-06
2.38E-06
1.01E-05
4.34E-06
1.05E-05
3.66E-05
2.57E-05
1.44E-05
3.72E-06
3.43E-05
3.10E-05
6.14E-05
0.000137877
2.98E-05
9.64E-06
1.31E-05
3.09E-06
1.21E-06
1.18E-06
1.67E-06
1.71E-06
4.79E-06
4.04E-09
7.10E-10
4.16E-06
1.61E-06
1.50E-07
2.25E-07
3.65E-07
1.50E-06
2.93E-06
1.18E-06
1.32E-06
1.01E-07
3.17E-08
1.18E-07
3.10E-06
1.18E-06
9.36E-08
0
0
0
1.29E-09
2.24E-09
8.97E-08
0
1.00E-11
1.16E-09
2.00E-11
1.26E-06
3.23E-06
6.47E-06
1.09E-05
1.32E-05
4.08E-06
1.70E-05
1.10E-05
2.08E-05
2.24E-05
4.18E-06
8.85E-07
0
4.53E-07
1.03E-06
3.53E-07
1.11E-06
3.53E-06
1.83E-06
3.66E-06
1.84E-06
1.04E-06
3.58E-07
5.26E-07
6.43E-07
1.82E-06
5.07E-06
5.15E-07
0
8.14E-08
2.87E-08
3.71E-08
1.76E-07
5.73E-07
1.87E-07
5.53E-07
2.48E-08
3.34E-07
3.72E-07
1.23E-07
2.42E-08
1.21E-08
0
0
1.85E-07
8.16E-08
1.00E-11
3.00E-11
2.00E-11
8.49E-07
7.18E-06
1.31E-05
1.23E-06
1.18E-05
3.87E-05
0.000238495
1.85E-05
4.88E-07
0
3.60E-07
3.32E-09
1.12E-08
5.24E-07
2.03E-06
3.27E-06
1.87E-06
5.59E-05
0.0012252
0.00109528
0.000153057
0.000195204
0.00014286
0.000195568
3.27E-05
5.25E-05
2.01E-05
4.09E-06
2.23E-09
2.33E-08
6.65E-08
7.03E-07
0
1.31E-06
1.65E-05
4.75E-05
1.61E-05
5.20E-06
1.90E-10
2.44E-07
2.54E-07
2.48E-07
1.49E-07
0
2.01E-08
1.88E-07
8.59E-07
9.95E-07
1.09E-06
1.80E-06
2.46E-05
6.86E-05
9.98E-05
1.54E-05
4.86E-05
8.91E-05
1.47E-05
1.47E-06
2.48E-05
0.00010298
3.94E-05
2.12E-05
3.45E-05
4.78E-05
4.62E-05
1.03E-05
4.39E-06
6.85E-05
0.000480563
3.60E-05
2.39E-06
3.70E-09
1.96E-06
5.19E-06
5.29E-06
9.40E-06
2.12E-07
2.30E-06
4.37E-06
1.72E-05
2.00E-06
1.00E-05
7.78E-06
5.44E-06
1.30E-06
1.06E-06
1.49E-05
0.000106626
1.92E-05
2.70E-06
3.65E-06
3.17E-06
4.43E-06
1.14E-05
8.47E-06
3.94E-06
6.57E-06
3.01E-05
2.18E-05
1.92E-05
8.10E-05
1.45E-05
1.67E-05
3.61E-06
3.26E-05
3.00E-05
1.08E-05
3.16E-06
4.33E-07
2.86E-07
1.87E-05
0.000106286
2.84E-06
1.29E-05
3.51E-05
3.90E-06
5.57E-07
3.69E-07
1.97E-05
2.98E-05
2.58E-06
8.66E-06
0.000351293
6.13E-05
1.01E-05
1.87E-05
2.86E-06
3.85E-06
1.63E-05
1.21E-05
4.18E-06
2.02E-06
9.96E-07
3.41E-05
0.000144436
1.33E-05
5.48E-06
2.46E-05
9.39E-05
2.13E-05
5.78E-05
1.47E-05
1.45E-05
3.58E-05
6.31E-05
7.35E-05
5.45E-05
7.49E-05
7.35E-05
2.85E-05
3.08E-05
4.72E-05
5.80E-05
4.75E-05
3.60E-05
9.66E-05
6.81E-06
3.97E-05
0.000196482
2.57E-05
5.78E-05
6.69E-05
7.84E-05
5.25E-05
3.33E-05
1.47E-05
3.05E-06
5.07E-05
4.69E-05
6.66E-05
4.54E-05
1.14E-05
2.84E-05
3.45E-05
6.00E-05
4.09E-05
4.64E-05
7.29E-05
2.97E-05
9.80E-05
7.50E-05
3.87E-05
7.41E-06
1.01E-05
1.83E-05
2.93E-05
9.42E-05
2.11E-05
2.85E-05
5.09E-06
4.06E-05
2.97E-06
1.17E-05
1.70E-05
8.44E-07
6.87E-06
1.54E-05
1.40E-05
2.61E-06
2.14E-06
2.59E-06
1.48E-06
3.04E-05
3.17E-05
0.000129416
0.000161051
0.000114854
9.15E-05
3.63E-05
4.46E-05
9.43E-06
1.59E-05
2.25E-05
7.49E-06
2.50E-05
4.32E-05
8.63E-06
1.56E-07
5.55E-07
1.60E-05
1.47E-05
3.90E-05
2.01E-05
3.71E-05
1.67E-05
3.25E-05
0.000392619
1.52E-05
6.97E-06
4.30E-05
4.30E-05
9.09E-05
6.82E-05
7.57E-05
1.08E-05
4.77E-06
1.30E-07
7.45E-07
2.54E-06
0.000150129
0.000783049
3.70E-06
8.53E-08
2.51E-08
4.44E-07
2.08E-06
1.89E-05
3.60E-05
3.16E-05
2.33E-05
4.68E-06
1.84E-06
5.53E-09
4.09E-08
2.35E-06
5.70E-06
2.97E-06
4.02E-05
7.88E-05
2.10E-05
4.93E-06
2.18E-07
5.81E-07
1.98E-06
2.51E-06
1.25E-05
0.000187283
0.000243814
2.47E-05
5.22E-05
0.000130557
8.30E-05
5.20E-05
1.83E-05
1.99E-05
4.01E-05
4.01E-05
4.60E-06
6.96E-07
1.74E-06
1.38E-05
5.40E-05
1.49E-05
4.87E-06
3.75E-06
1.92E-08
2.70E-10
1.58E-07
1.42E-06
1.52E-06
7.34E-07
4.70E-07
4.81E-07
2.10E-06
1.41E-06
9.52E-07
1.27E-06
1.24E-05
3.92E-05
0.000201309
0.000163456
2.17E-05
2.20E-06
1.45E-06
2.47E-06
4.24E-06
1.42E-06
2.69E-08
2.02E-07
3.26E-05
9.80E-05
4.11E-05
1.26E-05
4.91E-06
2.65E-06
3.37E-06
1.28E-06
1.72E-06
2.05E-07
3.65E-07
5.12E-07
2.09E-06
1.44E-06
8.60E-07
1.74E-06
1.96E-06
3.00E-06
3.39E-06
2.67E-05
3.16E-05
1.74E-05
2.38E-06
3.85E-06
6.67E-07
6.75E-06
2.09E-05
2.44E-06
9.85E-07
1.18E-06
6.52E-06
9.48E-07
1.24E-07
8.75E-08
2.66E-07
1.69E-08
1.69E-07
1.69E-07
1.53E-08
6.00E-10
2.97E-08
0
0
1.77E-08
6.25E-07
7.67E-07
7.54E-07
1.34E-06
3.40E-06
5.75E-08
1.19E-06
9.66E-07
4.33E-06
2.53E-06
1.91E-06
6.99E-07
8.85E-06
1.00E-05
3.69E-05
1.92E-05
3.22E-05
4.41E-05
2.15E-05
0
0
3.00E-11
7.67E-09
1.10E-06
9.24E-06
2.86E-05
2.04E-05
2.67E-07
2.04E-09
2.22E-08
5.10E-07
5.29E-06
2.05E-05
2.34E-05
5.64E-05
8.47E-08
5.56E-06
7.58E-06
1.07E-05
1.14E-06
1.09E-07
4.65E-07
9.80E-07
7.10E-07
2.90E-05
6.81E-05
8.82E-05
0.00108032
0.00104478
0.000238178
9.29E-05
0.000114543
5.30E-05
6.01E-05
4.72E-05
0.000154853
0.000105586
0.000124837
0.000116342
0.000129346
3.72E-05
8.39E-05
0.000283239
0.000132993
5.12E-05
6.09E-06
3.66E-05
6.05E-05
6.46E-05
5.46E-05
4.02E-05
5.00E-05
7.29E-05
1.64E-05
5.56E-05
5.08E-05
1.09E-05
8.29E-05
9.34E-05
2.17E-05
3.88E-05
0.000221159
0.000277279
1.62E-05
9.22E-06
8.91E-06
5.42E-05
4.02E-05
5.66E-05
9.78E-05
3.89E-05
0.000239596
4.94E-05
2.97E-06
3.03E-05
1.66E-05
5.08E-05
3.32E-05
1.62E-05
6.93E-07
2.35E-07
1.18E-05
3.15E-05
2.96E-06
3.98E-05
0.000144221
9.77E-05
5.52E-06
3.61E-05
5.47E-06
4.37E-07
1.27E-06
8.18E-07
1.72E-06
6.11E-08
2.92E-06
2.59E-05
0.000173169
2.89E-05
8.03E-05
1.68E-05
7.34E-05
0.000529292
3.34E-05
2.86E-05
2.54E-05
2.27E-05
0.000100701
5.68E-06
1.00E-05
2.00E-05
3.62E-07
1.43E-05
2.54E-05
2.38E-05
2.24E-05
1.27E-05
1.36E-05
4.86E-06
1.04E-06
8.89E-07
2.56E-06
9.07E-07
0.00012378
2.47E-05
0.000109115
6.89E-05
5.60E-05
3.51E-05
6.66E-05
8.60E-05
2.04E-05
2.11E-05
2.43E-05
7.81E-06
5.03E-05
5.17E-05
8.32E-05
5.19E-05
6.46E-05
2.85E-05
0.000232887
5.58E-05
0.000130277
1.51E-05
3.70E-05
6.25E-05
7.76E-05
1.42E-05
2.47E-05
0.000182943
3.63E-06
1.77E-05
9.31E-05
2.95E-05
8.07E-05
8.91E-05
0.00019938
2.38E-06
1.84E-05
1.13E-05
3.62E-06
2.71E-05
6.48E-05
7.66E-05
3.51E-05
3.17E-05
3.65E-05
3.59E-05
2.38E-05
2.37E-05
8.02E-05
5.30E-05
3.58E-05
4.14E-06
4.40E-06
0.000272038
8.03E-05
1.97E-05
3.47E-05
1.55E-05
6.90E-05
3.30E-07
7.38E-06
3.59E-05
7.88E-06
1.27E-06
4.39E-06
1.91E-05
9.47E-06
7.59E-06
1.18E-05
3.04E-05
1.12E-05
1.69E-05
1.44E-05
1.10E-05
1.09E-05
2.53E-05
8.14E-06
4.00E-06
1.79E-05
1.93E-05
1.17E-06
2.19E-06
8.31E-06
1.79E-06
2.04E-05
4.81E-05
3.18E-05
2.67E-05
2.00E-06
1.28E-05
1.12E-05
7.50E-05
1.09E-06
7.13E-07
1.40E-07
1.80E-06
6.40E-06
4.40E-05
2.27E-05
1.41E-05
9.32E-06
9.42E-05
0.00074853
0.00070757
0.000327392
8.56E-06
5.35E-05
1.30E-05
1.50E-05
1.97E-06
4.83E-07
9.99E-07
3.49E-06
1.25E-06
8.57E-07
1.28E-05
1.84E-05
3.81E-06
2.29E-06
8.19E-06
1.41E-07
2.20E-07
2.95E-05
0.00027736
0.000135128
0.000128004
6.81E-05
6.66E-06
3.81E-05
0.000105131
1.65E-06
2.39E-06
8.58E-06
3.50E-05
8.35E-05
4.78E-06
4.90E-05
0.000154814
7.39E-05
5.81E-07
1.37E-05
1.72E-05
1.13E-06
8.18E-07
2.64E-07
3.66E-07
3.27E-08
1.00E-11
0
0
1.03E-07
1.13E-07
2.45E-09
1.00E-11
5.00E-11
5.20E-08
4.51E-07
5.17E-07
4.31E-06
2.11E-05
1.65E-05
3.89E-05
2.55E-05
2.94E-05
7.13E-08
3.64E-07
5.67E-07
5.09E-07
7.21E-06
1.10E-05
4.78E-06
7.06E-06
8.84E-06
2.04E-06
2.02E-06
1.91E-07
1.67E-06
9.72E-06
3.37E-06
1.47E-07
6.35E-08
2.72E-07
1.26E-06
1.83E-06
1.90E-06
3.72E-06
1.18E-05
1.42E-06
2.52E-06
4.14E-07
0
2.08E-07
2.79E-07
7.65E-07
1.64E-06
3.96E-07
2.73E-06
1.21E-05
5.14E-05
2.76E-05
6.30E-06
1.73E-06
1.09E-06
2.45E-06
9.02E-07
2.17E-07
1.63E-07
0
7.75E-07
4.22E-07
4.84E-07
4.28E-07
2.48E-06
1.83E-06
1.00E-11
2.46E-07
1.41E-07
0
1.60E-07
1.87E-07
1.78E-06
2.94E-06
2.08E-06
5.67E-06
5.26E-07
6.21E-06
2.90E-06
2.54E-07
5.34E-08
7.99E-09
3.86E-08
7.83E-06
1.79E-05
1.67E-06
1.21E-08
2.81E-05
1.96E-05
3.38E-05
7.06E-05
0.000105172
7.94E-05
6.05E-05
2.50E-05
2.67E-05
7.12E-06
5.05E-06
1.41E-06
1.31E-06
3.27E-06
2.40E-05
1.77E-05
2.00E-06
3.25E-06
9.35E-07
1.80E-06
3.21E-05
0.000435619
0.000353598
3.06E-08
9.63E-07
8.81E-07
1.85E-06
3.79E-07
7.15E-07
3.84E-08
3.18E-08
2.64E-07
1.13E-06
1.69E-06
2.74E-07
0
3.91E-07
8.88E-06
1.35E-05
1.12E-06
1.45E-06
7.51E-06
9.67E-06
5.69E-06
7.32E-06
2.66E-05
0.00011305
9.08E-05
0.000109802
3.16E-05
2.19E-05
8.15E-07
2.02E-05
6.09E-05
3.92E-05
5.50E-06
4.22E-08
7.94E-07
2.17E-06
6.70E-05
3.03E-05
2.65E-05
0.000138982
0.000151559
2.87E-05
3.62E-06
2.00E-05
4.71E-05
5.28E-05
2.05E-05
1.13E-05
2.29E-05
4.27E-05
0.000159675
0.000843732
0.00103053
7.77E-05
6.39E-05
3.85E-05
1.07E-05
3.92E-06
1.15E-05
1.96E-05
2.50E-05
1.41E-05
8.30E-06
4.21E-05
2.72E-05
0.000123646
1.99E-05
2.19E-05
1.41E-06
7.88E-06
6.10E-06
2.19E-06
1.07E-05
1.28E-06
1.14E-05
2.80E-05
2.16E-06
2.77E-06
7.30E-07
1.98E-06
1.09E-05
1.40E-05
2.08E-05
8.58E-06
1.69E-05
1.36E-05
3.88E-06
1.97E-06
5.39E-06
2.97E-06
3.40E-05
9.45E-05
2.09E-05
5.53E-05
3.31E-05
8.13E-06
3.60E-05
3.87E-06
8.26E-06
1.00E-06
4.09E-06
1.50E-05
5.96E-05
4.34E-05
0.000145351
6.30E-05
8.21E-05
0.000270282
4.99E-05
5.23E-05
7.76E-05
0.00015809
8.77E-05
0.000129231
0.000272369
0.000114848
0.00036826
0.000157084
4.83E-05
6.46E-05
6.61E-05
4.04E-05
4.91E-05
8.11E-05
6.30E-05
3.67E-05
9.67E-05
1.68E-05
9.80E-06
4.38E-05
2.46E-05
3.28E-05
6.27E-05
6.07E-06
2.75E-06
2.31E-05
4.09E-05
3.72E-05
4.63E-06
1.38E-06
4.78E-07
1.34E-05
2.40E-06
3.94E-06
3.40E-05
1.25E-05
3.48E-05
3.84E-05
1.86E-05
2.12E-05
3.92E-05
6.08E-05
8.47E-06
4.49E-05
0.000146647
0.000658941
0.000192654
4.55E-06
5.82E-05
5.09E-05
1.52E-05
2.28E-05
0.000241104
9.96E-05
2.75E-05
0.000136931
0.000293612
0.000184917
1.22E-05
8.03E-05
5.54E-05
7.04E-05
2.52E-06
4.26E-05
8.06E-05
0.000624841
0.000150831
0.00010069
0.000733315
0.000364296
8.40E-05
4.70E-05
2.79E-05
3.10E-05
0.000103749
1.19E-05
1.94E-05
9.20E-05
4.92E-05
2.83E-05
3.44E-06
2.39E-05
0.00016528
2.95E-05
4.51E-05
4.50E-05
1.57E-05
0.000114365
9.76E-05
0.000101707
3.58E-05
1.74E-05
2.25E-05
4.74E-05
0.00013509
0.000679918
0.000840115
5.16E-05
7.29E-06
2.71E-05
5.86E-05
2.51E-05
1.28E-06
4.94E-05
2.71E-06
4.74E-06
4.94E-05
9.92E-05
9.09E-05
2.36E-05
7.98E-05
5.18E-05
6.15E-05
4.02E-05
4.25E-05
4.37E-07
3.61E-05
0.000262263
0.000359966
2.42E-05
4.17E-07
3.48E-07
3.33E-06
6.76E-05
9.50E-05
2.61E-06
3.96E-06
1.69E-05
4.96E-07
1.31E-07
8.61E-07
4.49E-07
2.17E-06
9.28E-06
3.31E-05
2.11E-05
1.70E-05
3.75E-05
5.57E-05
2.76E-05
2.72E-05
1.25E-05
1.45E-06
2.08E-07
3.39E-06
3.36E-06
1.18E-05
1.97E-05
6.56E-06
5.35E-06
4.13E-06
1.05E-05
1.40E-05
6.41E-06
1.11E-05
2.98E-06
3.71E-06
3.61E-06
1.09E-06
2.57E-06
1.39E-06
1.68E-06
2.14E-06
1.87E-06
2.42E-06
1.12E-06
2.10E-10
3.00E-07
7.08E-06
1.09E-05
2.52E-07
1.02E-09
2.04E-07
1.11E-07
4.04E-07
6.03E-06
4.76E-06
1.06E-06
1.65E-06
2.53E-07
1.36E-06
1.88E-06
7.20E-06
7.82E-06
1.01E-05
1.15E-05
1.57E-06
0
8.43E-09
1.40E-08
3.54E-07
7.71E-08
5.20E-10
3.77E-08
2.41E-07
4.35E-07
6.22E-07
3.37E-08
4.42E-07
4.14E-07
2.50E-06
5.86E-06
2.24E-06
2.07E-06
2.14E-06
3.02E-07
2.01E-07
7.57E-07
3.36E-06
3.05E-06
8.60E-07
5.58E-07
1.63E-06
5.25E-07
3.83E-07
1.08E-06
2.39E-06
2.55E-06
5.64E-07
1.55E-06
2.49E-05
4.41E-05
2.85E-05
1.64E-06
2.39E-07
8.06E-06
1.09E-05
5.60E-06
1.22E-08
1.79E-07
1.35E-07
1.54E-08
3.25E-07
1.70E-07
4.06E-06
1.80E-05
2.79E-05
4.66E-05
4.75E-05
3.82E-05
2.64E-05
6.26E-05
8.72E-05
6.40E-05
3.61E-06
8.75E-08
2.41E-06
3.59E-06
8.24E-07
3.30E-06
1.30E-05
0.000124565
1.19E-05
5.59E-08
2.98E-05
6.44E-05
0.000465795
2.72E-05
5.78E-05
3.88E-05
7.20E-09
8.88E-06
0.000156418
5.63E-05
9.15E-06
3.02E-05
6.01E-05
7.43E-06
1.50E-05
1.68E-05
2.88E-05
6.08E-06
4.74E-05
8.05E-06
9.11E-06
8.63E-07
6.60E-07
2.57E-06
2.94E-05
5.78E-05
5.21E-05
5.30E-05
0.000810529
0.000301325
0.000191033
5.34E-05
0.000140904
2.89E-05
3.60E-05
4.59E-05
0.00011873
9.83E-05
2.70E-05
7.75E-05
0.000105665
0.000336865
0.000118893
9.43E-05
0.000192829
8.42E-05
1.79E-05
1.89E-06
4.31E-06
2.38E-06
5.80E-06
9.81E-06
3.35E-05
3.10E-05
7.58E-05
4.96E-05
0.000107521
1.02E-05
5.83E-05
4.73E-05
4.44E-05
3.97E-06
1.02E-06
9.70E-06
2.73E-05
1.60E-05
3.97E-06
5.23E-05
0.000104052
4.81E-05
8.21E-06
2.23E-06
2.16E-06
1.32E-05
9.94E-05
1.96E-05
4.90E-05
2.09E-05
1.15E-05
1.40E-05
2.07E-05
2.80E-05
9.60E-06
1.82E-05
2.87E-05
3.55E-05
9.78E-05
0.000137316
1.08E-05
5.90E-05
5.39E-05
0.000219181
0.000150889
1.57E-05
6.59E-06
3.29E-06
2.54E-06
3.06E-06
3.35E-06
1.69E-05
4.24E-06
8.03E-06
9.10E-06
3.11E-05
2.79E-05
4.59E-06
3.57E-05
1.45E-05
1.31E-05
1.59E-05
4.47E-05
7.27E-06
1.39E-05
2.40E-05
8.78E-06
6.64E-05
4.62E-06
3.44E-05
5.35E-06
1.10E-05
4.39E-05
1.23E-05
1.56E-05
2.03E-05
9.04E-05
6.18E-05
0.000117145
2.74E-05
6.67E-05
2.52E-05
5.48E-05
5.59E-05
5.47E-05
3.88E-05
3.67E-06
6.27E-05
3.75E-05
2.14E-05
3.77E-05
4.36E-06
5.04E-05
4.02E-05
7.95E-05
0.000328472
0.000388392
2.20E-06
8.06E-05
0.000301314
0.000143582
8.93E-06
1.11E-05
1.19E-05
6.03E-05
9.91E-05
7.18E-05
0.000233509
7.92E-05
4.49E-07
8.97E-06
1.71E-05
6.97E-05
4.25E-05
8.64E-06
4.31E-05
4.66E-05
9.32E-05
6.76E-05
1.38E-05
8.30E-06
1.22E-05
6.81E-06
3.14E-05
1.90E-05
4.01E-05
4.70E-05
6.15E-05
0.000102808
1.39E-05
4.42E-06
1.92E-06
1.56E-06
2.00E-05
7.76E-06
0.000221385
2.71E-05
0.000182131
2.68E-05
5.01E-05
0.000132908
0.000556893
3.96E-06
2.21E-06
1.21E-05
5.99E-05
3.28E-05
1.38E-05
8.59E-06
4.13E-06
4.45E-07
2.99E-06
8.29E-05
0.000544731
0.000426618
1.92E-07
2.42E-09
0
0
2.38E-07
1.32E-06
1.52E-06
5.53E-07
1.64E-06
3.94E-05
0.000155434
6.29E-05
0.000165875
0.000424196
1.23E-07
9.52E-07
4.11E-06
7.58E-06
2.96E-05
5.57E-05
0.000403789
0.000281083
6.56E-05
6.42E-05
3.22E-07
1.58E-07
4.38E-07
5.02E-07
7.05E-07
7.84E-07
2.38E-07
6.16E-06
1.32E-06
1.22E-07
8.44E-08
4.17E-07
3.67E-08
1.48E-07
9.39E-08
3.70E-07
1.40E-06
3.12E-06
9.08E-06
1.48E-05
2.27E-06
3.27E-07
1.14E-06
4.61E-07
5.49E-07
4.09E-06
1.19E-05
3.95E-06
1.13E-05
4.14E-05
3.32E-05
1.15E-05
3.79E-06
1.08E-05
2.01E-05
7.56E-06
1.07E-05
6.31E-07
1.49E-06
3.15E-06
5.76E-09
2.23E-06
4.29E-06
4.72E-06
1.17E-05
1.50E-05
7.05E-06
0
1.64E-07
7.95E-07
1.32E-06
2.02E-06
1.92E-07
2.09E-06
1.78E-06
6.17E-08
2.26E-07
3.83E-07
1.35E-06
2.75E-06
1.55E-05
7.27E-06
1.46E-05
1.18E-05
1.10E-06
4.71E-07
9.56E-07
1.03E-05
3.97E-05
6.18E-06
5.88E-06
1.91E-07
2.75E-07
9.79E-07
1.89E-06
2.08E-06
3.94E-06
4.92E-06
5.07E-06
6.61E-06
1.02E-05
2.33E-06
9.42E-07
3.77E-06
3.42E-06
0
3.70E-10
1.60E-07
7.77E-06
2.55E-06
6.59E-06
9.24E-06
9.65E-06
4.25E-06
5.84E-06
1.06E-05
6.02E-06
9.71E-07
6.20E-07
2.82E-06
2.43E-06
5.66E-06
3.18E-06
6.06E-07
5.99E-07
7.77E-08
1.20E-06
1.10E-06
6.40E-07
1.79E-07
0
3.25E-08
7.58E-08
4.10E-09
1.72E-07
1.05E-05
2.84E-05
3.31E-05
4.54E-05
4.02E-06
2.20E-06
1.31E-08
0
2.00E-11
4.69E-08
0
0
0
7.41E-09
2.33E-08
1.50E-10
6.00E-11
8.82E-07
1.71E-07
8.63E-07
2.40E-07
4.50E-06
1.78E-05
2.95E-05
6.87E-05
6.74E-05
1.48E-05
3.36E-05
5.10E-06
4.65E-05
1.73E-05
2.41E-05
3.96E-06
2.00E-10
1.03E-06
6.01E-06
2.49E-07
2.88E-06
5.69E-05
3.03E-05
1.77E-05
4.31E-07
8.37E-05
2.39E-06
3.65E-06
7.36E-05
8.51E-05
3.43E-05
2.11E-05
7.19E-07
5.79E-07
2.39E-06
2.52E-07
2.20E-06
1.27E-06
3.72E-05
0.000124714
0.000207318
8.79E-05
0.000100818
0.000648947
4.90E-05
8.12E-06
3.46E-05
0.000118099
6.54E-05
3.48E-05
5.02E-05
4.80E-05
9.35E-05
7.72E-06
1.19E-05
1.57E-05
1.90E-05
3.19E-05
2.04E-05
3.87E-05
8.71E-05
6.94E-05
2.02E-05
3.73E-05
3.17E-05
0.000129389
3.93E-05
1.29E-05
2.81E-05
9.80E-05
3.38E-05
7.24E-05
1.50E-05
1.41E-05
2.89E-06
6.77E-07
1.34E-06
3.60E-06
2.80E-05
5.61E-05
7.93E-05
4.68E-05
0.000139422
7.71E-07
8.92E-07
1.10E-05
7.35E-06
5.05E-06
2.24E-05
4.78E-05
0.000119113
3.99E-05
8.02E-06
2.01E-06
1.30E-05
3.67E-05
5.37E-05
9.39E-06
1.58E-05
2.02E-05
1.45E-05
1.37E-06
1.65E-06
2.89E-07
3.31E-06
1.00E-05
7.31E-06
0.000105913
0.000380022
2.81E-05
1.08E-06
4.71E-06
1.94E-05
4.56E-05
3.01E-05
7.40E-06
9.50E-06
3.52E-05
1.90E-05
8.52E-06
9.49E-07
8.30E-07
4.80E-08
1.57E-06
9.48E-07
2.07E-06
2.98E-06
7.90E-06
3.59E-05
1.06E-05
3.91E-06
4.08E-05
3.86E-05
2.43E-06
9.52E-06
1.84E-05
7.27E-06
2.33E-05
4.83E-07
3.91E-06
7.57E-06
4.74E-06
3.72E-05
0.000103254
0.000130572
6.03E-05
2.07E-05
1.10E-05
7.63E-05
8.45E-05
5.71E-06
1.05E-06
1.95E-07
9.34E-07
1.22E-05
4.24E-06
1.02E-05
2.59E-06
6.38E-07
5.61E-08
3.80E-06
2.33E-05
2.47E-05
0.000133737
0.000245881
5.06E-05
1.21E-05
1.10E-05
2.06E-05
3.61E-05
5.93E-07
2.55E-05
3.91E-05
6.44E-06
9.89E-06
2.20E-05
7.02E-06
1.04E-05
1.03E-05
5.28E-05
0.000168692
2.87E-05
1.98E-05
3.59E-05
3.31E-05
1.40E-05
2.33E-05
3.39E-05
1.66E-05
1.59E-05
5.74E-06
1.09E-05
3.34E-05
4.18E-05
1.56E-05
3.70E-05
0.000127334
2.09E-05
0.00010403
2.91E-05
1.77E-05
1.59E-05
4.03E-06
6.46E-06
8.12E-06
2.45E-05
1.93E-05
7.30E-06
2.78E-05
2.92E-05
6.14E-05
1.93E-05
1.10E-05
1.20E-05
7.89E-07
9.43E-06
8.82E-05
2.79E-05
5.42E-07
3.65E-06
4.49E-05
0.000233769
0.000168726
2.05E-05
2.41E-06
7.90E-07
6.09E-06
1.55E-06
1.28E-06
1.58E-06
6.59E-05
1.38E-06
3.37E-07
0.000142241
0.000311527
7.06E-06
2.20E-06
2.04E-06
6.25E-06
2.33E-05
5.02E-05
3.63E-05
5.83E-05
3.80E-05
7.38E-05
7.84E-06
1.75E-05
0.000537487
0.000148414
2.63E-06
2.93E-06
4.47E-06
2.92E-06
5.55E-06
1.56E-06
1.18E-07
1.57E-06
7.07E-06
4.73E-06
1.77E-06
2.72E-06
5.34E-06
4.95E-06
2.08E-05
4.35E-05
1.96E-05
9.61E-06
1.89E-05
6.57E-07
1.20E-06
4.14E-06
1.71E-07
0
0
2.88E-07
9.44E-07
1.43E-06
3.20E-06
5.94E-06
4.03E-06
6.95E-06
6.09E-06
1.92E-06
1.63E-06
4.63E-06
1.35E-05
1.06E-05
1.46E-05
1.09E-06
4.80E-06
2.21E-05
3.45E-05
6.21E-06
4.40E-06
3.77E-06
9.31E-06
1.03E-06
0
0
2.83E-07
1.97E-05
8.10E-05
8.27E-05
9.35E-06
2.45E-07
4.21E-07
2.66E-07
1.21E-06
2.50E-06
1.92E-06
1.51E-06
3.37E-07
1.98E-08
0
3.61E-07
6.07E-06
3.06E-06
4.66E-07
5.60E-08
2.45E-07
3.30E-07
1.18E-07
2.19E-06
3.02E-06
7.42E-06
1.13E-05
4.64E-06
6.19E-06
7.87E-06
1.69E-05
9.21E-06
1.76E-05
2.51E-06
5.63E-06
1.85E-06
2.51E-06
1.78E-06
1.20E-06
4.69E-05
6.86E-05
4.26E-05
5.30E-06
7.08E-06
1.77E-05
9.08E-06
2.07E-06
5.18E-06
7.11E-07
6.84E-07
2.05E-05
1.77E-05
1.91E-05
9.06E-07
4.69E-06
1.40E-05
5.68E-06
4.63E-06
1.38E-05
2.06E-05
2.43E-05
5.56E-06
1.85E-07
0
3.00E-11
9.76E-08
4.04E-06
1.25E-05
1.16E-05
3.97E-05
8.11E-05
9.65E-05
1.53E-08
0
0
3.35E-08
3.43E-07
7.24E-07
2.10E-06
5.66E-06
0
2.00E-11
0
0
6.63E-08
2.77E-06
1.24E-05
2.93E-05
0.000171685
7.15E-05
1.06E-06
7.59E-08
2.95E-07
2.59E-07
5.48E-06
5.68E-05
0.00010194
0.000104557
6.09E-05
6.89E-05
0.000145705
0.000101298
0.000100093
8.11E-05
1.41E-05
5.58E-05
9.59E-05
0.000570085
6.07E-05
8.35E-05
7.62E-06
4.65E-06
1.73E-05
3.52E-05
1.91E-05
2.53E-05
8.15E-05
9.94E-05
9.54E-05
4.05E-05
6.37E-05
1.07E-05
1.64E-05
0.000109313
0.000148815
3.14E-05
0.000114126
7.28E-05
3.77E-06
1.44E-06
7.50E-06
1.95E-05
9.65E-05
8.82E-05
2.85E-05
3.79E-06
1.23E-05
2.69E-05
1.38E-05
4.97E-05
0.00010696
2.83E-05
3.14E-05
1.58E-05
0.000100421
2.57E-05
6.72E-06
1.17E-05
2.59E-05
4.62E-06
5.90E-06
1.66E-05
1.23E-05
1.98E-05
7.32E-06
1.99E-05
6.27E-05
4.88E-05
4.06E-05
1.22E-06
6.06E-06
2.60E-05
7.11E-05
4.43E-05
6.11E-06
2.32E-05
4.07E-05
4.95E-05
3.95E-05
3.10E-05
0.00011262
0.000103594
1.50E-05
0.000122954
8.06E-05
0.000144113
0.000572419
0.000763542
0.000349459
0.000368168
0.000157969
2.65E-05
9.32E-05
1.34E-05
5.83E-05
5.75E-05
5.07E-05
3.46E-05
4.98E-05
9.89E-05
7.47E-05
0.000111651
0.000130095
6.57E-05
6.28E-05
8.12E-06
1.04E-05
3.90E-06
1.79E-05
1.60E-05
2.87E-06
3.84E-05
4.81E-05
9.41E-05
0.000333013
4.28E-06
1.15E-05
4.30E-05
1.05E-05
0.000104011
6.39E-05
3.46E-06
1.47E-05
6.01E-06
1.35E-06
2.40E-06
1.74E-05
1.42E-05
3.74E-05
3.91E-05
2.68E-05
4.24E-05
5.07E-05
2.81E-06
4.71E-06
6.01E-06
2.39E-05
1.70E-05
4.03E-05
0.000174051
1.21E-05
2.73E-05
1.09E-05
4.93E-06
1.19E-06
1.37E-05
3.22E-05
3.62E-05
3.84E-05
3.82E-05
2.59E-05
0.000270646
2.17E-05
1.57E-05
2.19E-06
1.30E-06
1.02E-05
2.69E-05
3.81E-05
1.79E-05
1.74E-05
4.81E-06
3.63E-06
3.04E-05
1.04E-05
1.39E-05
2.87E-05
3.68E-05
6.16E-05
2.13E-05
7.83E-05
6.88E-05
0.000130928
5.22E-05
1.45E-05
3.55E-07
1.97E-06
2.77E-06
5.73E-06
2.55E-05
1.45E-05
1.65E-05
2.72E-06
1.15E-06
1.84E-06
6.21E-06
2.78E-07
5.76E-07
3.11E-06
2.16E-06
9.61E-05
0.000113023
3.14E-06
2.44E-07
1.39E-06
1.15E-07
5.59E-08
1.67E-06
1.45E-06
4.58E-06
3.89E-06
1.36E-05
3.25E-06
2.39E-05
0.000535554
4.68E-05
6.36E-07
1.03E-05
1.02E-05
9.10E-06
9.40E-07
1.40E-07
5.30E-07
1.02E-05
3.72E-05
5.41E-06
4.09E-06
2.34E-06
2.91E-06
4.44E-06
3.99E-05
9.39E-05
0.000171375
5.74E-05
6.04E-06
2.40E-06
1.53E-05
1.90E-05
1.56E-06
2.16E-07
5.15E-05
4.28E-06
4.59E-06
7.81E-06
2.40E-05
5.17E-06
1.66E-06
2.78E-06
4.45E-06
5.41E-06
1.36E-05
9.11E-06
3.51E-05
1.22E-05
4.84E-06
1.45E-05
9.03E-06
1.04E-05
7.12E-07
1.50E-10
3.23E-09
5.90E-10
8.05E-08
1.28E-06
3.75E-06
4.22E-06
1.81E-06
1.31E-06
4.86E-07
