19930101
0
0
0
0
0
0
0
0
0
0
0
0
0
0
0
0
0
0
0
0
0
0
0
0
0
0
0
0
0
0
0
0
0
0
0
0
0
0
0
0
0
0
0
0
0
0
0
0
0
0.125172
1.33377
11.241
38.4873
15.4526
7.39025
24.2146
10.6884
9.90443
21.0844
0
13.3856
32.3519
8.79807
24.6064
21.3433
0
0
0
2.85935
0
0
0
0.712695
0
1.47592
5.35147
7.98815
17.1564
5.08474
6.07161
0
0
3.93335
0.734232
26.6071
16.5554
6.25323
16.2004
0
0
13.9331
33.7141
5.0715
0
2.87562
0
0
0
0
0
0
0
0
0
0
0
0.999
0
0
0
0
0
0
0
1.9726
0.289736
1.33321
0
15.2593
4.67787
1.5692
9.93667
0
0
0
0
11.1008
7.89609
14.7255
81.9845
24.8013
24.1137
0
0
0
1.86414
16.0757
0
0
0
0
0
0
0
0
43.2886
0.861395
0
0
0
0
2.06797
0
1.72514
1.52182
0
0
1.23284
35.2832
0
0
0
0
0
0
0
1.32702
0.571087
3.25879
8.5024
0
0
30.0382
14.9248
0
0
14.3258
0
12.814
16.9208
0
0
0
2.13156
0
0
0
0
17.184
0
0
0
2.22377
0
3.42114
0
5.79563
0
0
8.70694
0
6.75311
3.13094
0
5.50969
1.79289
56.9042
0
0
23.2577
0
0
0
11.1273
32.8929
17.2126
0
0
24.4006
43.4597
2.53792
55.7652
0
6.93958
38.3897
23.8126
0
0
0
2.54122
54.5051
0
0
0
9.79988
0
0
0
31.4341
0
34.9674
26.4777
0
0
3.58255
22.1831
2.65209
0
0
0
43.9939
0
0
0
1.92034
33.8029
46.5853
0
0
0
0
0
0
0
0
0
0
0
0
4.39236
0
0
1.21038
0
0
47.5986
59.8447
4.46495
0
0
0
0
0
7.48694
0
0
0
0.0819745
0
0
0
0
50.8115
0
0
0
0
0
0
0
0
0
0
0
0
0
6.57615
0
4.22552
1.65195
0
1.28414
0
0
0
14.5399
0.54118
25.1689
0
0
0
0
0
0
0
0
0
0
0
3.80831
0
1.48482
1.96625
0
0.999
0.12326
0
0
0
0
0
0
5.84337
0
0
9.49014
0
0
0
0
5.97523
0
0
0.11961
0.0210339
1.16587
0
0
0
0
0
0
0
0
0
0
0
0
0
9.00039
0
0
0
0
0
0
0
0
0
0
0
0
0
0
0
0
0
0
0
0
0
0
0
0
0
0
0
0
0
0
0
0
0.695759
5.82559
0
0
0
0
0
6.88367
0
0
0
0
0
0
0
0
0
0
0
0
0
0
0
0
0
0
0
0
0
0
0
0
5.13763
0
0
0
0
0
0
0
0
8.13859
0
0
0
0
0
0
0
0
0
0
1.56996
0
0
0
10.8143
5.72978
0
0
0
0.619166
1.23148
0
4.96063
6.47089
16.5002
0.575269
3.41375
0.10268
0
10.8453
0
0
0
0
0
0
0
0
0
0
0
0
0
0
0
0
0
3.7065
0
0.300274
0
2.26891
0
3.4856
3.71446
15.4492
0.365798
3.64248
3.16344
0
2.65216
1.86881
15.0595
0
0
0
4.83994
0
0
4.02279
8.07242
0
29.8329
9.26157
0
0
0
0
0
11.4436
12.0186
0
8.514
13.422
25.9061
0
0
0
4.55053
42.5083
20.4057
0
50.1614
2.66171
18.835
22.0529
9.80398
0.191749
2.27585
0
0
0
0
14.5401
0
18.723
13.183
0
5.33227
9.16892
7.94219
0
0
0
0
0
6.09379
0
0
0
0
15.9677
0
0
0
0
0
1.24822
0.340682
68.4551
0
0
0
19.594
0.302134
0
0
7.50439
9.66208
2.93403
14.8345
6.88801
0
14.4796
6.10214
33.5759
7.85172
0
0
8.72692
11.8828
8.51475
4.37352
14.8345
28.6423
27.1871
20.2953
39.2988
0
6.61214
0.918095
0
0
0
0
0
0
0
0
0
59.2487
15.9906
46.2269
29.1237
44.6799
0
0
0
33.6088
0
0
0
0
0
4.48072
5.85078
20.5097
6.62278
0
0
0
0
63.8817
0
0.594252
10.6451
0
0
0
0
41.9813
0
0
2.71279
0
0
0
19.0447
0
0
0
0
8.77123
0
9.20129
0
3.43934
0
0
0
0
0
0.242571
0
34.0529
3.13421
0
6.60424
0
5.37482
17.9295
1.6599
1.79979
0
17.6867
21.5027
0
0
0
0
0
0
0
0
0
0
0
0
0
0
1.29662
0.214888
0
0
0
0
0
2.4776
0
0
0
0
0
0
0
0
0
0
0
0
0
0
0
0
0
0
0
0
0
0
0
0
0
0
0
0
0
0
0
0
0
0
0
0.544681
6.34676
0
0
0.226581
4.56657
0.322718
0
0
0
0
0
0
0
0
0
0
10.8442
0
1.42878
0.999
0
1.92948
2.68383
0
0
0
0
2.60212
0
0
0
0
0.765467
0
0
0
0.12324
0
0
0
0
0
0
0
0
0
0
0
0
0
0
0
0
0
0
0
0
0
6.82893
0
0
4.30234
4.03131
42.3731
0
0
0
0
0
0
0
0
5.66147
2.30283
12.8897
7.66442
18.1547
0.695797
0
32.6507
1.75486
17.8345
69.8908
46.0433
1.7823
12.2062
25.3267
11.7401
0
29.65
4.61881
42.4451
3.01411
0
0
0
0
0
0
1.4827
7.87604
8.3283
0
3.2143
9.84772
17.6627
0
2.6807
1.14806
3.94438
0
1.72963
14.816
0
3.61128
0
0
0
0
15.7009
0
3.61986
0
1.59571
0
0
0
0
0
3.83768
6.17733
5.33024
5.50441
9.3452
0
5.24403
79.7262
0
0
0
0
0.247207
0
9.26002
0
0
1.84834
0
3.84189
5.03681
0
3.60307
1.40771
25.9
2.55124
0
0
0
0
0
32.6126
9.07446
7.54579
11.4648
0
0
4.51833
0
35.1813
41.3785
0
0
0
0
34.1697
0
0
0
1.11249
0
0
0
0
0
0
11.7646
6.57286
0
3.13885
0
11.9558
0
0
15.1856
0
0
4.41207
5.54104
0
0
2.68463
0.655766
0
0
4.12434
0
3.75909
17.4219
0
0
0
2.7405
0.999
2.46929
2.25908
0
0
25.8869
14.5538
0
5.93616
0
0
13.9368
10.8977
0
28.7728
0
32.2589
0
0
0
23.1744
0
3.75118
17.7728
0
0
0
3.58778
0.798696
1.89838
16.3746
18.2828
1.39461
3.7404
32.3545
16.8052
0
0
0
0.18449
2.9051
10.4688
0
0
5.66077
0
8.57855
18.8499
7.54625
0
0
10.3047
17.3866
7.90749
16.9174
9.93314
6.01793
4.53842
0
0
0
0
0
1.20371
0
0
0
0
0
0
0
0
0
0
0
0
0
0
0
7.59501
0
0
0
0
0
0
0
0
0
3.75646
7.20061
6.31861
0
0
0
0
0
0
0.00685283
0
0
0
0
1.03704
0
0
0
0
0
0
0
0
0
0
0
28.34
0
0
0
0.665377
0
0
6.67533
0
0
15.7604
88.7178
24.1156
2.21652
8.02768
0
0
0
0
0
0
0
4.08448
17.1434
0
0
0
0
0
0
0
0
0
0
0
0
0
0.39213
0
4.23756
0
2.89075
2.2233
0
0
0
2.7925
12.4092
18.6634
0
0
3.73801
0
0
0
0
0
0
0
0
0
2.3667
0
0
0
0
1.62862
0
0
6.3099
0
0.50702
0
6.05233
32.4771
3.64431
0
0
0
0.117883
0
0
0.348974
0
0
0
0
0
0
0
0
0
3.71088
0.505591
0
0
0
0
0
0
0
0
0
31.1894
6.5585
0
3.96205
0.999
0
3.59622
0
0
0
0
0
38.6643
0
0
0
12.6466
4.79043
53.7055
0
0
0
0
0
0.270611
0
0
0
0
0
0
0
0
5.66805
0
0
0
12.2595
37.4276
105.453
6.90088
0
0
0
0
0
0
11.1703
0
0
0
0
16.6723
6.4581
0
133.086
70.3367
51.179
29.7893
78.8245
93.0392
10.215
0
0
0
1.32467
5.12053
0
0
0
0
7.96484
7.1942
0
0
0
0.972927
0
0
4.48438
0
0
0
0
0
0
0
0
8.87825
3.4795
0
0
0
2.21228
93.4074
0
1.67704
0
0
0
0
0
0
0
0
17.1633
16.2739
66.7009
10.7605
0
0.273634
0
0
0
0
0
0.930125
0
2.49763
0
0
5.89661
0
0
0
6.69987
0
19.5739
5.25158
0
0.999
3.48998
1.5777
6.33226
0
21.333
20.5145
0.75848
7.08508
0.653556
0
2.50509
38.7176
2.36569
3.20668
0
0
0
0
0
0
0
0
0
1.37749
2.49558
2.82843
0
0
21.8893
29.8514
0
0
0
0
12.7548
8.60207
0
11.4376
0
0
0
39.3878
52.349
0
0
22.164
0
0
0
0
2.07233
0
0
0
0
0
0
0
0
0
2.68257
0
1.47085
3.17887
0
3.03026
5.26844
2.31952
0
0
0
0
3.3515
0
0
0
1.78786
0
29.9854
0
0
0
0
7.58257
2.55856
0
0
0
5.17516
0
0
0
27.1309
0
5.97185
0
0
0
0
0
0
0
0
0
0
0
0
0
0
0
0.533384
4.61907
0
0
0
0
0
0
0
53.1079
14.205
6.78719
6.49022
10.4314
12.4876
0
2.84334
0
0
0
0
0
0
0
2.44068
0
20.5094
15.8731
4.53496
1.45692
2.90875
1.21925
2.72978
0
0
4.43976
0.249845
0
0
0
0
0
0
0
0
0
0
0
0
0
0
0
0
0
0
7.3063
6.75905
26.3839
0
0
0
3.25955
0
12.3517
0
23.324
18.6763
0
0
0
0
0
0
0
0
11.2422
0
0
0
0
0
0
0
0
0
0
0
3.03457
4.32637
0
0
0
0
0
0
0
0
0
0
0
8.12471
0
0
0
0
1.50735
9.82672
0
0
0
0
0
0
0
0
0
0
0
0
0
0
0
0
0
0
0
0
5.11531
0
0
0
0
0
0
0
0
0
0
0
0
0
1.33354
2.61816
0
0
0
3.79642
4.4731
0
0
0
0
0
0
0.570236
3.83262
6.19998
0
0
0.227746
0
1.88098
5.65137
3.24491
0
18.3189
0.430302
0
0
0
0
0
0
0
0
0
0
0
1.88674
0
0
0
0
0
0
0
0.694427
0
0
0
3.9884
7.69521
0
0
0
0
5.58708
0
0
15.8986
5.44791
2.86431
16.0505
4.81541
0
4.71548
0
0
2.34088
0
15.6158
6.28292
2.5502
30.4264
0
0
0
0
0
0
0
0
0
0
0
0
0
0
0
0
0
0
1.71704
4.1935
0
0
28.201
0
0
0
0.0206773
0
0
0
7.53588
0
0
0
0
0
0
0.175046
0
0
0
0
0
0
0
2.51272
0
1.54039
9.08698
9.78839
0
1.32766
0
0
24.8672
0
0
0.298161
0
0.22096
0
34.2475
10.5751
0
0
19.0555
81.4049
18.7536
0
39.0856
0
0
0
0
0
2.09828
19.336
21.0627
1.8817
27.5703
0
0
4.48937
6.49888
4.79354
7.96499
0
4.8154
0
35.9604
23.07
0
13.0646
0
0
0.353641
2.00944
12.1059
0.221897
0
0
27.7877
33.8402
0
35.0602
3.41481
0
0
3.86639
0
0
0
0
0
7.19735
0
0
0
0
0
2.12598
9.90667
20.1976
0
0
0
0
0
0
1.95763
0
0
0
0
0
0
0
0
0
4.09183
0
0
0
0
0
0
0
0
0
0
0
9.03925
0
3.54194
18.4957
3.70439
3.46558
0
0
0
0
0
0
0
0
0
7.8288
0
0
0
0
0
0
0
0
0
0
5.97821
9.51677
4.84829
8.86499
12.1958
1.01712
0
0
15.6559
1.34473
7.01098
4.87922
0
0
0
0
0
0
4.59142
0.566158
1.12646
0
4.00551
3.56196
0
0
0
0
0
0
0
0
0.6581
1.83668
0.395982
0
0
0
0
0
0
0
0
0
0
0
0
0
0
0
0
0
0
0
0
0
10.472
7.94795
20.0249
4.69661
0
0.335665
0
1.02889
0
0
0
0
6.01129
0
7.11428
0
0
9.7482
5.973
4.94542
4.38817
0
0
0
0
0
0
0
0
0
0
0
0
0
0.797056
0
0
0
25.2197
0
6.62896
0
0
0
3.52527
61.1871
0
0
0
0.453003
1.4177
13.7074
7.30659
3.18533
0.376898
0
0
5.25494
3.40625
0
44.8844
0
0
0
0
9.70943
7.94927
0
0
0
0
0
0
0
0
0
0
0
0
0
0
0.092526
17.6114
1.60019
2.07161
0
0
1.35429
6.31973
4.82923
5.89967
7.3628
24.9489
7.29842
0
6.26465
0
46.3705
84.0179
0
0
3.92357
3.93818
0
0
1.07312
0.783025
2.74717
0
0
0
0
15.9725
3.21646
14.8478
4.72825
4.53461
4.22077
1.30186
18.4902
0.336427
4.58519
0
0
56.1276
0
0
8.58669
33.9454
0
0
13.8712
70.7436
14.8271
0
0
0
31.5767
113.296
13.6113
53.7386
4.03449
9.00948
41.3639
36.8643
0
0
0
9.66273
0
27.9942
16.2328
2.43049
54.5323
0
17.0603
1.65703
23.9103
29.6699
6.61578
0
0
0
0
5.50017
4.29015
17.558
0
0
0
24.0112
48.6736
4.14481
0
4.19888
4.48247
27.6173
15.9719
14.5077
2.97066
0
1.55572
2.20794
0.283076
27.0337
1.11519
0
32.9076
39.0943
11.1391
51.9476
0
29.1443
3.25702
0
0
0
5.00985
0
0
0
0
0
0
0
0
0
34.5489
45.8263
6.34063
0
0
0
19.4649
0
0
1.97976
8.68173
0
64.9398
0
18.402
0
0
0
0
1.56195
2.30844
7.98671
0
0
0
0
0
0
12.3557
95.6509
0
0
2.62472
0
0
0
21.7538
0
0
1.88859
12.9747
0.797074
7.31531
23.1708
6.63677
0
0
0
0
4.33844
0
6.38511
57.9259
0
0
0
0
13.7437
1.93389
0
0
0
0
0
28.8015
0
0
3.24623
32.1902
11.0385
15.2646
2.16853
0
0
0
0
0
7.19509
1.43825
0
0
0
16.9001
0
0
0
0
5.30399
0
0
0
0
0
0
0
0
0
0
0
0.905187
2.89979
0
0
0
0
0
0
0
0
0
1.7169
0
0
0
0
4.98139
0
0
0
0
0.777037
0
0
0
0
0
0
0
0
0
0
0
2.05828
7.82309
22.9366
5.59547
12.5071
0
0
0
2.01791
2.87059
0
0
0
0
0
0
0.0928773
0
7.7358
0
1.38974
0
0
0
0
0
0
0
0
0
0
3.01352
0
0
0
0
0
0
0
0
0
0
0
0
0
0
0
0
0
12.2798
1.75506
9.61292
19.9709
6.12406
6.17646
5.70864
0.309674
0
3.09898
4.59538
1.51931
11.7328
0
68.4041
0
0
0
0
0
0
0
0
0
0
5.9035
0
0
0
0
0
0
6.49318
0.6407
0
3.79712
3.63604
0
0
1.72431
0
0
0
0
3.80621
15.0497
0.996227
4.22307
1.46477
0.0777315
0
0
0
0
0
0
0
0
0
0
0
0
0
1.95376
16.2557
2.85903
0
4.87939
0
0
0
0
0
0
0
0
0
0
0
0
0
0
0
0
12.6747
26.7354
0
0
0
4.14951
2.81909
0
0
0
0
0
35.2604
0
0
0
0
0.542475
0
1.95991
2.06101
0
10.044
0
0
0
0
0
0
0
0
0
0
0
0
0
0
135.989
16.7364
0
0
0
3.35035
0
0
0
0
0
10.2197
6.40028
3.20172
25.019
0
0
0
0
0
0
0
0
2.31218
0
0
0
0
2.44342
63.4821
0
0
0
0
13.5104
0
13.8444
16.1579
0
0
0
0
24.9338
101.731
0
0
34.3024
0
0.107811
0
1.74374
0
0
0
0
1.87436
11.5336
1.12426
0
0
0
0
0.0654996
0
3.11008
0
0
0
0
17.8526
0
0
0
0
0
0
3.0801
0
2.80836
0
0
104.074
0
39.2192
85.3623
25.3363
0
0
0
11.2924
17.1979
3.2478
0
13.9309
55.4368
8.03607
2.7424
0
0
0
0
0
0
25.9259
86.3467
0
0
0
0
1.47132
0
0
0
0
12.9211
7.55147
27.4544
2.04477
1.48249
22.5553
35.8936
0
0
0
18.5837
0
0
0
4.9372
4.46339
37.7268
5.80383
1.3164
6.92519
0
0
0
0
6.73702
2.17655
0
0
0
0
4.1582
0
1.85289
0
0
0
3.81663
3.20587
0
0
0
0
4.31149
0.854892
1.67222
13.9622
0
0
0
2.26697
0
0
0.798855
0
0
0
0
0
0
0
0
0
0
1.25482
0
1.96117
0
0
0
0
0
0
0
0
0
1.08365
2.28329
0
8.40319
9.297
0
0
0
0
0
0
0
0
0
0
0
0
0
0
0
0
0
0
0
0
0
0
0
0
0
0
0
0
0
0
0
9.95583
0
0
0
0
0
0
0
0
0
0
8.74274
7.58378
3.26048
0
0
0
0
0
0
0
0
0
0.216446
0
0
0
0
0
0
0
0
0
0
0
7.36932
0
11.2952
11.0361
0
0
0
0
0
0
0
9.8746
0
0.900485
0
0
46.871
0
0
0
1.04226
0
0
15.8735
2.89439
12.1451
0
4.28423
0
0
0
0.71769
0
3.95678
23.1129
3.64108
43.7493
0
0
17.8639
9.90455
0
0
4.67652
10.1764
5.69781
0
0
0
0
0
0.982956
0
0
37.2211
6.42016
0
8.6965
10.1358
0
0
3.64494
4.91303
7.6115
0
4.75999
9.83993
47.522
5.35535
5.67963
0
0
0
0
0
0
0
2.07214
0
6.24565
0
0.808982
2.76544
0.592184
0
0
1.49724
5.56426
0
0
0
0
21.4714
0
0
0
0
1.0715
21.4857
0
14.8919
61.5785
0
0
0
36.8165
32.3397
29.5414
10.8091
0
1.83403
10.876
0
0
3.21069
0
0
0
2.89918
1.55985
3.96837
11.2912
17.439
10.4401
8.18025
50.4301
0
0
0
9.6944
1.44373
0
0
3.14585
0
0
0
0
0.154478
17.6223
0
2.87278
3.36396
10.7821
6.27668
7.03994
51.6987
0
0
0.397077
0
0.284035
3.73445
39.8215
0
28.7661
0
2.77392
0
18.268
0.414286
28.1725
0.628276
2.90103
41.3219
37.6719
0
0
1.15868
12.1235
0
0
0
0
13.3238
63.5364
17.69
0
0
2.65868
15.2832
0
0
0
0
0
0.785075
2.31426
0.290678
0
0
0
1.53689
0
0
0
0
3.68265
0.0717887
1.29041
0
0
5.74043
25.0063
6.10409
2.53539
4.58488
0
3.86571
24.5155
35.5557
26.2032
7.24507
30.2118
0
0
0
0
0
0
0
0
0
0
0
0
0
0
0
0
0
0
0
0
0
0
0
0
0
0
1.56353
0
0
0
0
0
0
0
0
0
0
0
0
0
0
0
0
0
0
0
0
0
0
0
0
0
8.29147
8.73407
5.74639
5.13895
25.4147
0.19829
0.358904
0
0
0
0
0
0
0
0
0
0
0
0
0
0
0
0
0
0
0
0
0
0
0
0
0
0
0
0
0
0
0
0
0
0
0
0
0
0
2.17872
4.43683
0
3.10657
0
0
0
0
0
0
0
0
0
0
0
0
0
0
0
0
6.45519
0
0
2.53884
0
0
0
0
0
0
0
10.5709
0.197648
0.117278
0.00561981
0
0
0
0
0
0
0
13.9022
6.24072
5.07247
0
0
0
0
0
0
0
0
0
0
0
0
0
0
0
0
0
0
0
0
0
0
0
0
0
0
1.21262
7.37829
193.326
0.468907
0
0
0
0
0
2.8665
0
0
0
0
2.5568
0
0
0
0
0
19.6074
16.6779
47.2633
1.23754
0
0
1.7007
0.816369
3.45132
0.171254
0
0
13.3792
0
0
0
10.1551
0.988255
15.4924
2.50233
1.5337
2.48172
0
2.11232
0
35.7284
77.1523
0
8.44048
13.2581
73.2651
0
0.579153
5.80745
1.51117
0
0
0
0
0
0
0
0
0
0
1.14281
0
0
0.352469
0.419371
7.71574
29.429
0
1.17692
4.98931
0
0
0
0
0
8.80239
0
55.8109
0
0
0
0
0
0
4.67417
7.97902
12.1369
14.9976
8.26302
0.286978
9.00481
0
0
0
5.85875
3.8694
0
0
0
0
0
0
13.9951
0
6.07876
8.56441
8.90487
0
0
0
31.1983
0
0
0
0
2.78013
13.0086
52.9403
0
0
0
4.21041
11.5199
17.3276
0
4.26282
0
3.85287
0
0
0
7.48775
0
0
0
5.20366
56.3148
0
0
0
0
0
0
2.46995
0
0
0
2.35672
0
0
0
0
1.55621
10.7528
1.15942
0
0
0
0
0
0.435995
18.3186
1.11231
0
0
0
0
0.551715
0
0
0
0
2.30916
0
0
11.7384
10.8316
0.30988
0
0
0
0
0
0
0
1.07036
0
0
11.1943
18.6115
1.58565
0
0
0
0
0
3.90543
0
0
0
0
0
0
0.306426
0
59.4464
0
0
10.7002
0
0
0
0
0
0
0
0
0
0
0
0
0
0
0
0
0
4.68916
0
0
4.46538
0
0
0
0
0
6.00517
13.9609
101.466
44.7749
6.9122
48.0897
0
0
0
3.59789
0
0
0
0
1.62399
2.50824
4.93338
11.0871
7.56908
0
0.52976
0
0
0
0
0
0
0
0
0
0
0
0
0
0
22.8566
6.26029
0
0
0
5.90E-06
1.20E-07
1.92E-07
4.70E-06
2.23E-05
2.25E-05
3.30E-05
1.13E-05
1.70E-05
6.85E-06
4.31E-06
8.55E-07
5.39E-07
4.79E-05
7.13E-05
4.37E-05
8.12E-06
4.74E-06
1.92E-07
4.87E-07
2.77E-06
2.97E-06
1.29E-06
8.13E-07
1.29E-06
1.37E-06
1.64E-06
4.43E-06
1.12E-05
2.00E-06
4.94E-06
1.97E-07
6.82E-06
1.93E-05
1.09E-05
2.47E-06
1.68E-07
0
0
0
0
3.46E-09
3.81E-08
1.95E-07
0
0
2.58E-09
2.75E-06
3.44E-06
1.87E-06
1.97E-06
1.45E-05
1.90E-05
1.19E-05
6.74E-06
1.97E-06
1.94E-06
9.18E-06
1.03E-05
7.93E-06
3.43E-05
1.78E-05
1.94E-05
2.13E-05
6.23E-05
1.90E-05
1.19E-07
1.29E-05
1.24E-05
4.39E-06
9.39E-06
1.73E-06
1.08E-08
3.00E-11
0
1.84E-07
3.61E-07
2.71E-07
8.36E-07
5.65E-06
6.70E-06
9.77E-07
2.76E-07
2.45E-06
2.05E-05
9.87E-06
3.57E-05
8.58E-05
0.000500483
0.000414737
0.000137719
0.000172702
0.000247883
1.86E-05
4.74E-06
1.14E-06
3.18E-06
4.07E-06
4.64E-06
4.99E-07
1.94E-07
1.62E-05
6.45E-05
0.000159203
0.000735463
0.000459253
6.18E-05
1.53E-05
6.83E-05
0.000230765
0.000525276
0.000198541
8.46E-06
2.10E-07
0
6.00E-08
0
8.74E-06
0.000133375
0.000105459
8.29E-05
2.63E-05
0.000105505
9.35E-05
8.46E-05
0.00048474
0.000427776
4.96E-06
3.65E-05
5.80E-05
7.59E-05
7.21E-05
6.75E-05
9.70E-05
4.87E-05
4.68E-05
6.76E-05
4.14E-06
5.82E-06
4.40E-05
5.99E-05
7.82E-05
6.00E-05
2.20E-05
1.48E-05
4.86E-06
4.75E-06
5.41E-05
2.45E-05
1.98E-05
1.83E-05
1.44E-05
1.61E-05
2.74E-06
1.39E-06
4.97E-06
3.36E-06
6.03E-06
2.26E-05
4.61E-05
7.83E-06
5.28E-07
2.16E-06
6.47E-07
1.97E-06
6.65E-06
8.21E-05
4.56E-05
0.000128701
3.90E-07
3.72E-07
2.88E-06
4.67E-07
4.82E-07
1.15E-06
7.58E-07
1.09E-07
1.78E-06
2.60E-06
1.83E-05
1.80E-05
9.81E-06
3.69E-05
2.28E-05
1.12E-05
3.67E-05
4.42E-06
1.52E-06
9.49E-07
1.93E-06
1.33E-05
7.64E-05
1.22E-05
9.45E-06
1.10E-06
1.92E-06
1.55E-06
2.31E-05
1.37E-05
7.13E-06
4.20E-06
1.72E-06
2.10E-06
2.34E-06
1.12E-06
7.64E-07
1.73E-07
2.85E-05
2.02E-06
1.96E-05
1.88E-06
1.06E-05
6.16E-05
7.31E-05
7.45E-05
3.90E-05
8.30E-05
3.90E-05
8.55E-05
6.65E-05
4.36E-05
7.60E-05
4.63E-05
9.40E-07
1.81E-05
2.52E-06
1.68E-06
2.31E-06
1.51E-05
8.69E-06
6.09E-05
9.13E-05
1.22E-06
8.84E-06
7.94E-07
1.70E-05
3.46E-05
5.33E-05
4.63E-05
2.88E-07
2.44E-06
6.30E-06
4.44E-06
2.17E-06
3.69E-06
5.34E-06
9.26E-06
2.04E-06
7.30E-07
6.52E-06
4.89E-05
2.21E-06
1.11E-05
3.71E-06
7.13E-06
1.13E-06
5.77E-06
4.07E-06
8.95E-07
1.37E-06
3.31E-05
2.01E-05
7.84E-05
0.000249988
7.77E-07
4.94E-05
0.000134581
1.48E-05
8.32E-06
5.68E-06
3.81E-06
7.39E-07
3.88E-06
1.53E-05
2.25E-05
1.11E-05
1.10E-05
2.58E-06
2.46E-05
8.85E-06
4.40E-05
2.83E-05
5.42E-05
4.85E-05
4.90E-07
4.55E-07
1.13E-06
1.79E-07
4.90E-06
3.60E-05
5.88E-06
1.66E-06
5.54E-05
6.87E-05
4.71E-05
3.47E-05
1.94E-05
4.77E-05
8.07E-05
8.90E-05
1.64E-06
5.38E-05
0.000138335
3.49E-05
8.54E-05
0.000342
4.69E-06
1.58E-05
3.04E-05
0.000321054
0.000497412
7.44E-05
0.000132037
3.99E-07
1.63E-05
5.94E-05
8.64E-05
2.16E-05
2.16E-06
4.35E-07
4.37E-07
2.79E-06
1.08E-06
8.41E-06
6.20E-05
1.02E-05
4.80E-05
1.43E-05
6.74E-06
8.48E-06
7.06E-06
5.62E-06
2.84E-06
4.33E-07
4.93E-07
7.57E-07
1.66E-06
6.31E-06
1.44E-06
1.37E-06
2.56E-06
1.74E-06
7.54E-07
5.30E-07
1.09E-05
3.30E-06
3.52E-05
0.000184067
0.000119529
5.84E-06
2.30E-05
3.73E-05
4.45E-06
1.50E-06
1.02E-06
3.70E-06
3.69E-05
3.95E-05
0.000150982
0.000112331
1.27E-05
3.13E-06
1.74E-06
2.02E-06
4.80E-07
6.25E-07
1.26E-09
0
0
1.50E-07
3.25E-08
0
4.19E-07
1.35E-07
7.82E-07
2.33E-05
4.25E-05
8.04E-05
2.73E-05
3.13E-06
2.38E-06
1.21E-05
3.34E-05
3.40E-06
3.38E-06
1.17E-06
1.10E-06
3.57E-08
0
0
5.88E-08
1.24E-08
6.80E-10
0
1.82E-07
4.13E-07
1.21E-06
7.67E-07
6.89E-08
1.58E-09
1.49E-07
2.11E-08
1.97E-07
3.90E-10
3.12E-07
1.40E-07
0
0
4.53E-08
2.28E-07
2.84E-07
6.47E-07
4.99E-07
5.39E-07
1.19E-06
5.32E-07
2.36E-07
2.37E-07
9.15E-08
7.36E-07
2.36E-07
6.77E-08
1.52E-06
1.32E-05
8.04E-08
6.50E-10
9.57E-07
1.22E-05
2.39E-05
2.21E-07
4.53E-07
1.68E-07
1.60E-06
5.25E-06
2.25E-05
1.08E-05
4.52E-09
5.58E-09
1.00E-10
2.80E-10
7.86E-08
5.17E-08
5.50E-10
3.90E-10
1.53E-07
2.98E-06
2.28E-05
1.18E-05
2.84E-07
3.07E-06
1.26E-06
8.39E-08
0
0
0
0
0
0
3.37E-09
1.00E-11
1.50E-10
0
0
0
0
0
0
0
0
6.01E-06
1.81E-05
6.61E-05
6.76E-05
8.59E-05
9.58E-05
8.89E-05
3.45E-05
9.67E-05
0.000133414
0.000120538
3.88E-05
4.68E-05
2.90E-06
3.27E-05
0.000160183
5.79E-05
6.56E-05
1.98E-05
0.000174131
0.000249397
0.000423765
0.000151131
1.46E-05
4.63E-07
2.66E-05
8.43E-05
0.000144425
4.83E-06
8.82E-06
9.65E-05
7.17E-05
8.96E-05
9.64E-05
4.35E-05
5.05E-05
5.04E-05
5.56E-05
5.10E-05
9.62E-07
2.99E-07
9.32E-06
2.54E-05
2.88E-05
5.96E-05
0.000110483
7.37E-05
6.30E-05
6.28E-06
3.87E-05
2.87E-05
6.21E-05
7.09E-05
2.10E-05
7.70E-05
6.06E-05
3.62E-05
2.46E-05
9.02E-06
2.50E-06
3.94E-06
2.02E-05
0.000137377
6.47E-05
1.02E-05
1.42E-06
2.89E-06
1.31E-05
3.62E-05
5.28E-06
2.90E-05
4.91E-05
2.86E-05
4.22E-05
9.65E-05
1.86E-05
4.76E-05
0.000119668
6.22E-05
6.81E-05
0.000148515
0.00042164
5.04E-05
4.81E-05
1.65E-05
1.18E-05
1.67E-05
2.75E-05
1.50E-05
4.20E-06
2.84E-05
3.78E-05
9.57E-05
3.30E-05
6.98E-06
3.27E-05
3.96E-05
9.07E-08
1.79E-06
2.17E-05
4.32E-05
2.04E-05
1.78E-05
2.92E-05
2.38E-05
4.96E-06
1.21E-05
3.84E-06
6.96E-06
1.02E-05
1.75E-06
1.48E-05
2.72E-05
4.93E-05
9.86E-05
5.20E-06
1.44E-05
4.05E-05
2.27E-05
1.40E-05
7.59E-06
9.12E-06
3.93E-05
3.50E-05
4.78E-06
3.31E-05
5.80E-06
6.04E-06
3.19E-05
0.000259827
6.31E-05
2.77E-05
0.000107975
3.58E-05
5.98E-06
3.28E-06
2.29E-05
0.000148629
2.60E-05
4.31E-05
5.34E-05
0.000217149
5.14E-05
0.000136587
0.000344276
3.27E-05
0.000479508
6.65E-05
0.000253679
4.50E-05
4.84E-05
8.99E-05
0.000675382
0.000533613
0.000127998
6.15E-05
0.000156676
0.000202152
4.62E-05
2.14E-05
2.12E-05
2.30E-05
8.23E-06
1.72E-05
4.53E-05
4.13E-05
4.55E-05
0.000116743
1.86E-05
2.17E-05
9.69E-06
2.58E-05
6.65E-05
0.000600213
0.0019409
0.000187039
8.89E-06
0.000428594
0.00053929
4.53E-05
0.000180229
0.000297849
0.000223073
0.000651205
0.000265156
8.74E-05
0.000556589
0.000322207
4.01E-05
3.46E-05
0.000151359
0.000376942
5.40E-05
2.83E-05
1.39E-05
9.03E-05
9.54E-05
6.96E-05
7.22E-05
2.29E-06
2.04E-05
6.95E-05
7.92E-05
7.70E-06
5.75E-07
3.12E-06
5.48E-06
0.000156493
8.15E-05
2.09E-05
2.04E-05
2.59E-06
1.18E-05
5.91E-05
4.35E-05
1.19E-05
4.23E-05
4.34E-05
8.01E-06
3.83E-06
2.37E-05
5.45E-05
9.75E-06
9.87E-06
1.69E-06
4.65E-07
1.53E-06
3.79E-07
3.27E-07
5.19E-07
1.63E-06
2.38E-06
1.01E-05
4.34E-06
1.05E-05
3.66E-05
2.57E-05
1.44E-05
3.72E-06
3.43E-05
3.10E-05
6.14E-05
0.000137877
2.98E-05
9.64E-06
1.31E-05
3.09E-06
1.21E-06
1.18E-06
1.67E-06
1.71E-06
4.79E-06
4.04E-09
7.10E-10
4.16E-06
1.61E-06
1.50E-07
2.25E-07
3.65E-07
1.50E-06
2.93E-06
1.18E-06
1.32E-06
1.01E-07
3.17E-08
1.18E-07
3.10E-06
1.18E-06
9.36E-08
0
0
0
1.29E-09
2.24E-09
8.97E-08
0
1.00E-11
1.16E-09
2.00E-11
1.26E-06
3.23E-06
6.47E-06
1.09E-05
1.32E-05
4.08E-06
1.70E-05
1.10E-05
2.08E-05
2.24E-05
4.18E-06
8.85E-07
0
4.53E-07
1.03E-06
3.53E-07
1.11E-06
3.53E-06
1.83E-06
3.66E-06
1.84E-06
1.04E-06
3.58E-07
5.26E-07
6.43E-07
1.82E-06
5.07E-06
5.15E-07
0
8.14E-08
2.87E-08
3.71E-08
1.76E-07
5.73E-07
1.87E-07
5.53E-07
2.48E-08
3.34E-07
3.72E-07
1.23E-07
2.42E-08
1.21E-08
0
0
1.85E-07
8.16E-08
1.00E-11
3.00E-11
2.00E-11
8.49E-07
7.18E-06
1.31E-05
1.23E-06
1.18E-05
3.87E-05
0.000238495
1.85E-05
4.88E-07
0
3.60E-07
3.32E-09
1.12E-08
5.24E-07
2.03E-06
3.27E-06
1.87E-06
5.59E-05
0.0012252
0.00109528
0.000153057
0.000195204
0.00014286
0.000195568
3.27E-05
5.25E-05
2.01E-05
4.09E-06
2.23E-09
2.33E-08
6.65E-08
7.03E-07
0
1.31E-06
1.65E-05
4.75E-05
1.61E-05
5.20E-06
1.90E-10
2.44E-07
2.54E-07
2.48E-07
1.49E-07
0
2.01E-08
1.88E-07
8.59E-07
9.95E-07
1.09E-06
1.80E-06
2.46E-05
6.86E-05
9.98E-05
1.54E-05
4.86E-05
8.91E-05
1.47E-05
1.47E-06
2.48E-05
0.00010298
3.94E-05
2.12E-05
3.45E-05
4.78E-05
4.62E-05
1.03E-05
4.39E-06
6.85E-05
0.000480563
3.60E-05
2.39E-06
3.70E-09
1.96E-06
5.19E-06
5.29E-06
9.40E-06
2.12E-07
2.30E-06
4.37E-06
1.72E-05
2.00E-06
1.00E-05
7.78E-06
5.44E-06
1.30E-06
1.06E-06
1.49E-05
0.000106626
1.92E-05
2.70E-06
3.65E-06
3.17E-06
4.43E-06
1.14E-05
8.47E-06
3.94E-06
6.57E-06
3.01E-05
2.18E-05
1.92E-05
8.10E-05
1.45E-05
1.67E-05
3.61E-06
3.26E-05
3.00E-05
1.08E-05
3.16E-06
4.33E-07
2.86E-07
1.87E-05
0.000106286
2.84E-06
1.29E-05
3.51E-05
3.90E-06
5.57E-07
3.69E-07
1.97E-05
2.98E-05
2.58E-06
8.66E-06
0.000351293
6.13E-05
1.01E-05
1.87E-05
2.86E-06
3.85E-06
1.63E-05
1.21E-05
4.18E-06
2.02E-06
9.96E-07
3.41E-05
0.000144436
1.33E-05
5.48E-06
2.46E-05
9.39E-05
2.13E-05
5.78E-05
1.47E-05
1.45E-05
3.58E-05
6.31E-05
7.35E-05
5.45E-05
7.49E-05
7.35E-05
2.85E-05
3.08E-05
4.72E-05
5.80E-05
4.75E-05
3.60E-05
9.66E-05
6.81E-06
3.97E-05
0.000196482
2.57E-05
5.78E-05
6.69E-05
7.84E-05
5.25E-05
3.33E-05
1.47E-05
3.05E-06
5.07E-05
4.69E-05
6.66E-05
4.54E-05
1.14E-05
2.84E-05
3.45E-05
6.00E-05
4.09E-05
4.64E-05
7.29E-05
2.97E-05
9.80E-05
7.50E-05
3.87E-05
7.41E-06
1.01E-05
1.83E-05
2.93E-05
9.42E-05
2.11E-05
2.85E-05
5.09E-06
4.06E-05
2.97E-06
1.17E-05
1.70E-05
8.44E-07
6.87E-06
1.54E-05
1.40E-05
2.61E-06
2.14E-06
2.59E-06
1.48E-06
3.04E-05
3.17E-05
0.000129416
0.000161051
0.000114854
9.15E-05
3.63E-05
4.46E-05
9.43E-06
1.59E-05
2.25E-05
7.49E-06
2.50E-05
4.32E-05
8.63E-06
1.56E-07
5.55E-07
1.60E-05
1.47E-05
3.90E-05
2.01E-05
3.71E-05
1.67E-05
3.25E-05
0.000392619
1.52E-05
6.97E-06
4.30E-05
4.30E-05
9.09E-05
6.82E-05
7.57E-05
1.08E-05
4.77E-06
1.30E-07
7.45E-07
2.54E-06
0.000150129
0.000783049
3.70E-06
8.53E-08
2.51E-08
4.44E-07
2.08E-06
1.89E-05
3.60E-05
3.16E-05
2.33E-05
4.68E-06
1.84E-06
5.53E-09
4.09E-08
2.35E-06
5.70E-06
2.97E-06
4.02E-05
7.88E-05
2.10E-05
4.93E-06
2.18E-07
5.81E-07
1.98E-06
2.51E-06
1.25E-05
0.000187283
0.000243814
2.47E-05
5.22E-05
0.000130557
8.30E-05
5.20E-05
1.83E-05
1.99E-05
4.01E-05
4.01E-05
4.60E-06
6.96E-07
1.74E-06
1.38E-05
5.40E-05
1.49E-05
4.87E-06
3.75E-06
1.92E-08
2.70E-10
1.58E-07
1.42E-06
1.52E-06
7.34E-07
4.70E-07
4.81E-07
2.10E-06
1.41E-06
9.52E-07
1.27E-06
1.24E-05
3.92E-05
0.000201309
0.000163456
2.17E-05
2.20E-06
1.45E-06
2.47E-06
4.24E-06
1.42E-06
2.69E-08
2.02E-07
3.26E-05
9.80E-05
4.11E-05
1.26E-05
4.91E-06
2.65E-06
3.37E-06
1.28E-06
1.72E-06
2.05E-07
3.65E-07
5.12E-07
2.09E-06
1.44E-06
8.60E-07
1.74E-06
1.96E-06
3.00E-06
3.39E-06
2.67E-05
3.16E-05
1.74E-05
2.38E-06
3.85E-06
6.67E-07
6.75E-06
2.09E-05
2.44E-06
9.85E-07
1.18E-06
6.52E-06
9.48E-07
1.24E-07
8.75E-08
2.66E-07
1.69E-08
1.69E-07
1.69E-07
1.53E-08
6.00E-10
2.97E-08
0
0
1.77E-08
6.25E-07
7.67E-07
7.54E-07
1.34E-06
3.40E-06
5.75E-08
1.19E-06
9.66E-07
4.33E-06
2.53E-06
1.91E-06
6.99E-07
8.85E-06
1.00E-05
3.69E-05
1.92E-05
3.22E-05
4.41E-05
2.15E-05
0
0
3.00E-11
7.67E-09
1.10E-06
9.24E-06
2.86E-05
2.04E-05
2.67E-07
2.04E-09
2.22E-08
5.10E-07
5.29E-06
2.05E-05
2.34E-05
5.64E-05
8.47E-08
5.56E-06
7.58E-06
1.07E-05
1.14E-06
1.09E-07
4.65E-07
9.80E-07
7.10E-07
2.90E-05
6.81E-05
8.82E-05
0.00108032
0.00104478
0.000238178
9.29E-05
0.000114543
5.30E-05
6.01E-05
4.72E-05
0.000154853
0.000105586
0.000124837
0.000116342
0.000129346
3.72E-05
8.39E-05
0.000283239
0.000132993
5.12E-05
6.09E-06
3.66E-05
6.05E-05
6.46E-05
5.46E-05
4.02E-05
5.00E-05
7.29E-05
1.64E-05
5.56E-05
5.08E-05
1.09E-05
8.29E-05
9.34E-05
2.17E-05
3.88E-05
0.000221159
0.000277279
1.62E-05
9.22E-06
8.91E-06
5.42E-05
4.02E-05
5.66E-05
9.78E-05
3.89E-05
0.000239596
4.94E-05
2.97E-06
3.03E-05
1.66E-05
5.08E-05
3.32E-05
1.62E-05
6.93E-07
2.35E-07
1.18E-05
3.15E-05
2.96E-06
3.98E-05
0.000144221
9.77E-05
5.52E-06
3.61E-05
5.47E-06
4.37E-07
1.27E-06
8.18E-07
1.72E-06
6.11E-08
2.92E-06
2.59E-05
0.000173169
2.89E-05
8.03E-05
1.68E-05
7.34E-05
0.000529292
3.34E-05
2.86E-05
2.54E-05
2.27E-05
0.000100701
5.68E-06
1.00E-05
2.00E-05
3.62E-07
1.43E-05
2.54E-05
2.38E-05
2.24E-05
1.27E-05
1.36E-05
4.86E-06
1.04E-06
8.89E-07
2.56E-06
9.07E-07
0.00012378
2.47E-05
0.000109115
6.89E-05
5.60E-05
3.51E-05
6.66E-05
8.60E-05
2.04E-05
2.11E-05
2.43E-05
7.81E-06
5.03E-05
5.17E-05
8.32E-05
5.19E-05
6.46E-05
2.85E-05
0.000232887
5.58E-05
0.000130277
1.51E-05
3.70E-05
6.25E-05
7.76E-05
1.42E-05
2.47E-05
0.000182943
3.63E-06
1.77E-05
9.31E-05
2.95E-05
8.07E-05
8.91E-05
0.00019938
2.38E-06
1.84E-05
1.13E-05
3.62E-06
2.71E-05
6.48E-05
7.66E-05
3.51E-05
3.17E-05
3.65E-05
3.59E-05
2.38E-05
2.37E-05
8.02E-05
5.30E-05
3.58E-05
4.14E-06
4.40E-06
0.000272038
8.03E-05
1.97E-05
3.47E-05
1.55E-05
6.90E-05
3.30E-07
7.38E-06
3.59E-05
7.88E-06
1.27E-06
4.39E-06
1.91E-05
9.47E-06
7.59E-06
1.18E-05
3.04E-05
1.12E-05
1.69E-05
1.44E-05
1.10E-05
1.09E-05
2.53E-05
8.14E-06
4.00E-06
1.79E-05
1.93E-05
1.17E-06
2.19E-06
8.31E-06
1.79E-06
2.04E-05
4.81E-05
3.18E-05
2.67E-05
2.00E-06
1.28E-05
1.12E-05
7.50E-05
1.09E-06
7.13E-07
1.40E-07
1.80E-06
6.40E-06
4.40E-05
2.27E-05
1.41E-05
9.32E-06
9.42E-05
0.00074853
0.00070757
0.000327392
8.56E-06
5.35E-05
1.30E-05
1.50E-05
1.97E-06
4.83E-07
9.99E-07
3.49E-06
1.25E-06
8.57E-07
1.28E-05
1.84E-05
3.81E-06
2.29E-06
8.19E-06
1.41E-07
2.20E-07
2.95E-05
0.00027736
0.000135128
0.000128004
6.81E-05
6.66E-06
3.81E-05
0.000105131
1.65E-06
2.39E-06
8.58E-06
3.50E-05
8.35E-05
4.78E-06
4.90E-05
0.000154814
7.39E-05
5.81E-07
1.37E-05
1.72E-05
1.13E-06
8.18E-07
2.64E-07
3.66E-07
3.27E-08
1.00E-11
0
0
1.03E-07
1.13E-07
2.45E-09
1.00E-11
5.00E-11
5.20E-08
4.51E-07
5.17E-07
4.31E-06
2.11E-05
1.65E-05
3.89E-05
2.55E-05
2.94E-05
7.13E-08
3.64E-07
5.67E-07
5.09E-07
7.21E-06
1.10E-05
4.78E-06
7.06E-06
8.84E-06
2.04E-06
2.02E-06
1.91E-07
1.67E-06
9.72E-06
3.37E-06
1.47E-07
6.35E-08
2.72E-07
1.26E-06
1.83E-06
1.90E-06
3.72E-06
1.18E-05
1.42E-06
2.52E-06
4.14E-07
0
2.08E-07
2.79E-07
7.65E-07
1.64E-06
3.96E-07
2.73E-06
1.21E-05
5.14E-05
2.76E-05
6.30E-06
1.73E-06
1.09E-06
2.45E-06
9.02E-07
2.17E-07
1.63E-07
0
7.75E-07
4.22E-07
4.84E-07
4.28E-07
2.48E-06
1.83E-06
1.00E-11
2.46E-07
1.41E-07
0
1.60E-07
1.87E-07
1.78E-06
2.94E-06
2.08E-06
5.67E-06
5.26E-07
6.21E-06
2.90E-06
2.54E-07
5.34E-08
7.99E-09
3.86E-08
7.83E-06
1.79E-05
1.67E-06
1.21E-08
2.81E-05
1.96E-05
3.38E-05
7.06E-05
0.000105172
7.94E-05
6.05E-05
2.50E-05
2.67E-05
7.12E-06
5.05E-06
1.41E-06
1.31E-06
3.27E-06
2.40E-05
1.77E-05
2.00E-06
3.25E-06
9.35E-07
1.80E-06
3.21E-05
0.000435619
0.000353598
3.06E-08
9.63E-07
8.81E-07
1.85E-06
3.79E-07
7.15E-07
3.84E-08
3.18E-08
2.64E-07
1.13E-06
1.69E-06
2.74E-07
0
3.91E-07
8.88E-06
1.35E-05
1.12E-06
1.45E-06
7.51E-06
9.67E-06
5.69E-06
7.32E-06
2.66E-05
0.00011305
9.08E-05
0.000109802
3.16E-05
2.19E-05
8.15E-07
2.02E-05
6.09E-05
3.92E-05
5.50E-06
4.22E-08
7.94E-07
2.17E-06
6.70E-05
3.03E-05
2.65E-05
0.000138982
0.000151559
2.87E-05
3.62E-06
2.00E-05
4.71E-05
5.28E-05
2.05E-05
1.13E-05
2.29E-05
4.27E-05
0.000159675
0.000843732
0.00103053
7.77E-05
6.39E-05
3.85E-05
1.07E-05
3.92E-06
1.15E-05
1.96E-05
2.50E-05
1.41E-05
8.30E-06
4.21E-05
2.72E-05
0.000123646
1.99E-05
2.19E-05
1.41E-06
7.88E-06
6.10E-06
2.19E-06
1.07E-05
1.28E-06
1.14E-05
2.80E-05
2.16E-06
2.77E-06
7.30E-07
1.98E-06
1.09E-05
1.40E-05
2.08E-05
8.58E-06
1.69E-05
1.36E-05
3.88E-06
1.97E-06
5.39E-06
2.97E-06
3.40E-05
9.45E-05
2.09E-05
5.53E-05
3.31E-05
8.13E-06
3.60E-05
3.87E-06
8.26E-06
1.00E-06
4.09E-06
1.50E-05
5.96E-05
4.34E-05
0.000145351
6.30E-05
8.21E-05
0.000270282
4.99E-05
5.23E-05
7.76E-05
0.00015809
8.77E-05
0.000129231
0.000272369
0.000114848
0.00036826
0.000157084
4.83E-05
6.46E-05
6.61E-05
4.04E-05
4.91E-05
8.11E-05
6.30E-05
3.67E-05
9.67E-05
1.68E-05
9.80E-06
4.38E-05
2.46E-05
3.28E-05
6.27E-05
6.07E-06
2.75E-06
2.31E-05
4.09E-05
3.72E-05
4.63E-06
1.38E-06
4.78E-07
1.34E-05
2.40E-06
3.94E-06
3.40E-05
1.25E-05
3.48E-05
3.84E-05
1.86E-05
2.12E-05
3.92E-05
6.08E-05
8.47E-06
4.49E-05
0.000146647
0.000658941
0.000192654
4.55E-06
5.82E-05
5.09E-05
1.52E-05
2.28E-05
0.000241104
9.96E-05
2.75E-05
0.000136931
0.000293612
0.000184917
1.22E-05
8.03E-05
5.54E-05
7.04E-05
2.52E-06
4.26E-05
8.06E-05
0.000624841
0.000150831
0.00010069
0.000733315
0.000364296
8.40E-05
4.70E-05
2.79E-05
3.10E-05
0.000103749
1.19E-05
1.94E-05
9.20E-05
4.92E-05
2.83E-05
3.44E-06
2.39E-05
0.00016528
2.95E-05
4.51E-05
4.50E-05
1.57E-05
0.000114365
9.76E-05
0.000101707
3.58E-05
1.74E-05
2.25E-05
4.74E-05
0.00013509
0.000679918
0.000840115
5.16E-05
7.29E-06
2.71E-05
5.86E-05
2.51E-05
1.28E-06
4.94E-05
2.71E-06
4.74E-06
4.94E-05
9.92E-05
9.09E-05
2.36E-05
7.98E-05
5.18E-05
6.15E-05
4.02E-05
4.25E-05
4.37E-07
3.61E-05
0.000262263
0.000359966
2.42E-05
4.17E-07
3.48E-07
3.33E-06
6.76E-05
9.50E-05
2.61E-06
3.96E-06
1.69E-05
4.96E-07
1.31E-07
8.61E-07
4.49E-07
2.17E-06
9.28E-06
3.31E-05
2.11E-05
1.70E-05
3.75E-05
5.57E-05
2.76E-05
2.72E-05
1.25E-05
1.45E-06
2.08E-07
3.39E-06
3.36E-06
1.18E-05
1.97E-05
6.56E-06
5.35E-06
4.13E-06
1.05E-05
1.40E-05
6.41E-06
1.11E-05
2.98E-06
3.71E-06
3.61E-06
1.09E-06
2.57E-06
1.39E-06
1.68E-06
2.14E-06
1.87E-06
2.42E-06
1.12E-06
2.10E-10
3.00E-07
7.08E-06
1.09E-05
2.52E-07
1.02E-09
2.04E-07
1.11E-07
4.04E-07
6.03E-06
4.76E-06
1.06E-06
1.65E-06
2.53E-07
1.36E-06
1.88E-06
7.20E-06
7.82E-06
1.01E-05
1.15E-05
1.57E-06
0
8.43E-09
1.40E-08
3.54E-07
7.71E-08
5.20E-10
3.77E-08
2.41E-07
4.35E-07
6.22E-07
3.37E-08
4.42E-07
4.14E-07
2.50E-06
5.86E-06
2.24E-06
2.07E-06
2.14E-06
3.02E-07
2.01E-07
7.57E-07
3.36E-06
3.05E-06
8.60E-07
5.58E-07
1.63E-06
5.25E-07
3.83E-07
1.08E-06
2.39E-06
2.55E-06
5.64E-07
1.55E-06
2.49E-05
4.41E-05
2.85E-05
1.64E-06
2.39E-07
8.06E-06
1.09E-05
5.60E-06
1.22E-08
1.79E-07
1.35E-07
1.54E-08
3.25E-07
1.70E-07
4.06E-06
1.80E-05
2.79E-05
4.66E-05
4.75E-05
3.82E-05
2.64E-05
6.26E-05
8.72E-05
6.40E-05
3.61E-06
8.75E-08
2.41E-06
3.59E-06
8.24E-07
3.30E-06
1.30E-05
0.000124565
1.19E-05
5.59E-08
2.98E-05
6.44E-05
0.000465795
2.72E-05
5.78E-05
3.88E-05
7.20E-09
8.88E-06
0.000156418
5.63E-05
9.15E-06
3.02E-05
6.01E-05
7.43E-06
1.50E-05
1.68E-05
2.88E-05
6.08E-06
4.74E-05
8.05E-06
9.11E-06
8.63E-07
6.60E-07
2.57E-06
2.94E-05
5.78E-05
5.21E-05
5.30E-05
0.000810529
0.000301325
0.000191033
5.34E-05
0.000140904
2.89E-05
3.60E-05
4.59E-05
0.00011873
9.83E-05
2.70E-05
7.75E-05
0.000105665
0.000336865
0.000118893
9.43E-05
0.000192829
8.42E-05
1.79E-05
1.89E-06
4.31E-06
2.38E-06
5.80E-06
9.81E-06
3.35E-05
3.10E-05
7.58E-05
4.96E-05
0.000107521
1.02E-05
5.83E-05
4.73E-05
4.44E-05
3.97E-06
1.02E-06
9.70E-06
2.73E-05
1.60E-05
3.97E-06
5.23E-05
0.000104052
4.81E-05
8.21E-06
2.23E-06
2.16E-06
1.32E-05
9.94E-05
1.96E-05
4.90E-05
2.09E-05
1.15E-05
1.40E-05
2.07E-05
2.80E-05
9.60E-06
1.82E-05
2.87E-05
3.55E-05
9.78E-05
0.000137316
1.08E-05
5.90E-05
5.39E-05
0.000219181
0.000150889
1.57E-05
6.59E-06
3.29E-06
2.54E-06
3.06E-06
3.35E-06
1.69E-05
4.24E-06
8.03E-06
9.10E-06
3.11E-05
2.79E-05
4.59E-06
3.57E-05
1.45E-05
1.31E-05
1.59E-05
4.47E-05
7.27E-06
1.39E-05
2.40E-05
8.78E-06
6.64E-05
4.62E-06
3.44E-05
5.35E-06
1.10E-05
4.39E-05
1.23E-05
1.56E-05
2.03E-05
9.04E-05
6.18E-05
0.000117145
2.74E-05
6.67E-05
2.52E-05
5.48E-05
5.59E-05
5.47E-05
3.88E-05
3.67E-06
6.27E-05
3.75E-05
2.14E-05
3.77E-05
4.36E-06
5.04E-05
4.02E-05
7.95E-05
0.000328472
0.000388392
2.20E-06
8.06E-05
0.000301314
0.000143582
8.93E-06
1.11E-05
1.19E-05
6.03E-05
9.91E-05
7.18E-05
0.000233509
7.92E-05
4.49E-07
8.97E-06
1.71E-05
6.97E-05
4.25E-05
8.64E-06
4.31E-05
4.66E-05
9.32E-05
6.76E-05
1.38E-05
8.30E-06
1.22E-05
6.81E-06
3.14E-05
1.90E-05
4.01E-05
4.70E-05
6.15E-05
0.000102808
1.39E-05
4.42E-06
1.92E-06
1.56E-06
2.00E-05
7.76E-06
0.000221385
2.71E-05
0.000182131
2.68E-05
5.01E-05
0.000132908
0.000556893
3.96E-06
2.21E-06
1.21E-05
5.99E-05
3.28E-05
1.38E-05
8.59E-06
4.13E-06
4.45E-07
2.99E-06
8.29E-05
0.000544731
0.000426618
1.92E-07
2.42E-09
0
0
2.38E-07
1.32E-06
1.52E-06
5.53E-07
1.64E-06
3.94E-05
0.000155434
6.29E-05
0.000165875
0.000424196
1.23E-07
9.52E-07
4.11E-06
7.58E-06
2.96E-05
5.57E-05
0.000403789
0.000281083
6.56E-05
6.42E-05
3.22E-07
1.58E-07
4.38E-07
5.02E-07
7.05E-07
7.84E-07
2.38E-07
6.16E-06
1.32E-06
1.22E-07
8.44E-08
4.17E-07
3.67E-08
1.48E-07
9.39E-08
3.70E-07
1.40E-06
3.12E-06
9.08E-06
1.48E-05
2.27E-06
3.27E-07
1.14E-06
4.61E-07
5.49E-07
4.09E-06
1.19E-05
3.95E-06
1.13E-05
4.14E-05
3.32E-05
1.15E-05
3.79E-06
1.08E-05
2.01E-05
7.56E-06
1.07E-05
6.31E-07
1.49E-06
3.15E-06
5.76E-09
2.23E-06
4.29E-06
4.72E-06
1.17E-05
1.50E-05
7.05E-06
0
1.64E-07
7.95E-07
1.32E-06
2.02E-06
1.92E-07
2.09E-06
1.78E-06
6.17E-08
2.26E-07
3.83E-07
1.35E-06
2.75E-06
1.55E-05
7.27E-06
1.46E-05
1.18E-05
1.10E-06
4.71E-07
9.56E-07
1.03E-05
3.97E-05
6.18E-06
5.88E-06
1.91E-07
2.75E-07
9.79E-07
1.89E-06
2.08E-06
3.94E-06
4.92E-06
5.07E-06
6.61E-06
1.02E-05
2.33E-06
9.42E-07
3.77E-06
3.42E-06
0
3.70E-10
1.60E-07
7.77E-06
2.55E-06
6.59E-06
9.24E-06
9.65E-06
4.25E-06
5.84E-06
1.06E-05
6.02E-06
9.71E-07
6.20E-07
2.82E-06
2.43E-06
5.66E-06
3.18E-06
6.06E-07
5.99E-07
7.77E-08
1.20E-06
1.10E-06
6.40E-07
1.79E-07
0
3.25E-08
7.58E-08
4.10E-09
1.72E-07
1.05E-05
2.84E-05
3.31E-05
4.54E-05
4.02E-06
2.20E-06
1.31E-08
0
2.00E-11
4.69E-08
0
0
0
7.41E-09
2.33E-08
1.50E-10
6.00E-11
8.82E-07
1.71E-07
8.63E-07
2.40E-07
4.50E-06
1.78E-05
2.95E-05
6.87E-05
6.74E-05
1.48E-05
3.36E-05
5.10E-06
4.65E-05
1.73E-05
2.41E-05
3.96E-06
2.00E-10
1.03E-06
6.01E-06
2.49E-07
2.88E-06
5.69E-05
3.03E-05
1.77E-05
4.31E-07
8.37E-05
2.39E-06
3.65E-06
7.36E-05
8.51E-05
3.43E-05
2.11E-05
7.19E-07
5.79E-07
2.39E-06
2.52E-07
2.20E-06
1.27E-06
3.72E-05
0.000124714
0.000207318
8.79E-05
0.000100818
0.000648947
4.90E-05
8.12E-06
3.46E-05
0.000118099
6.54E-05
3.48E-05
5.02E-05
4.80E-05
9.35E-05
7.72E-06
1.19E-05
1.57E-05
1.90E-05
3.19E-05
2.04E-05
3.87E-05
8.71E-05
6.94E-05
2.02E-05
3.73E-05
3.17E-05
0.000129389
3.93E-05
1.29E-05
2.81E-05
9.80E-05
3.38E-05
7.24E-05
1.50E-05
1.41E-05
2.89E-06
6.77E-07
1.34E-06
3.60E-06
2.80E-05
5.61E-05
7.93E-05
4.68E-05
0.000139422
7.71E-07
8.92E-07
1.10E-05
7.35E-06
5.05E-06
2.24E-05
4.78E-05
0.000119113
3.99E-05
8.02E-06
2.01E-06
1.30E-05
3.67E-05
5.37E-05
9.39E-06
1.58E-05
2.02E-05
1.45E-05
1.37E-06
1.65E-06
2.89E-07
3.31E-06
1.00E-05
7.31E-06
0.000105913
0.000380022
2.81E-05
1.08E-06
4.71E-06
1.94E-05
4.56E-05
3.01E-05
7.40E-06
9.50E-06
3.52E-05
1.90E-05
8.52E-06
9.49E-07
8.30E-07
4.80E-08
1.57E-06
9.48E-07
2.07E-06
2.98E-06
7.90E-06
3.59E-05
1.06E-05
3.91E-06
4.08E-05
3.86E-05
2.43E-06
9.52E-06
1.84E-05
7.27E-06
2.33E-05
4.83E-07
3.91E-06
7.57E-06
4.74E-06
3.72E-05
0.000103254
0.000130572
6.03E-05
2.07E-05
1.10E-05
7.63E-05
8.45E-05
5.71E-06
1.05E-06
1.95E-07
9.34E-07
1.22E-05
4.24E-06
1.02E-05
2.59E-06
6.38E-07
5.61E-08
3.80E-06
2.33E-05
2.47E-05
0.000133737
0.000245881
5.06E-05
1.21E-05
1.10E-05
2.06E-05
3.61E-05
5.93E-07
2.55E-05
3.91E-05
6.44E-06
9.89E-06
2.20E-05
7.02E-06
1.04E-05
1.03E-05
5.28E-05
0.000168692
2.87E-05
1.98E-05
3.59E-05
3.31E-05
1.40E-05
2.33E-05
3.39E-05
1.66E-05
1.59E-05
5.74E-06
1.09E-05
3.34E-05
4.18E-05
1.56E-05
3.70E-05
0.000127334
2.09E-05
0.00010403
2.91E-05
1.77E-05
1.59E-05
4.03E-06
6.46E-06
8.12E-06
2.45E-05
1.93E-05
7.30E-06
2.78E-05
2.92E-05
6.14E-05
1.93E-05
1.10E-05
1.20E-05
7.89E-07
9.43E-06
8.82E-05
2.79E-05
5.42E-07
3.65E-06
4.49E-05
0.000233769
0.000168726
2.05E-05
2.41E-06
7.90E-07
6.09E-06
1.55E-06
1.28E-06
1.58E-06
6.59E-05
1.38E-06
3.37E-07
0.000142241
0.000311527
7.06E-06
2.20E-06
2.04E-06
6.25E-06
2.33E-05
5.02E-05
3.63E-05
5.83E-05
3.80E-05
7.38E-05
7.84E-06
1.75E-05
0.000537487
0.000148414
2.63E-06
2.93E-06
4.47E-06
2.92E-06
5.55E-06
1.56E-06
1.18E-07
1.57E-06
7.07E-06
4.73E-06
1.77E-06
2.72E-06
5.34E-06
4.95E-06
2.08E-05
4.35E-05
1.96E-05
9.61E-06
1.89E-05
6.57E-07
1.20E-06
4.14E-06
1.71E-07
0
0
2.88E-07
9.44E-07
1.43E-06
3.20E-06
5.94E-06
4.03E-06
6.95E-06
6.09E-06
1.92E-06
1.63E-06
4.63E-06
1.35E-05
1.06E-05
1.46E-05
1.09E-06
4.80E-06
2.21E-05
3.45E-05
6.21E-06
4.40E-06
3.77E-06
9.31E-06
1.03E-06
0
0
2.83E-07
1.97E-05
8.10E-05
8.27E-05
9.35E-06
2.45E-07
4.21E-07
2.66E-07
1.21E-06
2.50E-06
1.92E-06
1.51E-06
3.37E-07
1.98E-08
0
3.61E-07
6.07E-06
3.06E-06
4.66E-07
5.60E-08
2.45E-07
3.30E-07
1.18E-07
2.19E-06
3.02E-06
7.42E-06
1.13E-05
4.64E-06
6.19E-06
7.87E-06
1.69E-05
9.21E-06
1.76E-05
2.51E-06
5.63E-06
1.85E-06
2.51E-06
1.78E-06
1.20E-06
4.69E-05
6.86E-05
4.26E-05
5.30E-06
7.08E-06
1.77E-05
9.08E-06
2.07E-06
5.18E-06
7.11E-07
6.84E-07
2.05E-05
1.77E-05
1.91E-05
9.06E-07
4.69E-06
1.40E-05
5.68E-06
4.63E-06
1.38E-05
2.06E-05
2.43E-05
5.56E-06
1.85E-07
0
3.00E-11
9.76E-08
4.04E-06
1.25E-05
1.16E-05
3.97E-05
8.11E-05
9.65E-05
1.53E-08
0
0
3.35E-08
3.43E-07
7.24E-07
2.10E-06
5.66E-06
0
2.00E-11
0
0
6.63E-08
2.77E-06
1.24E-05
2.93E-05
0.000171685
7.15E-05
1.06E-06
7.59E-08
2.95E-07
2.59E-07
5.48E-06
5.68E-05
0.00010194
0.000104557
6.09E-05
6.89E-05
0.000145705
0.000101298
0.000100093
8.11E-05
1.41E-05
5.58E-05
9.59E-05
0.000570085
6.07E-05
8.35E-05
7.62E-06
4.65E-06
1.73E-05
3.52E-05
1.91E-05
2.53E-05
8.15E-05
9.94E-05
9.54E-05
4.05E-05
6.37E-05
1.07E-05
1.64E-05
0.000109313
0.000148815
3.14E-05
0.000114126
7.28E-05
3.77E-06
1.44E-06
7.50E-06
1.95E-05
9.65E-05
8.82E-05
2.85E-05
3.79E-06
1.23E-05
2.69E-05
1.38E-05
4.97E-05
0.00010696
2.83E-05
3.14E-05
1.58E-05
0.000100421
2.57E-05
6.72E-06
1.17E-05
2.59E-05
4.62E-06
5.90E-06
1.66E-05
1.23E-05
1.98E-05
7.32E-06
1.99E-05
6.27E-05
4.88E-05
4.06E-05
1.22E-06
6.06E-06
2.60E-05
7.11E-05
4.43E-05
6.11E-06
2.32E-05
4.07E-05
4.95E-05
3.95E-05
3.10E-05
0.00011262
0.000103594
1.50E-05
0.000122954
8.06E-05
0.000144113
0.000572419
0.000763542
0.000349459
0.000368168
0.000157969
2.65E-05
9.32E-05
1.34E-05
5.83E-05
5.75E-05
5.07E-05
3.46E-05
4.98E-05
9.89E-05
7.47E-05
0.000111651
0.000130095
6.57E-05
6.28E-05
8.12E-06
1.04E-05
3.90E-06
1.79E-05
1.60E-05
2.87E-06
3.84E-05
4.81E-05
9.41E-05
0.000333013
4.28E-06
1.15E-05
4.30E-05
1.05E-05
0.000104011
6.39E-05
3.46E-06
1.47E-05
6.01E-06
1.35E-06
2.40E-06
1.74E-05
1.42E-05
3.74E-05
3.91E-05
2.68E-05
4.24E-05
5.07E-05
2.81E-06
4.71E-06
6.01E-06
2.39E-05
1.70E-05
4.03E-05
0.000174051
1.21E-05
2.73E-05
1.09E-05
4.93E-06
1.19E-06
1.37E-05
3.22E-05
3.62E-05
3.84E-05
3.82E-05
2.59E-05
0.000270646
2.17E-05
1.57E-05
2.19E-06
1.30E-06
1.02E-05
2.69E-05
3.81E-05
1.79E-05
1.74E-05
4.81E-06
3.63E-06
3.04E-05
1.04E-05
1.39E-05
2.87E-05
3.68E-05
6.16E-05
2.13E-05
7.83E-05
6.88E-05
0.000130928
5.22E-05
1.45E-05
3.55E-07
1.97E-06
2.77E-06
5.73E-06
2.55E-05
1.45E-05
1.65E-05
2.72E-06
1.15E-06
1.84E-06
6.21E-06
2.78E-07
5.76E-07
3.11E-06
2.16E-06
9.61E-05
0.000113023
3.14E-06
2.44E-07
1.39E-06
1.15E-07
5.59E-08
1.67E-06
1.45E-06
4.58E-06
3.89E-06
1.36E-05
3.25E-06
2.39E-05
0.000535554
4.68E-05
6.36E-07
1.03E-05
1.02E-05
9.10E-06
9.40E-07
1.40E-07
5.30E-07
1.02E-05
3.72E-05
5.41E-06
4.09E-06
2.34E-06
2.91E-06
4.44E-06
3.99E-05
9.39E-05
0.000171375
5.74E-05
6.04E-06
2.40E-06
1.53E-05
1.90E-05
1.56E-06
2.16E-07
5.15E-05
4.28E-06
4.59E-06
7.81E-06
2.40E-05
5.17E-06
1.66E-06
2.78E-06
4.45E-06
5.41E-06
1.36E-05
9.11E-06
3.51E-05
1.22E-05
4.84E-06
1.45E-05
9.03E-06
1.04E-05
7.12E-07
1.50E-10
3.23E-09
5.90E-10
8.05E-08
1.28E-06
3.75E-06
4.22E-06
1.81E-06
1.31E-06
4.86E-07
