19930101
0
0
0
0
0
0
0
0
0
0
0
0
0
0
0
0
0
0
0
0
0
0
0
0
0
0
0
0
0
0
0
0
0
0
0
0
0
0
0
0
0
0
0
0
0
0
0
0
0
0
0.930064
4.49724
0
3.65598
12.7348
34.8123
10.1701
3.00175
19.5192
4.63306
15.18
26.5946
4.87155
0
0
0
0
0
0
0
0
0
8.03008
0
1.99245
6.36838
0.239479
25.3153
10.5815
11.1166
5.63692
2.26891
8.92387
40.9325
84.3203
5.51385
13.9653
17.0463
0
0.880302
11.0662
0
0
0
0
0
0
0
0
0
0
0
0
0
0
0
0
0
0
0
0
0
0
0
14.8572
0
4.8112
1.0028
53.4499
0
0
10.6517
5.22985
0
0
0
5.04573
6.00492
21.1372
66.8751
22.523
9.78751
10.5248
0
10.6851
14.412
29.4746
0
0
0
0
0
0
0.522018
0
127.211
0
0
0
2.38943
0
0
0
8.04746
16.1019
0
1.08604
9.19833
75.6404
0
0
0
0
0
0
0
0
0
0
2.16444
12.2913
4.37388
0
0
0
0
1.95476
0
0
5.9067
0
0
0
0
0
0
0
0
1.14029
0
0
0
0
0
0.969137
0
3.52813
3.48156
8.36358
33.9158
0
14.0612
3.52571
0
0
0.105159
122.454
0
4.0928
0
0
0
5.35319
5.82854
43.3242
32.4901
0
0
7.05015
8.82442
0
30.6566
6.23508
17.5454
64.2957
92.5068
0
3.86307
11.3875
0
0.169709
0
0
0
0
0
0
0
45.7519
0
17.8118
14.3703
5.60425
0
3.12762
0
0
0
0
0
0
0
0
0
0
3.89175
29.4102
0
0
0
5.7782
0
0
0
0
0
0
0
0
0
3.39987
0
6.53179
1.20098
0.97801
9.78312
24.3805
0
0
0
0
0
0
0
0
0
0
0
0
0
0
0
0
0
0
0
0
0
0
0
0
0
0
0
0
0
0
0
1.81365
0
0
1.18408
1.05922
0
0
6.79556
5.43935
0.150281
0
0
0
0
0
0
0
0
0
0
0
0
0
0
0
2.92756
0.647572
0
0
0
0
0
0
0.243233
0
0
0
8.27602
0
0
0
0
0
0
0
0
0
0
0
0
2.62819
0
0
0
0
0
0
0
0
0
0
0
0
0
0
0
0
0
0
0
0
0
0
0
0
0
0
0
0
0
0
0
0
0
0
0
0
0
0
0
0
0
0
0
0
3.96846
1.51768
0
0
0
0
3.20628
1.72389
0
0
0
0
0
0
0
0
0
0
0
0
0
0
0
0
0
0
0
0
0
0
0
0
0
0
0
0
0
0
0
0
0
0
0
0
0
0
0
0
0
0
0
0
0
0
0
0
0
0
0
0
8.11474
15.7938
3.72518
1.14471
4.30271
0
0
1.48608
3.07973
0.699309
2.01809
0
0
0
0
0
0
0
0
0
0
0
0
0
0
0
0
0
0
0
8.39133
0
0
0
0
5.96361
6.16351
1.8078
0
0
0
1.6578
2.67752
8.8044
8.50938
0
3.79915
4.0376
0
0
1.67683
0
0
8.48083
0
0
0
0
0
0
0
7.29504
0.239176
0
0
0
0
0
0
6.39809
1.22325
2.18322
0
10.8872
17.131
14.0274
17.4782
7.97045
12.0611
11.3061
0
0
23.9992
0
0
12.9066
13.6953
0
0
9.56247
12.6189
40.3083
4.07128
0
0
0
0
2.00103
0
0
0
0
61.8644
0
0
0
0
0
1.82357
3.76618
16.2149
0
0
0
9.18368
0
0
1.16842
1.83084
0
6.48924
26.3267
24.3795
0
17.8748
0
0
4.66138
0
0
10.4533
0
0
0
0
23.0636
13.9888
7.83874
52.4597
0
0
2.82576
0
19.9053
0
0
0
0
0
0
0
61.2799
0
26.9368
36.2748
62.2243
0
0
0
1.82974
0
0
0
0
0
0
0
23.8069
10.1516
0
0
0
0
16.6728
0
9.46174
19.655
3.02462
0
2.2507
0
1.86558
0
6.80498
7.87331
0.693099
0
0
0.401526
0
0
0
0
0
0
0
0
0
0
0
0
0
0
0
0
0
0
0
1.54627
0
1.6561
0.983847
0
0
0
0
0
0
0
0
0
0
0
0
0
0
0
0
0
0
0
0
0
0
0
0
0
0
0
0
0
0
0
0
0
0
0
0
0
0
0
0
0
0
0
0
0
0
0
0
0
0
0
0
0
0
0
0
0
0
0
0
0
0
0.523567
11.9924
0
0
0
0
0
0
0
0
0
0
0
0
0
0
0
14.7993
0
0.0996086
3.89007
2.31957
0
0
0
0
0
0
3.53548
0
0
0
0
0
0
0.654992
0
0
0
0
0
0
0
0
0
0
0
0
0
0
0
0
0
0
0
0
0
0
0
0.580152
0
0
2.02366
4.31654
2.46277
0
0
0
0
0
0
0
0
0
6.24145
17.5403
25.237
13.812
1.08914
0
3.1336
0
10.1159
26.6562
16.3587
34.8904
17.332
12.1189
0
0
15.5089
35.2341
34.1823
0
0
0
0
0
0
0
2.88302
9.80867
4.50089
2.53427
4.82318
1.34665
8.19322
3.2101
2.00521
3.64708
0
2.18626
4.6019
19.4902
0
5.91125
0
0
0
5.12814
13.0253
0
1.99294
0
0
0
0
0
0
0
0
5.12043
3.64908
2.34113
5.7809
1.41931
11.6268
42.4966
0
0
0
0.971896
3.00119
0
5.14623
0
0
0
6.21227
35.1906
1.12975
4.56573
0
0
0
0
0
0
0
0
0
4.95448
3.99992
4.96623
7.52322
0
0
2.52116
0
60.3374
8.56629
0
0
10.7741
9.91596
41.5367
36.2971
5.31976
0
2.63305
0
0
0
0
0
11.9909
0
15.7097
0
0
14.0207
88.6499
0
11.0697
46.8537
0
0
19.8939
10.0664
0
0
0
2.76406
2.38325
4.28959
0
0.152444
7.31164
5.32449
0
0
0
4.71296
0.563088
8.44356
0
0.950811
10.1149
35.4316
68.9892
5.57936
3.38184
0
0
19.1503
5.01012
0
0
2.17691
65.2363
0
0
6.94253
2.68262
0.0542008
0
0
0
0
0
0
0
8.7207
36.8746
17.3378
0
0
0
0
0
0
0
0
0.151806
3.78664
0
0
0
0
10.5884
0
11.123
0
0
8.64062
2.90201
5.63957
5.52572
1.64052
11.5455
0.138192
0
0
0
0
0
0
0
0
0
0
0
0
0
0
0
0
0
0
0
0
0
0
0
0
0
0
0
0
0
0
0
0.967283
4.85457
0
0
0
0
0
0
0
0
0
0
0
0
0
0
0
0
0
0
0
0
0
0
0
0
3.87734
0
0
0
1.52592
0
4.65407
1.14952
0
0
18.3601
20.5696
15.9047
4.05577
0
0
0
0
0
0
0
0
5.63906
3.5104
0
0
0
0
0
0
0
0
0
0
0
0
0
4.51071
0
0
0
0
0
0
0
0.494523
0
6.97854
12.7377
0
0
0
0
0
0
0
0
0
0
0
0
0
0
0
0
0
0
0
0
7.63645
0
0
0
51.5477
21.5415
1.66919
0
0
0.370031
8.03398
0
0
0
0
0
0
0
0
0
0.0158494
0.0316988
5.35553
4.90058
4.87516
0
0
0
0
0
0
0
5.05625
0.0676249
43.1357
12.4795
0
0.706069
1.12786
6.22683
3.61621
0
1.36269
0
0
0
7.79462
0
0
2.53001
13.2013
5.31731
8.95834
0
0
0
0
0
0
0
0.187592
0
3.08778
4.41204
1.63107
2.47417
1.87441
6.86563
10.232
0
0
0
11.0275
57.1018
18.1931
0
0
0
0
0
0
10.3178
5.99115
0
0.158318
7.48985
23.3216
62.8387
0
149.93
41.8791
21.8489
14.0614
80.5738
122.128
41.1317
0
12.6777
0
1.19363
0
0
0
0
0
4.64377
2.84979
0
0
12.1747
0
0
0
8.11164
0
1.18149
0
0
0
0
0
0
6.89936
5.98652
6.10955
0
0
1.2674
15.1387
2.17977
7.73965
0
0
0.118197
0
0
1.83634
5.72911
5.24694
14.0097
0
61.6663
7.62617
0
1.04573
0
0
0
0
0
0
0.89995
8.15968
0
0
2.46231
0
0
0
3.71857
0
0.516709
0.647079
0
0
1.91345
0
0
0
5.54187
1.94253
0
4.93329
0
0
0
17.6078
7.45677
0.835067
0
0
0
0
0
1.30935
0
0.0867
2.07937
0.801764
4.16006
0.69293
0.0949744
5.01468
13.1874
46.0708
0
0
0
5.4902
3.94748
1.40171
0
5.83068
0
0
0
1.16828
9.65555
0
0
15.2879
0
7.61861
2.54065
3.90456
2.739
0
0
0
0
0
0
0
0
0
45.4784
0
0
2.04958
0
0
0
1.66009
0
0
3.16278
1.99043
0.498438
1.03439
0
0
1.71129
2.41994
27.5851
0
1.13082
0.592849
4.3423
20.2458
0
0
0
0
0
0
0
0
0
0
0
0
0
0
0
0
0
0
0
0
0
0
0
0
0
0
0
0
0
0
0
0
0
0
0
18.2934
11.7413
17.1841
0
2.20944
0
0
0
0
0
0
0
0
0
0
0
0
26.1195
19.7073
3.73148
4.42673
1.18775
0
0
0
0
0
0
0
0
0
0
0
0
0
0
0
0
0
0
0
0
0
0
0
0
6.00872
1.93456
11.1659
0
0
0
2.9443
1.37806
13.0069
0
8.65195
0
0
0
0
0
0
0
0
0
2.93603
0
0
3.20961
0
0
0
0
0
0
0
0
5.53136
5.24847
0.458295
0
0
0
0
0
0
0
0
0
0
4.68899
0
0
0
0
7.7778
4.48991
0
2.99325
0.324975
0
0
0
0
0
0
0
0
0
0
7.21671
0
0
0
0
0
1.45669
8.03271
0
0
0
0
0
0
0
0
0
0
0
0
0.133925
16.852
0
0
0
1.79949
2.81229
2.8791
0.166136
0
0
0
0
0
0
0
1.92786
0.233618
2.03087
0
0
0
2.88845
0.0410413
0
0.0317287
0
0
0
0
0
0
0
0.0680114
0.356762
0
0
0
27.945
3.57144
0
0
1.1803
4.39671
0
0
0
0
0
0
0
0
5.04537
12.3866
0
0
7.52109
2.25493
1.02825
0.666466
3.88538
6.82951
8.60704
0
0
2.59838
5.6159
18.1055
25.6853
0
10.4963
4.14618
4.42174
5.12499
0
0
0
0
6.71763
0
3.93252
0
0
0
0
4.78661
0
40.7838
0
1.31258
0
0
0
0
0
0
111.861
0
0
1.20424
0
0
0
0
0
0
0
0
0
0
0
0
0
0
0
2.99976
0
0
1.21208
0
0
0
16.3715
5.10987
4.31635
4.35458
1.98177
15.1733
44.8531
0
23.3645
0
0
1.21778
9.67916
77.4103
0
0
0
4.42691
6.98384
0
8.95663
86.1025
0
0
0
0
0
13.492
59.1026
27.9249
9.61865
63.3468
0
0
0
4.50951
21.2969
58.0772
9.28649
8.34637
0
0
0
2.31402
4.24032
0
0
0
2.98036
0.861287
2.62967
5.71935
0
6.9564
2.26918
11.3743
93.2707
48.383
0
10.0619
20.8425
0
0
0
0
0
0
0
0
3.67897
17.6028
1.61966
6.63469
0
0
0
0
0
0
0
0
0
0
0
0
0
0
0
0
0
0
0
0
0
0
0
0
0
0
0
0
0
0
0
4.37783
6.95803
5.29395
7.54377
6.44836
0
0
0
0
0
0
0
0
0
0
0.912384
1.20205
0
0
0
0
0
0
0
0
5.48682
9.09193
13.2228
18.3015
10.5417
0
0
0
0
0
0.615499
0
0
0
0
0
0
0
0
0.154071
0
0
2.30522
0.0406383
0
0
0
0
0
0
0
0
0
0
0
0
0
0
0
0
0
0
0
0
0
0
0
0
0
0
0
0
0
0
0
0
7.41621
5.37265
11.5812
2.0046
0
0
0
1.32337
0
0
0
0
0
0
0
0
0
3.30141
8.49932
3.70954
5.24237
0.421339
0
0
0
0
0
0
0
0
0
0
0
3.00795
4.18972
0
0
0
0
0
0
0
0
0
10.2274
4.68873
0
0
0
0
0
0
1.61484
0
0
0.0104961
1.92928
0
0
2.28194
29.5387
0
0
0
0
0.266409
0
0
0
0
0
3.57537
0
0
2.16975
0
0
0
0
0
0
2.11285
10.6528
0
0.684942
0
0
0
0
1.82802
0.67657
1.09568
0
0
0
5.207
14.834
43.7223
26.683
0
0
0
0
0
0
0.643513
0
6.73628
0
0
0
0
0.638759
0
11.4152
5.15719
1.76228
0
0
12.0662
2.71618
5.67667
0
0
85.0867
0
0
0.83856
0
0
0
63.2592
81.4097
10.5937
0
0
0
48.175
68.6758
10.245
14.1562
7.03163
25.5953
10.8375
0
0
0
7.27996
0
6.13027
32.058
0
0
0
0
0
18.191
0
0
0
0
0
0
3.66528
0
7.77207
6.25879
0
0
0
0
21.5557
0.72853
0
2.02184
0
20.8293
46.0989
23.2797
5.14741
0
27.1721
9.57953
0
78.3831
0
0
4.34607
25.453
27.4764
67.8347
0
12.5224
3.47916
0
0
0
0.102624
0
22.9866
0
0.817894
0
10.2747
0
0
0
33.6894
62.8877
9.92534
0
0
0
29.4688
0
0
21.8672
0
0
107.552
20.2204
43.0712
0
0
0
5.29037
0
3.6971
0
0
0
0
0
0
0
0
7.35527
0
0
9.65135
0
3.48298
3.0876
16.9926
0.577403
0
0
9.89425
3.63491
12.4532
14.5515
1.03104
0.214022
0
0.290614
0
0
0
7.55435
30.4907
0
0
0
0
0
4.95542
0
0
0
0
12.4818
14.6014
11.1696
2.20986
4.52612
24.4088
8.97865
7.14008
2.85007
0
0
0
0
0
0
0
0
0
0
2.14203
0
0
0
0
0.981108
0
0
0
0
1.3959
0
0
0
0
0
0
0.134912
0.391998
0
0
0
0
0
0
0
0
0
0
0
0
1.95054
0
0
0
0
0
0.457796
0
0
0
0
0
0
0
0
0
0
0
0
3.26437
9.5028
6.74995
1.43986
3.05623
0
0
0
6.04054
0.0498098
0
0
0
0
0
0
0
0
18.0515
0
0
0
0
0
0
0
0
0
0
0
0
0
0
0
0
0
0
0
0
0
0
0
0
0
0
0
0
0
0.474344
12.6431
1.05766
12.3716
18.1183
9.12944
6.48134
9.05083
0
0
0
0
3.64306
1.27114
3.27273
64.7021
0
0
0
0
0
0
0
0
0
0
0
0
0
0
0
0
0
0
1.24807
2.63902
3.77611
9.95324
0
0
0
0
0
0
0
5.57346
1.20129
12.7776
8.93143
6.45164
0
0
0
0
0
0
0
0
0
0
0
0
0
0
7.06198
69.9782
1.76161
0
0
0
0
0
0
0
0
0
0
0
0
0
0
0
0
0
0
14.3495
22.8969
3.23275
0
0
9.82329
0.586074
0
4.30054
0
0
0
20.4159
0
0
0
0
0
1.15854
0
3.43522
0
63.1614
0
0
0
0
0
0
0
8.97987
0
6.69184
0
0
0
56.2524
293.086
70.2837
15.7436
44.7208
0
0
0
0
0
4.44136
12.1138
22.498
49.6612
32.58
68.7004
0
0
2.24541
0
0
0
7.28838
8.75065
1.66777
0
0
0
0
22.5112
52.7553
0.856047
0
2.78722
0
0
5.19828
0
0.0302925
1.09699
2.4613
0
0
4.28609
13.9089
9.34535
1.95048
8.92181
5.1339
0
20.9616
2.05092
0
0
0
0
9.20531
3.41702
8.67549
0
0
0
0
12.0513
7.79322
9.17036
0
0
0
0.846375
16.9438
0
0
0
0
0
0
1.8256
0.147276
0
0
0
14.0763
1.53963
35.3088
124.092
10.9428
0
0
0.540874
0
0.320743
5.69765
0
16.9892
122.591
0
0
0.0651235
1.90856
0
8.36333
0
0
10.9737
30.8879
0
0
0
0
10.7478
15.7203
3.86232
0
0
1.44901
2.43668
36.9595
0
0
18.6215
28.1804
0
0
1.13013
0
0
0
0.460294
0
7.33292
42.5993
7.57803
4.48104
8.08115
4.14604
0.0594185
0
0
7.1995
0.391206
9.23757
0
0
0
0.772984
0
0.991186
0
0
0
0
0
2.33703
0
1.22084
4.35915
2.24082
2.25796
8.50215
0.0628969
0
1.56413
0
0
0
0
0
0
0
0
0
0
0
0
0
0
0
0
0
0
0
0
0
0
0
0
0
0
0
0
2.45734
0
7.56567
14.1065
0
0.643928
0
0
0
0
0
0
0
0
0
0
0
0
0
0
0
0
0
0
0
0
0
0
0
0
0
0
0
0
0.916527
6.54342
0
0
0
0
0
0
0
0
0
0
29.6505
20.3409
2.83004
0
0
0
0
0
0
0
0
0
0
0
0
0
0
0
0
0
0
0
0
0
7.18345
0
0
0
0
0
0
0
0
0
0
0
0
0
0
0
0
0
0
0
0
0
0
8.0933
0
5.19885
0
3.69044
0
0
0
0
0
11.0302
3.9543
5.04543
43.0016
1.62165
10.7711
5.14723
0.66302
0
0
0
0
0
0
0
0
0
0
0
0
0
52.7075
1.55637
2.61002
4.58021
1.79533
0
0
0
3.44404
3.33539
4.75418
4.00249
28.0701
12.3424
33.5582
0
3.06965
25.5789
0
0
0
0
0
5.02614
7.93551
0
0
4.69182
3.30511
0
0
0
9.80815
7.1732
0
0
0
23.1186
59.4609
0
0
0
0
12.2338
65.9647
0
8.94108
49.0994
6.40999
29.9979
0
39.704
57.1505
22.3703
0.496554
4.78096
14.7262
34.7639
0
0
0
0
0
0
0
1.91769
9.375
25.759
16.7373
0
23.3988
105.676
0
0
0
35.1277
0
0
27.6658
34.1747
0
0
0
0
0
24.3873
0
6.89222
20.5744
2.59731
9.927
0
0
0
7.02953
3.85689
0
0
0
0
0
1.11297
0
3.1866
0
17.1834
0
5.19319
7.39741
0
24.6102
18.4401
0
0
0
0
0
0.269544
3.64019
7.63132
0
16.6581
5.74103
0
0
0
11.1515
0
0
0.227305
0
0
0
0
0
0
0
0
0
6.92764
0
21.7991
0
0.0382872
0
4.49407
0
0
0
0
0
3.33387
12.407
0
9.72176
7.52084
8.62045
13.1008
2.74789
5.58293
0.221254
0
0
0
0
0
0
0
0
0
0
0
0
0
0
0
0
0
0
0
0
0
0
0
0
0
0
0
0
0
0
0
0
0
0
0
0
0
0
0
0
0
0
0
0
0
0
0
0
0
0
0
2.23935
26.2294
7.30212
6.54535
0
3.34491
0
0
0
0
0
0
0
0
0
0
0
0
0
0
0
0
0
0
0
0
0
0
0
0
0
0
0
0
0
0
0
0
0
0
0
0
0
0
0
1.79018
6.46109
4.9269
20.0484
0
0
0
0
0.116634
0.735967
0
0
0
0
0
0
0
0
0.00330084
0
12.7536
0
0
0
0
0
0
0
0
0
0
2.38661
0
0.614575
4.58432
0
0
0
0
0
0
0
7.41066
4.32798
0
0
0
0
0
0
0
0
0
0
0
0
0
0
0
0
0
0
0
0
1.30018
0
0
0
0
0
0
2.83474
5.48261
94.4443
3.4549
0
0
0
0
0
5.30039
4.09749
0
0
0
1.02275
0.348523
0.242001
0
0
2.9908
2.3844
4.40267
8.32241
0
0
0
1.0349
0
0
0
0
3.22636
24.1766
2.27058
0.797482
0
29.7887
0.154898
8.92718
0
0
1.61043
0
8.87411
52.2657
20.4762
29.096
2.79282
10.0246
71.2782
144.958
0
18.2224
9.77271
4.31338
0
0
0
0
0
0
0
0
0
4.04851
2.43733
0
0
1.46306
9.14261
8.3197
29.2719
0
9.85044
77.5589
5.99352
0
0
0
4.9172
0.793842
9.65709
32.7771
0
0
0
0
0
0
3.51123
1.48476
16.1072
13.6835
5.81961
0.388273
11.2039
0
0
0.579399
12.4995
1.58415
0
5.83832
0
0
0
0.43822
42.5476
0
0
15.0434
0
0
2.12744
0
37.4154
0
0
0
0
5.73657
11.9464
20.5308
0
0
0
7.43749
0
5.11885
0
6.56403
11.087
10.6604
0
0
0
0
0
0
0
11.2855
29.4306
0
17.6312
0
0
0
0
0
0
0
1.23602
0.943244
0
0
0
0
1.41695
1.88662
0
0
0
0
3.26999
23.629
89.8957
72.2572
0
10.2004
0
0
0
0
0
0
0
0
0.286496
0
4.39963
15.6945
0
0
0
0
0
0
0
0
0
2.29277
6.05187
15.0908
27.9035
19.2046
0
0
0
0
0
0
0
0
0
0
0
4.63876
4.11187
9.58358
19.7867
53.7975
0
0
0.931522
0
0
0
0
0
0
0
0
0
0
0
0
0
0
0
0
0
0
0
0
4.82915
0.598895
0
0
0
0
4.77201
17.9123
28.2136
10.6515
2.65402
3.82299
0
0
0
0.291692
0
0
0
0
0
7.63273
53.3186
2.02851
0
0
0
0
0
0
0
0
0
0
0
0
0
0
0
0
0
0.805619
0
0
0
0
5.90E-06
1.20E-07
1.92E-07
4.70E-06
2.23E-05
2.25E-05
3.30E-05
1.13E-05
1.70E-05
6.85E-06
4.31E-06
8.55E-07
5.39E-07
4.79E-05
7.13E-05
4.37E-05
8.12E-06
4.74E-06
1.92E-07
4.87E-07
2.77E-06
2.97E-06
1.29E-06
8.13E-07
1.29E-06
1.37E-06
1.64E-06
4.43E-06
1.12E-05
2.00E-06
4.94E-06
1.97E-07
6.82E-06
1.93E-05
1.09E-05
2.47E-06
1.68E-07
0
0
0
0
3.46E-09
3.81E-08
1.95E-07
0
0
2.58E-09
2.75E-06
3.44E-06
1.87E-06
1.97E-06
1.45E-05
1.90E-05
1.19E-05
6.74E-06
1.97E-06
1.94E-06
9.18E-06
1.03E-05
7.93E-06
3.43E-05
1.78E-05
1.94E-05
2.13E-05
6.23E-05
1.90E-05
1.19E-07
1.29E-05
1.24E-05
4.39E-06
9.39E-06
1.73E-06
1.08E-08
3.00E-11
0
1.84E-07
3.61E-07
2.71E-07
8.36E-07
5.65E-06
6.70E-06
9.77E-07
2.76E-07
2.45E-06
2.05E-05
9.87E-06
3.57E-05
8.58E-05
0.000500483
0.000414737
0.000137719
0.000172702
0.000247883
1.86E-05
4.74E-06
1.14E-06
3.18E-06
4.07E-06
4.64E-06
4.99E-07
1.94E-07
1.62E-05
6.45E-05
0.000159203
0.000735463
0.000459253
6.18E-05
1.53E-05
6.83E-05
0.000230765
0.000525276
0.000198541
8.46E-06
2.10E-07
0
6.00E-08
0
8.74E-06
0.000133375
0.000105459
8.29E-05
2.63E-05
0.000105505
9.35E-05
8.46E-05
0.00048474
0.000427776
4.96E-06
3.65E-05
5.80E-05
7.59E-05
7.21E-05
6.75E-05
9.70E-05
4.87E-05
4.68E-05
6.76E-05
4.14E-06
5.82E-06
4.40E-05
5.99E-05
7.82E-05
6.00E-05
2.20E-05
1.48E-05
4.86E-06
4.75E-06
5.41E-05
2.45E-05
1.98E-05
1.83E-05
1.44E-05
1.61E-05
2.74E-06
1.39E-06
4.97E-06
3.36E-06
6.03E-06
2.26E-05
4.61E-05
7.83E-06
5.28E-07
2.16E-06
6.47E-07
1.97E-06
6.65E-06
8.21E-05
4.56E-05
0.000128701
3.90E-07
3.72E-07
2.88E-06
4.67E-07
4.82E-07
1.15E-06
7.58E-07
1.09E-07
1.78E-06
2.60E-06
1.83E-05
1.80E-05
9.81E-06
3.69E-05
2.28E-05
1.12E-05
3.67E-05
4.42E-06
1.52E-06
9.49E-07
1.93E-06
1.33E-05
7.64E-05
1.22E-05
9.45E-06
1.10E-06
1.92E-06
1.55E-06
2.31E-05
1.37E-05
7.13E-06
4.20E-06
1.72E-06
2.10E-06
2.34E-06
1.12E-06
7.64E-07
1.73E-07
2.85E-05
2.02E-06
1.96E-05
1.88E-06
1.06E-05
6.16E-05
7.31E-05
7.45E-05
3.90E-05
8.30E-05
3.90E-05
8.55E-05
6.65E-05
4.36E-05
7.60E-05
4.63E-05
9.40E-07
1.81E-05
2.52E-06
1.68E-06
2.31E-06
1.51E-05
8.69E-06
6.09E-05
9.13E-05
1.22E-06
8.84E-06
7.94E-07
1.70E-05
3.46E-05
5.33E-05
4.63E-05
2.88E-07
2.44E-06
6.30E-06
4.44E-06
2.17E-06
3.69E-06
5.34E-06
9.26E-06
2.04E-06
7.30E-07
6.52E-06
4.89E-05
2.21E-06
1.11E-05
3.71E-06
7.13E-06
1.13E-06
5.77E-06
4.07E-06
8.95E-07
1.37E-06
3.31E-05
2.01E-05
7.84E-05
0.000249988
7.77E-07
4.94E-05
0.000134581
1.48E-05
8.32E-06
5.68E-06
3.81E-06
7.39E-07
3.88E-06
1.53E-05
2.25E-05
1.11E-05
1.10E-05
2.58E-06
2.46E-05
8.85E-06
4.40E-05
2.83E-05
5.42E-05
4.85E-05
4.90E-07
4.55E-07
1.13E-06
1.79E-07
4.90E-06
3.60E-05
5.88E-06
1.66E-06
5.54E-05
6.87E-05
4.71E-05
3.47E-05
1.94E-05
4.77E-05
8.07E-05
8.90E-05
1.64E-06
5.38E-05
0.000138335
3.49E-05
8.54E-05
0.000342
4.69E-06
1.58E-05
3.04E-05
0.000321054
0.000497412
7.44E-05
0.000132037
3.99E-07
1.63E-05
5.94E-05
8.64E-05
2.16E-05
2.16E-06
4.35E-07
4.37E-07
2.79E-06
1.08E-06
8.41E-06
6.20E-05
1.02E-05
4.80E-05
1.43E-05
6.74E-06
8.48E-06
7.06E-06
5.62E-06
2.84E-06
4.33E-07
4.93E-07
7.57E-07
1.66E-06
6.31E-06
1.44E-06
1.37E-06
2.56E-06
1.74E-06
7.54E-07
5.30E-07
1.09E-05
3.30E-06
3.52E-05
0.000184067
0.000119529
5.84E-06
2.30E-05
3.73E-05
4.45E-06
1.50E-06
1.02E-06
3.70E-06
3.69E-05
3.95E-05
0.000150982
0.000112331
1.27E-05
3.13E-06
1.74E-06
2.02E-06
4.80E-07
6.25E-07
1.26E-09
0
0
1.50E-07
3.25E-08
0
4.19E-07
1.35E-07
7.82E-07
2.33E-05
4.25E-05
8.04E-05
2.73E-05
3.13E-06
2.38E-06
1.21E-05
3.34E-05
3.40E-06
3.38E-06
1.17E-06
1.10E-06
3.57E-08
0
0
5.88E-08
1.24E-08
6.80E-10
0
1.82E-07
4.13E-07
1.21E-06
7.67E-07
6.89E-08
1.58E-09
1.49E-07
2.11E-08
1.97E-07
3.90E-10
3.12E-07
1.40E-07
0
0
4.53E-08
2.28E-07
2.84E-07
6.47E-07
4.99E-07
5.39E-07
1.19E-06
5.32E-07
2.36E-07
2.37E-07
9.15E-08
7.36E-07
2.36E-07
6.77E-08
1.52E-06
1.32E-05
8.04E-08
6.50E-10
9.57E-07
1.22E-05
2.39E-05
2.21E-07
4.53E-07
1.68E-07
1.60E-06
5.25E-06
2.25E-05
1.08E-05
4.52E-09
5.58E-09
1.00E-10
2.80E-10
7.86E-08
5.17E-08
5.50E-10
3.90E-10
1.53E-07
2.98E-06
2.28E-05
1.18E-05
2.84E-07
3.07E-06
1.26E-06
8.39E-08
0
0
0
0
0
0
3.37E-09
1.00E-11
1.50E-10
0
0
0
0
0
0
0
0
6.01E-06
1.81E-05
6.61E-05
6.76E-05
8.59E-05
9.58E-05
8.89E-05
3.45E-05
9.67E-05
0.000133414
0.000120538
3.88E-05
4.68E-05
2.90E-06
3.27E-05
0.000160183
5.79E-05
6.56E-05
1.98E-05
0.000174131
0.000249397
0.000423765
0.000151131
1.46E-05
4.63E-07
2.66E-05
8.43E-05
0.000144425
4.83E-06
8.82E-06
9.65E-05
7.17E-05
8.96E-05
9.64E-05
4.35E-05
5.05E-05
5.04E-05
5.56E-05
5.10E-05
9.62E-07
2.99E-07
9.32E-06
2.54E-05
2.88E-05
5.96E-05
0.000110483
7.37E-05
6.30E-05
6.28E-06
3.87E-05
2.87E-05
6.21E-05
7.09E-05
2.10E-05
7.70E-05
6.06E-05
3.62E-05
2.46E-05
9.02E-06
2.50E-06
3.94E-06
2.02E-05
0.000137377
6.47E-05
1.02E-05
1.42E-06
2.89E-06
1.31E-05
3.62E-05
5.28E-06
2.90E-05
4.91E-05
2.86E-05
4.22E-05
9.65E-05
1.86E-05
4.76E-05
0.000119668
6.22E-05
6.81E-05
0.000148515
0.00042164
5.04E-05
4.81E-05
1.65E-05
1.18E-05
1.67E-05
2.75E-05
1.50E-05
4.20E-06
2.84E-05
3.78E-05
9.57E-05
3.30E-05
6.98E-06
3.27E-05
3.96E-05
9.07E-08
1.79E-06
2.17E-05
4.32E-05
2.04E-05
1.78E-05
2.92E-05
2.38E-05
4.96E-06
1.21E-05
3.84E-06
6.96E-06
1.02E-05
1.75E-06
1.48E-05
2.72E-05
4.93E-05
9.86E-05
5.20E-06
1.44E-05
4.05E-05
2.27E-05
1.40E-05
7.59E-06
9.12E-06
3.93E-05
3.50E-05
4.78E-06
3.31E-05
5.80E-06
6.04E-06
3.19E-05
0.000259827
6.31E-05
2.77E-05
0.000107975
3.58E-05
5.98E-06
3.28E-06
2.29E-05
0.000148629
2.60E-05
4.31E-05
5.34E-05
0.000217149
5.14E-05
0.000136587
0.000344276
3.27E-05
0.000479508
6.65E-05
0.000253679
4.50E-05
4.84E-05
8.99E-05
0.000675382
0.000533613
0.000127998
6.15E-05
0.000156676
0.000202152
4.62E-05
2.14E-05
2.12E-05
2.30E-05
8.23E-06
1.72E-05
4.53E-05
4.13E-05
4.55E-05
0.000116743
1.86E-05
2.17E-05
9.69E-06
2.58E-05
6.65E-05
0.000600213
0.0019409
0.000187039
8.89E-06
0.000428594
0.00053929
4.53E-05
0.000180229
0.000297849
0.000223073
0.000651205
0.000265156
8.74E-05
0.000556589
0.000322207
4.01E-05
3.46E-05
0.000151359
0.000376942
5.40E-05
2.83E-05
1.39E-05
9.03E-05
9.54E-05
6.96E-05
7.22E-05
2.29E-06
2.04E-05
6.95E-05
7.92E-05
7.70E-06
5.75E-07
3.12E-06
5.48E-06
0.000156493
8.15E-05
2.09E-05
2.04E-05
2.59E-06
1.18E-05
5.91E-05
4.35E-05
1.19E-05
4.23E-05
4.34E-05
8.01E-06
3.83E-06
2.37E-05
5.45E-05
9.75E-06
9.87E-06
1.69E-06
4.65E-07
1.53E-06
3.79E-07
3.27E-07
5.19E-07
1.63E-06
2.38E-06
1.01E-05
4.34E-06
1.05E-05
3.66E-05
2.57E-05
1.44E-05
3.72E-06
3.43E-05
3.10E-05
6.14E-05
0.000137877
2.98E-05
9.64E-06
1.31E-05
3.09E-06
1.21E-06
1.18E-06
1.67E-06
1.71E-06
4.79E-06
4.04E-09
7.10E-10
4.16E-06
1.61E-06
1.50E-07
2.25E-07
3.65E-07
1.50E-06
2.93E-06
1.18E-06
1.32E-06
1.01E-07
3.17E-08
1.18E-07
3.10E-06
1.18E-06
9.36E-08
0
0
0
1.29E-09
2.24E-09
8.97E-08
0
1.00E-11
1.16E-09
2.00E-11
1.26E-06
3.23E-06
6.47E-06
1.09E-05
1.32E-05
4.08E-06
1.70E-05
1.10E-05
2.08E-05
2.24E-05
4.18E-06
8.85E-07
0
4.53E-07
1.03E-06
3.53E-07
1.11E-06
3.53E-06
1.83E-06
3.66E-06
1.84E-06
1.04E-06
3.58E-07
5.26E-07
6.43E-07
1.82E-06
5.07E-06
5.15E-07
0
8.14E-08
2.87E-08
3.71E-08
1.76E-07
5.73E-07
1.87E-07
5.53E-07
2.48E-08
3.34E-07
3.72E-07
1.23E-07
2.42E-08
1.21E-08
0
0
1.85E-07
8.16E-08
1.00E-11
3.00E-11
2.00E-11
8.49E-07
7.18E-06
1.31E-05
1.23E-06
1.18E-05
3.87E-05
0.000238495
1.85E-05
4.88E-07
0
3.60E-07
3.32E-09
1.12E-08
5.24E-07
2.03E-06
3.27E-06
1.87E-06
5.59E-05
0.0012252
0.00109528
0.000153057
0.000195204
0.00014286
0.000195568
3.27E-05
5.25E-05
2.01E-05
4.09E-06
2.23E-09
2.33E-08
6.65E-08
7.03E-07
0
1.31E-06
1.65E-05
4.75E-05
1.61E-05
5.20E-06
1.90E-10
2.44E-07
2.54E-07
2.48E-07
1.49E-07
0
2.01E-08
1.88E-07
8.59E-07
9.95E-07
1.09E-06
1.80E-06
2.46E-05
6.86E-05
9.98E-05
1.54E-05
4.86E-05
8.91E-05
1.47E-05
1.47E-06
2.48E-05
0.00010298
3.94E-05
2.12E-05
3.45E-05
4.78E-05
4.62E-05
1.03E-05
4.39E-06
6.85E-05
0.000480563
3.60E-05
2.39E-06
3.70E-09
1.96E-06
5.19E-06
5.29E-06
9.40E-06
2.12E-07
2.30E-06
4.37E-06
1.72E-05
2.00E-06
1.00E-05
7.78E-06
5.44E-06
1.30E-06
1.06E-06
1.49E-05
0.000106626
1.92E-05
2.70E-06
3.65E-06
3.17E-06
4.43E-06
1.14E-05
8.47E-06
3.94E-06
6.57E-06
3.01E-05
2.18E-05
1.92E-05
8.10E-05
1.45E-05
1.67E-05
3.61E-06
3.26E-05
3.00E-05
1.08E-05
3.16E-06
4.33E-07
2.86E-07
1.87E-05
0.000106286
2.84E-06
1.29E-05
3.51E-05
3.90E-06
5.57E-07
3.69E-07
1.97E-05
2.98E-05
2.58E-06
8.66E-06
0.000351293
6.13E-05
1.01E-05
1.87E-05
2.86E-06
3.85E-06
1.63E-05
1.21E-05
4.18E-06
2.02E-06
9.96E-07
3.41E-05
0.000144436
1.33E-05
5.48E-06
2.46E-05
9.39E-05
2.13E-05
5.78E-05
1.47E-05
1.45E-05
3.58E-05
6.31E-05
7.35E-05
5.45E-05
7.49E-05
7.35E-05
2.85E-05
3.08E-05
4.72E-05
5.80E-05
4.75E-05
3.60E-05
9.66E-05
6.81E-06
3.97E-05
0.000196482
2.57E-05
5.78E-05
6.69E-05
7.84E-05
5.25E-05
3.33E-05
1.47E-05
3.05E-06
5.07E-05
4.69E-05
6.66E-05
4.54E-05
1.14E-05
2.84E-05
3.45E-05
6.00E-05
4.09E-05
4.64E-05
7.29E-05
2.97E-05
9.80E-05
7.50E-05
3.87E-05
7.41E-06
1.01E-05
1.83E-05
2.93E-05
9.42E-05
2.11E-05
2.85E-05
5.09E-06
4.06E-05
2.97E-06
1.17E-05
1.70E-05
8.44E-07
6.87E-06
1.54E-05
1.40E-05
2.61E-06
2.14E-06
2.59E-06
1.48E-06
3.04E-05
3.17E-05
0.000129416
0.000161051
0.000114854
9.15E-05
3.63E-05
4.46E-05
9.43E-06
1.59E-05
2.25E-05
7.49E-06
2.50E-05
4.32E-05
8.63E-06
1.56E-07
5.55E-07
1.60E-05
1.47E-05
3.90E-05
2.01E-05
3.71E-05
1.67E-05
3.25E-05
0.000392619
1.52E-05
6.97E-06
4.30E-05
4.30E-05
9.09E-05
6.82E-05
7.57E-05
1.08E-05
4.77E-06
1.30E-07
7.45E-07
2.54E-06
0.000150129
0.000783049
3.70E-06
8.53E-08
2.51E-08
4.44E-07
2.08E-06
1.89E-05
3.60E-05
3.16E-05
2.33E-05
4.68E-06
1.84E-06
5.53E-09
4.09E-08
2.35E-06
5.70E-06
2.97E-06
4.02E-05
7.88E-05
2.10E-05
4.93E-06
2.18E-07
5.81E-07
1.98E-06
2.51E-06
1.25E-05
0.000187283
0.000243814
2.47E-05
5.22E-05
0.000130557
8.30E-05
5.20E-05
1.83E-05
1.99E-05
4.01E-05
4.01E-05
4.60E-06
6.96E-07
1.74E-06
1.38E-05
5.40E-05
1.49E-05
4.87E-06
3.75E-06
1.92E-08
2.70E-10
1.58E-07
1.42E-06
1.52E-06
7.34E-07
4.70E-07
4.81E-07
2.10E-06
1.41E-06
9.52E-07
1.27E-06
1.24E-05
3.92E-05
0.000201309
0.000163456
2.17E-05
2.20E-06
1.45E-06
2.47E-06
4.24E-06
1.42E-06
2.69E-08
2.02E-07
3.26E-05
9.80E-05
4.11E-05
1.26E-05
4.91E-06
2.65E-06
3.37E-06
1.28E-06
1.72E-06
2.05E-07
3.65E-07
5.12E-07
2.09E-06
1.44E-06
8.60E-07
1.74E-06
1.96E-06
3.00E-06
3.39E-06
2.67E-05
3.16E-05
1.74E-05
2.38E-06
3.85E-06
6.67E-07
6.75E-06
2.09E-05
2.44E-06
9.85E-07
1.18E-06
6.52E-06
9.48E-07
1.24E-07
8.75E-08
2.66E-07
1.69E-08
1.69E-07
1.69E-07
1.53E-08
6.00E-10
2.97E-08
0
0
1.77E-08
6.25E-07
7.67E-07
7.54E-07
1.34E-06
3.40E-06
5.75E-08
1.19E-06
9.66E-07
4.33E-06
2.53E-06
1.91E-06
6.99E-07
8.85E-06
1.00E-05
3.69E-05
1.92E-05
3.22E-05
4.41E-05
2.15E-05
0
0
3.00E-11
7.67E-09
1.10E-06
9.24E-06
2.86E-05
2.04E-05
2.67E-07
2.04E-09
2.22E-08
5.10E-07
5.29E-06
2.05E-05
2.34E-05
5.64E-05
8.47E-08
5.56E-06
7.58E-06
1.07E-05
1.14E-06
1.09E-07
4.65E-07
9.80E-07
7.10E-07
2.90E-05
6.81E-05
8.82E-05
0.00108032
0.00104478
0.000238178
9.29E-05
0.000114543
5.30E-05
6.01E-05
4.72E-05
0.000154853
0.000105586
0.000124837
0.000116342
0.000129346
3.72E-05
8.39E-05
0.000283239
0.000132993
5.12E-05
6.09E-06
3.66E-05
6.05E-05
6.46E-05
5.46E-05
4.02E-05
5.00E-05
7.29E-05
1.64E-05
5.56E-05
5.08E-05
1.09E-05
8.29E-05
9.34E-05
2.17E-05
3.88E-05
0.000221159
0.000277279
1.62E-05
9.22E-06
8.91E-06
5.42E-05
4.02E-05
5.66E-05
9.78E-05
3.89E-05
0.000239596
4.94E-05
2.97E-06
3.03E-05
1.66E-05
5.08E-05
3.32E-05
1.62E-05
6.93E-07
2.35E-07
1.18E-05
3.15E-05
2.96E-06
3.98E-05
0.000144221
9.77E-05
5.52E-06
3.61E-05
5.47E-06
4.37E-07
1.27E-06
8.18E-07
1.72E-06
6.11E-08
2.92E-06
2.59E-05
0.000173169
2.89E-05
8.03E-05
1.68E-05
7.34E-05
0.000529292
3.34E-05
2.86E-05
2.54E-05
2.27E-05
0.000100701
5.68E-06
1.00E-05
2.00E-05
3.62E-07
1.43E-05
2.54E-05
2.38E-05
2.24E-05
1.27E-05
1.36E-05
4.86E-06
1.04E-06
8.89E-07
2.56E-06
9.07E-07
0.00012378
2.47E-05
0.000109115
6.89E-05
5.60E-05
3.51E-05
6.66E-05
8.60E-05
2.04E-05
2.11E-05
2.43E-05
7.81E-06
5.03E-05
5.17E-05
8.32E-05
5.19E-05
6.46E-05
2.85E-05
0.000232887
5.58E-05
0.000130277
1.51E-05
3.70E-05
6.25E-05
7.76E-05
1.42E-05
2.47E-05
0.000182943
3.63E-06
1.77E-05
9.31E-05
2.95E-05
8.07E-05
8.91E-05
0.00019938
2.38E-06
1.84E-05
1.13E-05
3.62E-06
2.71E-05
6.48E-05
7.66E-05
3.51E-05
3.17E-05
3.65E-05
3.59E-05
2.38E-05
2.37E-05
8.02E-05
5.30E-05
3.58E-05
4.14E-06
4.40E-06
0.000272038
8.03E-05
1.97E-05
3.47E-05
1.55E-05
6.90E-05
3.30E-07
7.38E-06
3.59E-05
7.88E-06
1.27E-06
4.39E-06
1.91E-05
9.47E-06
7.59E-06
1.18E-05
3.04E-05
1.12E-05
1.69E-05
1.44E-05
1.10E-05
1.09E-05
2.53E-05
8.14E-06
4.00E-06
1.79E-05
1.93E-05
1.17E-06
2.19E-06
8.31E-06
1.79E-06
2.04E-05
4.81E-05
3.18E-05
2.67E-05
2.00E-06
1.28E-05
1.12E-05
7.50E-05
1.09E-06
7.13E-07
1.40E-07
1.80E-06
6.40E-06
4.40E-05
2.27E-05
1.41E-05
9.32E-06
9.42E-05
0.00074853
0.00070757
0.000327392
8.56E-06
5.35E-05
1.30E-05
1.50E-05
1.97E-06
4.83E-07
9.99E-07
3.49E-06
1.25E-06
8.57E-07
1.28E-05
1.84E-05
3.81E-06
2.29E-06
8.19E-06
1.41E-07
2.20E-07
2.95E-05
0.00027736
0.000135128
0.000128004
6.81E-05
6.66E-06
3.81E-05
0.000105131
1.65E-06
2.39E-06
8.58E-06
3.50E-05
8.35E-05
4.78E-06
4.90E-05
0.000154814
7.39E-05
5.81E-07
1.37E-05
1.72E-05
1.13E-06
8.18E-07
2.64E-07
3.66E-07
3.27E-08
1.00E-11
0
0
1.03E-07
1.13E-07
2.45E-09
1.00E-11
5.00E-11
5.20E-08
4.51E-07
5.17E-07
4.31E-06
2.11E-05
1.65E-05
3.89E-05
2.55E-05
2.94E-05
7.13E-08
3.64E-07
5.67E-07
5.09E-07
7.21E-06
1.10E-05
4.78E-06
7.06E-06
8.84E-06
2.04E-06
2.02E-06
1.91E-07
1.67E-06
9.72E-06
3.37E-06
1.47E-07
6.35E-08
2.72E-07
1.26E-06
1.83E-06
1.90E-06
3.72E-06
1.18E-05
1.42E-06
2.52E-06
4.14E-07
0
2.08E-07
2.79E-07
7.65E-07
1.64E-06
3.96E-07
2.73E-06
1.21E-05
5.14E-05
2.76E-05
6.30E-06
1.73E-06
1.09E-06
2.45E-06
9.02E-07
2.17E-07
1.63E-07
0
7.75E-07
4.22E-07
4.84E-07
4.28E-07
2.48E-06
1.83E-06
1.00E-11
2.46E-07
1.41E-07
0
1.60E-07
1.87E-07
1.78E-06
2.94E-06
2.08E-06
5.67E-06
5.26E-07
6.21E-06
2.90E-06
2.54E-07
5.34E-08
7.99E-09
3.86E-08
7.83E-06
1.79E-05
1.67E-06
1.21E-08
2.81E-05
1.96E-05
3.38E-05
7.06E-05
0.000105172
7.94E-05
6.05E-05
2.50E-05
2.67E-05
7.12E-06
5.05E-06
1.41E-06
1.31E-06
3.27E-06
2.40E-05
1.77E-05
2.00E-06
3.25E-06
9.35E-07
1.80E-06
3.21E-05
0.000435619
0.000353598
3.06E-08
9.63E-07
8.81E-07
1.85E-06
3.79E-07
7.15E-07
3.84E-08
3.18E-08
2.64E-07
1.13E-06
1.69E-06
2.74E-07
0
3.91E-07
8.88E-06
1.35E-05
1.12E-06
1.45E-06
7.51E-06
9.67E-06
5.69E-06
7.32E-06
2.66E-05
0.00011305
9.08E-05
0.000109802
3.16E-05
2.19E-05
8.15E-07
2.02E-05
6.09E-05
3.92E-05
5.50E-06
4.22E-08
7.94E-07
2.17E-06
6.70E-05
3.03E-05
2.65E-05
0.000138982
0.000151559
2.87E-05
3.62E-06
2.00E-05
4.71E-05
5.28E-05
2.05E-05
1.13E-05
2.29E-05
4.27E-05
0.000159675
0.000843732
0.00103053
7.77E-05
6.39E-05
3.85E-05
1.07E-05
3.92E-06
1.15E-05
1.96E-05
2.50E-05
1.41E-05
8.30E-06
4.21E-05
2.72E-05
0.000123646
1.99E-05
2.19E-05
1.41E-06
7.88E-06
6.10E-06
2.19E-06
1.07E-05
1.28E-06
1.14E-05
2.80E-05
2.16E-06
2.77E-06
7.30E-07
1.98E-06
1.09E-05
1.40E-05
2.08E-05
8.58E-06
1.69E-05
1.36E-05
3.88E-06
1.97E-06
5.39E-06
2.97E-06
3.40E-05
9.45E-05
2.09E-05
5.53E-05
3.31E-05
8.13E-06
3.60E-05
3.87E-06
8.26E-06
1.00E-06
4.09E-06
1.50E-05
5.96E-05
4.34E-05
0.000145351
6.30E-05
8.21E-05
0.000270282
4.99E-05
5.23E-05
7.76E-05
0.00015809
8.77E-05
0.000129231
0.000272369
0.000114848
0.00036826
0.000157084
4.83E-05
6.46E-05
6.61E-05
4.04E-05
4.91E-05
8.11E-05
6.30E-05
3.67E-05
9.67E-05
1.68E-05
9.80E-06
4.38E-05
2.46E-05
3.28E-05
6.27E-05
6.07E-06
2.75E-06
2.31E-05
4.09E-05
3.72E-05
4.63E-06
1.38E-06
4.78E-07
1.34E-05
2.40E-06
3.94E-06
3.40E-05
1.25E-05
3.48E-05
3.84E-05
1.86E-05
2.12E-05
3.92E-05
6.08E-05
8.47E-06
4.49E-05
0.000146647
0.000658941
0.000192654
4.55E-06
5.82E-05
5.09E-05
1.52E-05
2.28E-05
0.000241104
9.96E-05
2.75E-05
0.000136931
0.000293612
0.000184917
1.22E-05
8.03E-05
5.54E-05
7.04E-05
2.52E-06
4.26E-05
8.06E-05
0.000624841
0.000150831
0.00010069
0.000733315
0.000364296
8.40E-05
4.70E-05
2.79E-05
3.10E-05
0.000103749
1.19E-05
1.94E-05
9.20E-05
4.92E-05
2.83E-05
3.44E-06
2.39E-05
0.00016528
2.95E-05
4.51E-05
4.50E-05
1.57E-05
0.000114365
9.76E-05
0.000101707
3.58E-05
1.74E-05
2.25E-05
4.74E-05
0.00013509
0.000679918
0.000840115
5.16E-05
7.29E-06
2.71E-05
5.86E-05
2.51E-05
1.28E-06
4.94E-05
2.71E-06
4.74E-06
4.94E-05
9.92E-05
9.09E-05
2.36E-05
7.98E-05
5.18E-05
6.15E-05
4.02E-05
4.25E-05
4.37E-07
3.61E-05
0.000262263
0.000359966
2.42E-05
4.17E-07
3.48E-07
3.33E-06
6.76E-05
9.50E-05
2.61E-06
3.96E-06
1.69E-05
4.96E-07
1.31E-07
8.61E-07
4.49E-07
2.17E-06
9.28E-06
3.31E-05
2.11E-05
1.70E-05
3.75E-05
5.57E-05
2.76E-05
2.72E-05
1.25E-05
1.45E-06
2.08E-07
3.39E-06
3.36E-06
1.18E-05
1.97E-05
6.56E-06
5.35E-06
4.13E-06
1.05E-05
1.40E-05
6.41E-06
1.11E-05
2.98E-06
3.71E-06
3.61E-06
1.09E-06
2.57E-06
1.39E-06
1.68E-06
2.14E-06
1.87E-06
2.42E-06
1.12E-06
2.10E-10
3.00E-07
7.08E-06
1.09E-05
2.52E-07
1.02E-09
2.04E-07
1.11E-07
4.04E-07
6.03E-06
4.76E-06
1.06E-06
1.65E-06
2.53E-07
1.36E-06
1.88E-06
7.20E-06
7.82E-06
1.01E-05
1.15E-05
1.57E-06
0
8.43E-09
1.40E-08
3.54E-07
7.71E-08
5.20E-10
3.77E-08
2.41E-07
4.35E-07
6.22E-07
3.37E-08
4.42E-07
4.14E-07
2.50E-06
5.86E-06
2.24E-06
2.07E-06
2.14E-06
3.02E-07
2.01E-07
7.57E-07
3.36E-06
3.05E-06
8.60E-07
5.58E-07
1.63E-06
5.25E-07
3.83E-07
1.08E-06
2.39E-06
2.55E-06
5.64E-07
1.55E-06
2.49E-05
4.41E-05
2.85E-05
1.64E-06
2.39E-07
8.06E-06
1.09E-05
5.60E-06
1.22E-08
1.79E-07
1.35E-07
1.54E-08
3.25E-07
1.70E-07
4.06E-06
1.80E-05
2.79E-05
4.66E-05
4.75E-05
3.82E-05
2.64E-05
6.26E-05
8.72E-05
6.40E-05
3.61E-06
8.75E-08
2.41E-06
3.59E-06
8.24E-07
3.30E-06
1.30E-05
0.000124565
1.19E-05
5.59E-08
2.98E-05
6.44E-05
0.000465795
2.72E-05
5.78E-05
3.88E-05
7.20E-09
8.88E-06
0.000156418
5.63E-05
9.15E-06
3.02E-05
6.01E-05
7.43E-06
1.50E-05
1.68E-05
2.88E-05
6.08E-06
4.74E-05
8.05E-06
9.11E-06
8.63E-07
6.60E-07
2.57E-06
2.94E-05
5.78E-05
5.21E-05
5.30E-05
0.000810529
0.000301325
0.000191033
5.34E-05
0.000140904
2.89E-05
3.60E-05
4.59E-05
0.00011873
9.83E-05
2.70E-05
7.75E-05
0.000105665
0.000336865
0.000118893
9.43E-05
0.000192829
8.42E-05
1.79E-05
1.89E-06
4.31E-06
2.38E-06
5.80E-06
9.81E-06
3.35E-05
3.10E-05
7.58E-05
4.96E-05
0.000107521
1.02E-05
5.83E-05
4.73E-05
4.44E-05
3.97E-06
1.02E-06
9.70E-06
2.73E-05
1.60E-05
3.97E-06
5.23E-05
0.000104052
4.81E-05
8.21E-06
2.23E-06
2.16E-06
1.32E-05
9.94E-05
1.96E-05
4.90E-05
2.09E-05
1.15E-05
1.40E-05
2.07E-05
2.80E-05
9.60E-06
1.82E-05
2.87E-05
3.55E-05
9.78E-05
0.000137316
1.08E-05
5.90E-05
5.39E-05
0.000219181
0.000150889
1.57E-05
6.59E-06
3.29E-06
2.54E-06
3.06E-06
3.35E-06
1.69E-05
4.24E-06
8.03E-06
9.10E-06
3.11E-05
2.79E-05
4.59E-06
3.57E-05
1.45E-05
1.31E-05
1.59E-05
4.47E-05
7.27E-06
1.39E-05
2.40E-05
8.78E-06
6.64E-05
4.62E-06
3.44E-05
5.35E-06
1.10E-05
4.39E-05
1.23E-05
1.56E-05
2.03E-05
9.04E-05
6.18E-05
0.000117145
2.74E-05
6.67E-05
2.52E-05
5.48E-05
5.59E-05
5.47E-05
3.88E-05
3.67E-06
6.27E-05
3.75E-05
2.14E-05
3.77E-05
4.36E-06
5.04E-05
4.02E-05
7.95E-05
0.000328472
0.000388392
2.20E-06
8.06E-05
0.000301314
0.000143582
8.93E-06
1.11E-05
1.19E-05
6.03E-05
9.91E-05
7.18E-05
0.000233509
7.92E-05
4.49E-07
8.97E-06
1.71E-05
6.97E-05
4.25E-05
8.64E-06
4.31E-05
4.66E-05
9.32E-05
6.76E-05
1.38E-05
8.30E-06
1.22E-05
6.81E-06
3.14E-05
1.90E-05
4.01E-05
4.70E-05
6.15E-05
0.000102808
1.39E-05
4.42E-06
1.92E-06
1.56E-06
2.00E-05
7.76E-06
0.000221385
2.71E-05
0.000182131
2.68E-05
5.01E-05
0.000132908
0.000556893
3.96E-06
2.21E-06
1.21E-05
5.99E-05
3.28E-05
1.38E-05
8.59E-06
4.13E-06
4.45E-07
2.99E-06
8.29E-05
0.000544731
0.000426618
1.92E-07
2.42E-09
0
0
2.38E-07
1.32E-06
1.52E-06
5.53E-07
1.64E-06
3.94E-05
0.000155434
6.29E-05
0.000165875
0.000424196
1.23E-07
9.52E-07
4.11E-06
7.58E-06
2.96E-05
5.57E-05
0.000403789
0.000281083
6.56E-05
6.42E-05
3.22E-07
1.58E-07
4.38E-07
5.02E-07
7.05E-07
7.84E-07
2.38E-07
6.16E-06
1.32E-06
1.22E-07
8.44E-08
4.17E-07
3.67E-08
1.48E-07
9.39E-08
3.70E-07
1.40E-06
3.12E-06
9.08E-06
1.48E-05
2.27E-06
3.27E-07
1.14E-06
4.61E-07
5.49E-07
4.09E-06
1.19E-05
3.95E-06
1.13E-05
4.14E-05
3.32E-05
1.15E-05
3.79E-06
1.08E-05
2.01E-05
7.56E-06
1.07E-05
6.31E-07
1.49E-06
3.15E-06
5.76E-09
2.23E-06
4.29E-06
4.72E-06
1.17E-05
1.50E-05
7.05E-06
0
1.64E-07
7.95E-07
1.32E-06
2.02E-06
1.92E-07
2.09E-06
1.78E-06
6.17E-08
2.26E-07
3.83E-07
1.35E-06
2.75E-06
1.55E-05
7.27E-06
1.46E-05
1.18E-05
1.10E-06
4.71E-07
9.56E-07
1.03E-05
3.97E-05
6.18E-06
5.88E-06
1.91E-07
2.75E-07
9.79E-07
1.89E-06
2.08E-06
3.94E-06
4.92E-06
5.07E-06
6.61E-06
1.02E-05
2.33E-06
9.42E-07
3.77E-06
3.42E-06
0
3.70E-10
1.60E-07
7.77E-06
2.55E-06
6.59E-06
9.24E-06
9.65E-06
4.25E-06
5.84E-06
1.06E-05
6.02E-06
9.71E-07
6.20E-07
2.82E-06
2.43E-06
5.66E-06
3.18E-06
6.06E-07
5.99E-07
7.77E-08
1.20E-06
1.10E-06
6.40E-07
1.79E-07
0
3.25E-08
7.58E-08
4.10E-09
1.72E-07
1.05E-05
2.84E-05
3.31E-05
4.54E-05
4.02E-06
2.20E-06
1.31E-08
0
2.00E-11
4.69E-08
0
0
0
7.41E-09
2.33E-08
1.50E-10
6.00E-11
8.82E-07
1.71E-07
8.63E-07
2.40E-07
4.50E-06
1.78E-05
2.95E-05
6.87E-05
6.74E-05
1.48E-05
3.36E-05
5.10E-06
4.65E-05
1.73E-05
2.41E-05
3.96E-06
2.00E-10
1.03E-06
6.01E-06
2.49E-07
2.88E-06
5.69E-05
3.03E-05
1.77E-05
4.31E-07
8.37E-05
2.39E-06
3.65E-06
7.36E-05
8.51E-05
3.43E-05
2.11E-05
7.19E-07
5.79E-07
2.39E-06
2.52E-07
2.20E-06
1.27E-06
3.72E-05
0.000124714
0.000207318
8.79E-05
0.000100818
0.000648947
4.90E-05
8.12E-06
3.46E-05
0.000118099
6.54E-05
3.48E-05
5.02E-05
4.80E-05
9.35E-05
7.72E-06
1.19E-05
1.57E-05
1.90E-05
3.19E-05
2.04E-05
3.87E-05
8.71E-05
6.94E-05
2.02E-05
3.73E-05
3.17E-05
0.000129389
3.93E-05
1.29E-05
2.81E-05
9.80E-05
3.38E-05
7.24E-05
1.50E-05
1.41E-05
2.89E-06
6.77E-07
1.34E-06
3.60E-06
2.80E-05
5.61E-05
7.93E-05
4.68E-05
0.000139422
7.71E-07
8.92E-07
1.10E-05
7.35E-06
5.05E-06
2.24E-05
4.78E-05
0.000119113
3.99E-05
8.02E-06
2.01E-06
1.30E-05
3.67E-05
5.37E-05
9.39E-06
1.58E-05
2.02E-05
1.45E-05
1.37E-06
1.65E-06
2.89E-07
3.31E-06
1.00E-05
7.31E-06
0.000105913
0.000380022
2.81E-05
1.08E-06
4.71E-06
1.94E-05
4.56E-05
3.01E-05
7.40E-06
9.50E-06
3.52E-05
1.90E-05
8.52E-06
9.49E-07
8.30E-07
4.80E-08
1.57E-06
9.48E-07
2.07E-06
2.98E-06
7.90E-06
3.59E-05
1.06E-05
3.91E-06
4.08E-05
3.86E-05
2.43E-06
9.52E-06
1.84E-05
7.27E-06
2.33E-05
4.83E-07
3.91E-06
7.57E-06
4.74E-06
3.72E-05
0.000103254
0.000130572
6.03E-05
2.07E-05
1.10E-05
7.63E-05
8.45E-05
5.71E-06
1.05E-06
1.95E-07
9.34E-07
1.22E-05
4.24E-06
1.02E-05
2.59E-06
6.38E-07
5.61E-08
3.80E-06
2.33E-05
2.47E-05
0.000133737
0.000245881
5.06E-05
1.21E-05
1.10E-05
2.06E-05
3.61E-05
5.93E-07
2.55E-05
3.91E-05
6.44E-06
9.89E-06
2.20E-05
7.02E-06
1.04E-05
1.03E-05
5.28E-05
0.000168692
2.87E-05
1.98E-05
3.59E-05
3.31E-05
1.40E-05
2.33E-05
3.39E-05
1.66E-05
1.59E-05
5.74E-06
1.09E-05
3.34E-05
4.18E-05
1.56E-05
3.70E-05
0.000127334
2.09E-05
0.00010403
2.91E-05
1.77E-05
1.59E-05
4.03E-06
6.46E-06
8.12E-06
2.45E-05
1.93E-05
7.30E-06
2.78E-05
2.92E-05
6.14E-05
1.93E-05
1.10E-05
1.20E-05
7.89E-07
9.43E-06
8.82E-05
2.79E-05
5.42E-07
3.65E-06
4.49E-05
0.000233769
0.000168726
2.05E-05
2.41E-06
7.90E-07
6.09E-06
1.55E-06
1.28E-06
1.58E-06
6.59E-05
1.38E-06
3.37E-07
0.000142241
0.000311527
7.06E-06
2.20E-06
2.04E-06
6.25E-06
2.33E-05
5.02E-05
3.63E-05
5.83E-05
3.80E-05
7.38E-05
7.84E-06
1.75E-05
0.000537487
0.000148414
2.63E-06
2.93E-06
4.47E-06
2.92E-06
5.55E-06
1.56E-06
1.18E-07
1.57E-06
7.07E-06
4.73E-06
1.77E-06
2.72E-06
5.34E-06
4.95E-06
2.08E-05
4.35E-05
1.96E-05
9.61E-06
1.89E-05
6.57E-07
1.20E-06
4.14E-06
1.71E-07
0
0
2.88E-07
9.44E-07
1.43E-06
3.20E-06
5.94E-06
4.03E-06
6.95E-06
6.09E-06
1.92E-06
1.63E-06
4.63E-06
1.35E-05
1.06E-05
1.46E-05
1.09E-06
4.80E-06
2.21E-05
3.45E-05
6.21E-06
4.40E-06
3.77E-06
9.31E-06
1.03E-06
0
0
2.83E-07
1.97E-05
8.10E-05
8.27E-05
9.35E-06
2.45E-07
4.21E-07
2.66E-07
1.21E-06
2.50E-06
1.92E-06
1.51E-06
3.37E-07
1.98E-08
0
3.61E-07
6.07E-06
3.06E-06
4.66E-07
5.60E-08
2.45E-07
3.30E-07
1.18E-07
2.19E-06
3.02E-06
7.42E-06
1.13E-05
4.64E-06
6.19E-06
7.87E-06
1.69E-05
9.21E-06
1.76E-05
2.51E-06
5.63E-06
1.85E-06
2.51E-06
1.78E-06
1.20E-06
4.69E-05
6.86E-05
4.26E-05
5.30E-06
7.08E-06
1.77E-05
9.08E-06
2.07E-06
5.18E-06
7.11E-07
6.84E-07
2.05E-05
1.77E-05
1.91E-05
9.06E-07
4.69E-06
1.40E-05
5.68E-06
4.63E-06
1.38E-05
2.06E-05
2.43E-05
5.56E-06
1.85E-07
0
3.00E-11
9.76E-08
4.04E-06
1.25E-05
1.16E-05
3.97E-05
8.11E-05
9.65E-05
1.53E-08
0
0
3.35E-08
3.43E-07
7.24E-07
2.10E-06
5.66E-06
0
2.00E-11
0
0
6.63E-08
2.77E-06
1.24E-05
2.93E-05
0.000171685
7.15E-05
1.06E-06
7.59E-08
2.95E-07
2.59E-07
5.48E-06
5.68E-05
0.00010194
0.000104557
6.09E-05
6.89E-05
0.000145705
0.000101298
0.000100093
8.11E-05
1.41E-05
5.58E-05
9.59E-05
0.000570085
6.07E-05
8.35E-05
7.62E-06
4.65E-06
1.73E-05
3.52E-05
1.91E-05
2.53E-05
8.15E-05
9.94E-05
9.54E-05
4.05E-05
6.37E-05
1.07E-05
1.64E-05
0.000109313
0.000148815
3.14E-05
0.000114126
7.28E-05
3.77E-06
1.44E-06
7.50E-06
1.95E-05
9.65E-05
8.82E-05
2.85E-05
3.79E-06
1.23E-05
2.69E-05
1.38E-05
4.97E-05
0.00010696
2.83E-05
3.14E-05
1.58E-05
0.000100421
2.57E-05
6.72E-06
1.17E-05
2.59E-05
4.62E-06
5.90E-06
1.66E-05
1.23E-05
1.98E-05
7.32E-06
1.99E-05
6.27E-05
4.88E-05
4.06E-05
1.22E-06
6.06E-06
2.60E-05
7.11E-05
4.43E-05
6.11E-06
2.32E-05
4.07E-05
4.95E-05
3.95E-05
3.10E-05
0.00011262
0.000103594
1.50E-05
0.000122954
8.06E-05
0.000144113
0.000572419
0.000763542
0.000349459
0.000368168
0.000157969
2.65E-05
9.32E-05
1.34E-05
5.83E-05
5.75E-05
5.07E-05
3.46E-05
4.98E-05
9.89E-05
7.47E-05
0.000111651
0.000130095
6.57E-05
6.28E-05
8.12E-06
1.04E-05
3.90E-06
1.79E-05
1.60E-05
2.87E-06
3.84E-05
4.81E-05
9.41E-05
0.000333013
4.28E-06
1.15E-05
4.30E-05
1.05E-05
0.000104011
6.39E-05
3.46E-06
1.47E-05
6.01E-06
1.35E-06
2.40E-06
1.74E-05
1.42E-05
3.74E-05
3.91E-05
2.68E-05
4.24E-05
5.07E-05
2.81E-06
4.71E-06
6.01E-06
2.39E-05
1.70E-05
4.03E-05
0.000174051
1.21E-05
2.73E-05
1.09E-05
4.93E-06
1.19E-06
1.37E-05
3.22E-05
3.62E-05
3.84E-05
3.82E-05
2.59E-05
0.000270646
2.17E-05
1.57E-05
2.19E-06
1.30E-06
1.02E-05
2.69E-05
3.81E-05
1.79E-05
1.74E-05
4.81E-06
3.63E-06
3.04E-05
1.04E-05
1.39E-05
2.87E-05
3.68E-05
6.16E-05
2.13E-05
7.83E-05
6.88E-05
0.000130928
5.22E-05
1.45E-05
3.55E-07
1.97E-06
2.77E-06
5.73E-06
2.55E-05
1.45E-05
1.65E-05
2.72E-06
1.15E-06
1.84E-06
6.21E-06
2.78E-07
5.76E-07
3.11E-06
2.16E-06
9.61E-05
0.000113023
3.14E-06
2.44E-07
1.39E-06
1.15E-07
5.59E-08
1.67E-06
1.45E-06
4.58E-06
3.89E-06
1.36E-05
3.25E-06
2.39E-05
0.000535554
4.68E-05
6.36E-07
1.03E-05
1.02E-05
9.10E-06
9.40E-07
1.40E-07
5.30E-07
1.02E-05
3.72E-05
5.41E-06
4.09E-06
2.34E-06
2.91E-06
4.44E-06
3.99E-05
9.39E-05
0.000171375
5.74E-05
6.04E-06
2.40E-06
1.53E-05
1.90E-05
1.56E-06
2.16E-07
5.15E-05
4.28E-06
4.59E-06
7.81E-06
2.40E-05
5.17E-06
1.66E-06
2.78E-06
4.45E-06
5.41E-06
1.36E-05
9.11E-06
3.51E-05
1.22E-05
4.84E-06
1.45E-05
9.03E-06
1.04E-05
7.12E-07
1.50E-10
3.23E-09
5.90E-10
8.05E-08
1.28E-06
3.75E-06
4.22E-06
1.81E-06
1.31E-06
4.86E-07
