19930101
0
0
0
0
0
0
0
0
0
0
0
0
0
0
0
0
0
0
0
0
0
0
0
0
0
0
0
0
0
0
0
0
0
0
0
0
0
0
0
0
0
0
0
0
0
0
0
0
0
0
0
5.772
18.3852
8.79545
0
17.1821
5.70264
1.99714
29.1397
0
22.4368
23.7152
9.67525
7.35799
1.46302
0
0
0
0
0
0
0
7.04681
0
10.3629
16.2318
5.6634
29.2499
4.85478
4.99325
2.06443
0
10.1065
2.69065
56.2847
1.64506
8.34842
14.837
0
0
21.5468
13.002
0
0
0
0
0
0
0
0
0
0
0
0
0
0
0
0
0
0
0
0
0
0
1.56265
0
5.07018
0
24.9418
0
0
13.5857
2.52362
0
0
0
7.05845
0
9.60586
60.9734
20.7115
1.95983
4.27303
0
3.33661
5.65954
15.7326
0
0
0
0
0
0
0
0
27.9059
2.58739
0
0
0
0
3.71573
0
7.86974
3.82993
0
0
44.2024
125.652
0
0
0
0
0
0.527773
5.41396
0
1.06858
7.28531
15.3168
0
0
0.820264
7.28453
0
0
17.132
0
7.3551
47.2902
0
0
0
0
0
0
0
0
3.03902
0
2.08073
0
0
0
0
0
1.16369
0
2.58444
0
0
10.4902
8.36203
0
0
9.47339
60.6234
0
0
1.42099
0
0
0
1.06926
29.8892
32.5621
0
0
2.07011
0
1.41778
45.269
0
0.454131
39.1147
21.6913
0
0
0
0
22.284
0
0
0
4.60368
0
9.21781
0
15.5261
0
35.3984
16.4007
11.5964
0
0
6.30184
0.0194009
0
0
0
21.6817
0
0
0
0
17.571
90.545
0
0
0
2.35821
0
0
0
0
0
0
0.0436896
0
3.44309
0
0
4.22752
0
1.31164
16.0708
25.4269
0.447483
0
0
0
0
0
1.62119
0
0
0
0
0
0
0
0
6.73977
0
0
0
0
0
0
0
0
0
0
0
0
0
2.18736
0
2.57633
0
0
1.97051
2.36519
0
0
7.61977
15.2248
34.204
0
0
0
0
0
0
0
0
0
0
0
0
0
0
1.23778
1.06797
1.14811
0
0
0
0
0
0
0
0
0
0
8.25458
0
0
0
0
0
0
0
0
0
0
0
0
1.35584
0
0
0
0
0
0
0
0
0
0.797599
4.66476
0
0
0
0
0
0
0
0
0
0
0
0
0
0
0
0
0
0
0
0
0
0
0
0
0
0
0
0
0
0
0
0
0
6.17627
0
0
0
0
0
1.53778
0.129015
0
0
0
0
0
0
0
0
0
0
0
0
0
0
0
0
0
0
0
0
0
0
0
0
0
0
0
0
0
0
0
0
0
0
0
0
0
0
0
0
0
0
0
2.70418
0
0
0
0.947735
0
0
0
0
4.02968
6.20084
0
31.9468
5.17611
0.267069
0
0.462073
1.26244
0
14.9263
0
0
0
0
0
0
0
0
0
0
0
0
0
0
0
0
0
8.36718
3.41896
4.06872
0
0
0
0
4.32918
7.80129
1.41317
6.84474
0
0
1.42835
1.0908
0
0
0
0
4.61248
0
0
1.0765
1.305
0
43.5211
1.60497
0
0
0
0
0
0.999
14.0624
1.47781
0
0
0.00406031
0
0
0
4.12177
28.0543
1.28907
0
17.0266
6.1785
13.5661
26.2938
7.32057
3.9282
0
0
0
0
0
9.31061
12.3382
35.8032
19.0241
0
16.8202
8.01066
27.4844
7.22068
0
0
0
0
3.84208
0
0
0
0
8.2978
0
0
0
0
0
2.14657
9.94341
65.2769
5.04033
4.37724
0
3.37789
0
0
0.0774201
0
0
5.34375
21.8306
10.7581
0
61.6369
3.05962
10.2472
3.24535
0
0
15.8256
0
0
0
0
6.27666
9.63833
8.17094
34.5508
0
0
0
0
5.72735
0
0
0
0
11.161
0
0
94.3969
1.38698
29.8952
15.2275
21.5825
0
0
0
5.95694
0
8.41641
0
0
0.943321
0
6.41863
29.8521
8.08459
0
0
1.93698
0
13.3157
0
4.17037
36.2084
1.67068
0
0
0
0
0
0
17.7014
0.476408
1.68067
0
1.47065
0
0
0
0
2.74708
0
2.04268
0
0
0
0
0
0
0
0
0
2.41892
0
0
0.622396
0
3.08581
7.25916
0
0
0
0.239732
0.490692
0
0
0
0
0
0
0
0
0
3.89191
0
0
0
0
0.236697
0
0
0
0
0
0
0
0
0
0
0
0
0
0
0
0
0
0
0
0
0
0
0
0
0
0
0
0
0
0
0
0
0
0
0
0
0
0
0
0
0
1.41237
0.0087511
8.25047
0.121376
0
0
2.28639
0
0
0
0
0
0
0
0
0
0
0
8.08274
0
3.97911
0
0
0
0
0
0
0
0
2.60167
0
0
0
0
0
0
0
2.06603
0
0
0
0
0
0
0
0
0
0
0
0
0
0
0
0
0
0
0
0
0
0
2.48165
0
0
8.07137
2.83946
12.1565
0
0
0
0
0
0
0
0
0
8.30697
17.6375
24.7658
6.75154
0.702938
0
20.3755
0
15.8269
48.5639
20.6831
13.7094
23.5501
37.6972
4.92386
0
40.899
24.2179
40.1068
0
0
0
0
0
0
0
1.76262
19.3211
13.0791
0
4.09413
5.75803
10.188
0
3.20713
1.306
1.37223
1.27601
0.298978
6.91585
0
6.67128
0
0
0
0
16.2585
0
6.8727
0
0
0
0
0
1.40285
3.53034
2.05113
4.30417
7.70914
2.82887
4.60159
0
5.55506
68.6001
0
0
0
0
0
0
22.2758
0
0
4.67508
5.48276
11.6836
0
0
0
1.28256
13.8939
0
0
0
0
0.661705
0
20.9893
20.9785
0
3.82103
0
0
6.79717
0
61.1823
41.8399
0
0
0
6.47693
47.5945
1.54858
2.08611
0
5.89412
0
0
0
0
3.91317
1.13418
5.42464
8.8367
0
0
0
32.1008
0
0
11.6643
0
0.671813
4.14974
0
0
0
2.55773
0
0
0
2.58663
0
5.79703
26.2439
0
0
0
0
1.84537
2.82755
0
0
3.42675
15.8704
20.666
0
0
0
0
17.947
11.72
0
6.64269
0
25.6359
0
0
0
2.51842
0
0
3.96136
0
0
0
0.939732
1.28939
0
21.2087
43.0199
1.98358
2.49987
0
0
0
0
0
0
0
0
0
0
0
0
3.85089
6.72491
10.9669
0.431911
0
9.77408
2.94004
2.44301
6.05597
1.59118
3.56447
0
0
0
0
0
0
0
0
0
0
0
0
0
0
0
0
0
0
0
0
0
0
0
0
0
0
0
0
0
0
0
0
3.82943
7.88503
2.32137
0
0
0
0
0
0
0
0
0
0
0
0
0
0
0
0
0
0
0
0
0
0
0
13.8169
0
0
0
0
0
0.719694
2.21463
0
0
13.1414
32.1706
20.3556
1.64114
1.44832
0
0
0
0
0
0
0
2.70825
17.4114
0
0
0
0
0
0
0
0
0
0
0
0
0
0.736019
0
0
0
0
0
0
0
1.04449
0.0408614
8.4416
19.5448
0
0
1.36967
0
0
0
0
0
0
0
0
0
0
0
0
0
0
0
0
0
3.10429
0
5.9517
0
18.2392
14.6849
0
0
0
0
2.27719
0
0
0
0
0
0
0
0
0
0
0
0
11.9086
4.14259
0
0
0
0
0
0
0
0
0
13.0707
0.046813
0.865444
0.40897
3.65569
2.00603
3.10053
0
0
0
0
0
27.4783
0
0
4.23099
24.1578
7.70833
48.5142
0
0
0
0
0
0
0
0
0
1.36331
0
0
0.909218
0
0
12.8705
0
0
5.46771
14.5816
58.1941
7.29034
0
0
0
0
0
0
5.46904
0
0
0
0
9.1027
17.4029
0
96.3333
42.4449
10.8759
12.6859
80.7044
59.592
18.6537
0
8.14415
0
1.36733
0.0617281
0
0
0
0
5.50827
6.44959
0
0
0
0
7.06586
0
0
0
0
0
0
0
0
0
0
8.3662
0.715778
0
0
0
20.3147
97.6078
0
0.0301444
0
0
0
0
0
6.62394
0
0
23.9177
9.18985
48.8324
7.36693
0
0
0
0
0
0
0
1.29934
0
4.93626
0
0
4.44665
0
0
0
0
0
2.62921
7.70185
0
0
7.17728
0
0
0
6.06638
6.10379
0
6.73364
0
0
0
58.0748
0
4.65634
0
0.0742325
0
0
0
0
0
0
0.509038
0
0
0.642596
0
0.176263
11.9861
21.5419
0
0
0
0
1.20477
3.51082
0
5.72214
0
0
0
1.30818
11.3924
0
0
9.877
0
0
0
0
0
0
0
0
0
0
0
0
0
0
5.57571
0
3.08359
0
0
1.77299
0
0.279514
0
3.95734
0
0
0
1.48135
0
3.80709
0.182729
0
17.3352
0
0
0
0
0.822902
0
0
4.567
0
0
0
0
0
12.3408
0
1.8213
0
0
0
0
0
0
0
0
0
0
0
0
0
0
0
2.01149
10.9811
0
0
0
0
0
0
0
26.665
12.864
34.7615
1.7896
4.27327
0
0
0
0
0
0
0
0
0
0
0.998379
0
21.6201
6.52208
4.22745
0
1.80198
0
0
0
0
0.438584
0
0
0
0
0
0
0
0
0
0
0
0
0
0
0
0
0
0
0
7.60109
2.489
19.473
0
0
0
1.8522
3.70626
24.4142
0
19.2975
1.33808
0
0
0
0
0
0
0
0
5.51036
0
0
2.73241
0
0
0
0
0
0
0
0
1.51869
1.92323
0
0
0
0
0
0
0
0
0
0
0
6.88331
0
0
0
0
3.77857
3.54376
0
0
0
0
0.300954
0
0
0
0
0
0
0
0
1.40227
0
0
0
0
0
0
27.159
0
0
0
0
0
0
0
0
0
0
0
1.73872
1.24227
9.65032
6.70671
0
0.213092
0.304102
1.75652
4.52979
0
0
0
0
0
0
0
1.7798
4.57471
0.134531
0
0
1.10978
2.52048
3.52975
2.25373
0
9.01173
0
0
0
0
0
0
0
0
0
0
0
0
9.94422
1.30274
0
0
0
0
0
0
0
0
0
0
0
9.28098
0
6.02725
0
0
0
0
0
28.3789
2.87897
0
2.1396
0
0
0.364855
0
0
0
2.69491
13.2993
1.66295
2.98949
6.32306
0
0
0
0
0
5.01195
0
0
0
0
0
0
0
0
0
0
8.21093
0
3.93973
1.77207
0
0
53.4526
0
0
1.56429
0
0
0
0
0
0
0
0
0
0
1.40526
0
0
0
0
4.00389
0
0
0
13.6196
0
2.64752
11.1934
0
1.49264
0.812217
0
0
24.453
0
6.07545
0.338887
0
0
0
45.4454
14.3762
0.0863894
0
2.03711
12.5066
0
0
45.2562
0
0
0
0
0
6.29818
22.1993
14.3212
0
34.1416
0
0
0
6.89662
8.27475
20.8466
0.870788
15.2949
0
13.7865
18.2713
0
6.95629
0
0
0
0.536736
1.38858
0
7.91267
6.79973
9.04564
3.52175
0
25.0827
8.22403
0
3.24834
2.39742
0
0
0
0
0
0
0
0
4.08072
7.50575
0
3.53671
2.8473
2.00022
0
0
0
0
0
0
0
0
0
0
0
0
0
0
0
0
0
0
0
0
0
0
0
0
0
0
0
0
0
0.172943
5.98285
17.7932
9.04396
21.5755
0
0
0
0
0
0
0
0
0
3.91048
2.95063
2.54309
0
0
0
0
0
0
0
0
3.06223
12.2987
6.96112
12.5527
12.3353
0
0
0
10.519
0
4.21881
2.21929
0
0
0
0
0
0
0
0.439586
0
0
3.66637
0
0
0
0
0
0
0
0
0
0
0.275392
0
0
0
0
0
0
0
0
0
0
0
0
0
0
0
0
0
0
0
0
0
0
8.71651
26.6424
20.7173
0
0
1.79298
0
0
0
0
0
0
2.98541
0
0.429067
0
0
1.35246
1.83954
4.05161
6.1127
0
0
0
0
0
0
0
0
0
0
0
0
1.0747
0
0
0.505059
0
15.1039
0
0
0
0
0
13.4215
46.834
0
0
0
0.069818
3.01317
0
7.12196
0
0
2.44028
1.09589
2.6703
1.94841
0
23.8273
0
0
0
0
6.26015
0.126037
0
0
0
0
0
0
0
0
0
0
0
0
0
0
0
11.8218
0
4.22971
0
0
0
0.602071
5.10098
9.91417
12.9236
9.79505
7.99707
0
7.97558
11.1447
72.8793
47.4558
0
0
2.73571
5.83425
0
0
0
2.22513
0.155239
0
0
0
0
7.59569
0
7.10683
4.71682
2.05918
0.973922
0
16.9926
0
1.32804
0
0
66.8051
0
0
5.67254
10.5609
0
0
9.85851
55.824
18.9102
0
0
0
24.6614
91.3599
26.8519
22.262
12.0322
18.351
3.64947
0
6.68309
0
7.6907
12.7327
6.11543
50.284
0
0
7.91853
0
18.5308
26.7471
15.95
0
6.91997
0
0
0
4.90626
1.52759
29.3783
16.9698
0
0
4.74972
7.37663
44.6067
17.1779
0
12.1544
14.5832
69.19
95.2514
23.2053
0
0
12.6834
7.69415
2.57013
44.9916
0
0
21.8645
61.2006
14.635
21.3249
0
27.1644
28.8354
0
0
0
11.6396
0
6.21881
0
0.934601
0
0
0
0
0
12.5358
53.9398
5.30694
0
0
0
19.9902
0
0
10.6461
0
0
43.6663
0
39.4976
0
0
0
9.32567
2.76292
4.9708
8.34623
0
0
0
0
0
0
0
75.7266
0
0
3.51308
0
0
0
6.88658
0
0.126479
2.2131
1.091
0.435807
8.6923
4.86205
0.0277785
0
0
0
0
0
0
0
20.642
0
0
0
0
0
1.84709
0
0
0
0
5.74318
23.3112
3.07764
0
3.15632
35.3979
1.30515
8.77709
5.59517
0
0
0
0
0
0.90184
0
0
0
0
4.93568
0
2.35274
0
0
6.73027
0
0
0
0
0
0
0
0
0
0
0
0
0.308166
0
0
0
0
0.208883
0
0
0
0
0
0
0
3.2922
0
1.19281
0
0
0
1.03652
0
0
0
0
0
0
0
0
0
0
0
0
3.45093
8.99038
9.03688
5.06006
9.02019
0
0
0
2.05964
2.80155
0
0
0
0
0
0
0.583266
1.74035
12.9274
0
2.4864
0
0
0
0
0
0
0
0
0
0
0
0
0
0
0
0
0
0
0
0
0
0
0
0
0
0
0
0.920039
8.31202
2.21283
8.51435
19.7145
2.55234
9.54693
3.4574
0
0
0
0
0.230934
22.6063
6.43752
57.0894
0
0
0
0
0
0
0
0
0
0
1.89937
0
0
0
0
0
0
1.49298
4.87192
0
4.04848
19.952
0
0
0
0
0
0
0
14.4973
10.1066
17.5965
17.2548
8.73433
0
0
0
0
0
0
0
0
0
0
0
0
0
0
5.67794
34.4972
0
0
6.89651
0
0
0
0
0
0
0
0
0
0
0
0
0
0
0
0
9.37981
26.1401
0.10483
0
0
5.64971
2.14287
0
0
0
0
0
26.9716
0
0
0
0
0
0
0
0
0
0
0
0
0
0
0
0
0
0
0
1.47482
0
0
35.7598
4.01869
184.893
5.3842
0
0
0
0
0
0
0
0
0
9.86806
7.8217
0
26.1135
0
0
0
0
0
0
2.77507
0
1.27379
0
2.38834
0
0
5.76593
36.8284
0
0
0
0
0
0
8.3202
12.6702
3.05556
3.30225
0
0
16.2893
43.2127
8.44669
1.15795
3.00334
0.999745
4.86898
7.51316
7.40871
0
0
0
0
0
16.4633
1.44004
0
0
0
0.585215
2.0257
0
29.2356
0
0
0
0
13.7608
0
0
0
0
0
0
5.66774
0
0
0
4.45153
59.5163
0.00144642
66.7446
102.327
15.0808
0
0
2.08151
0
1.40429
0.256785
0
3.88823
66.738
0
0
0
0
0
0.68323
0
0
4.56935
12.9041
0
0
4.92279
0
25.5034
4.74326
0
0
0
3.38249
7.24832
15.9045
0
0
17.254
53.6797
0
0
0
0.551261
0
0
0
15.2617
3.54926
44.6686
4.61611
0
4.59195
1.19108
0
0
0
8.45177
0
2.79803
0
0
0
0
0
8.55564
0
0
0
0
0
2.87879
0
0
0.555813
1.53139
0
1.94007
0.98712
0
0
0
0
0
0
0
0
0
0
0
0
0
0
0
0
0
0
0
0
0
0
0
0
0
0
0
0
0
0
0
0
1.39632
2.84254
0
0
0
0
0
0
0
0
0
0
0
0
0
0
0
0
0
0
0
0
0
0
0
0
0
0
0
0
0
0
0
7.19045
0
0
0
0
0
0
0
0
0
0
17.8612
7.73068
1.93933
0
0
0
0
0
0
0
0
0
0
0
0
0
0
0
0
0
0
0
0
0
14.4142
0
3.04043
1.08413
0
0
0
0
0
0
0
3.97123
0
0
0
0
35.2474
0
0
0
0
0
0
10.9674
3.29628
39.9776
0
4.92492
0
1.92445
0
0
1.96756
3.84778
0
2.50302
17.742
0
2.75747
18.6609
13.1582
0
0
0
1.01709
0
0
0
0
0
0
0
0
0
12.28
4.91979
2.63065
8.92646
5.44694
0
0
0
7.46984
6.53447
0
0
19.4407
50.0918
9.12678
6.78117
0
3.40579
0
0
0
0
0
1.4477
0
3.04011
0
3.92628
5.78116
0
0
0
0.082124
9.54799
0
4.26191
0
0
15.8029
0
0
0
0
0
6.70531
0
21.3951
35.7604
0
0
0
44.7833
20.7342
12.7386
0
7.05489
5.70833
0
10.5643
0
15.1993
0
0
0
0
1.13562
10.4653
23.6905
3.25212
0
8.78583
76.5885
0
0
0
24.6305
0.747891
0
0
3.97631
0
0
0
0
5.47321
33.5791
0
1.39882
11.9965
5.54201
10.9784
0.486235
1.61703
0
1.62843
15.8082
0
1.26962
0
1.6043
0
2.07378
0
10.1538
0
6.01837
0
3.39043
0
0
39.4799
46.3049
0
0
0
0
0
4.00955
0
0
7.8115
47.0786
17.3964
0
0
0
1.67859
0
0
0
0
0
0
3.45553
0.210464
0
0
0
0
3.30396
0
0
0
3.6607
0
0
0
0
0
0
3.65248
0
4.66108
0
10.8298
13.9257
13.8853
28.7444
13.304
18.8526
0.865259
0
0
0
0
0
0
0
0
0
0
0
0
0
0
0
0
0
0
0
0
0
0
0
0
0
0
0
0
0
0
0
0
0
0
0
0
0
0
0
0
0
0
0
0
0
0
0
0
0
0
0.393489
13.5058
5.78842
5.04091
6.03096
17.6342
0.863514
0
0
0
0
0
0
0
0
0
0
0
0
0
0
0
0
0
0
0
0
0
0
0
0
0
0
0
0
0
0
0
0
0
0
0
0
0
0
0
2.9366
2.2926
1.34686
7.29123
0
0
0
0
0
0
0
0
0
0
0
0
0
0
0
0
13.3081
0
0
3.34777
0
0
0
0
0
0
0
5.91983
0
0
0
0
0.845986
0
0
0
0
0
7.2843
1.76165
0
0
0
0
0
0
0
0
0
0
0
0
0
0
0
0
0
0
0
0
2.73814
0.933627
0
0
0
0
0
6.35444
6.41713
120.575
0
0
0
0
0
0
4.75598
1.63828
0
0
0
0.921005
0
1.11092
0
0
6.10943
18.2257
12.7799
22.6179
0
0
0
0
0
3.65927
0
0
0
14.172
0
0
0
13.1564
2.99968
4.40703
0
1.23038
1.1648
0
4.66371
0
4.23449
5.40568
0
12.9613
25.3987
79.8986
0
5.1579
9.28909
15.9187
0
0
0
0
0
0
0
0
0
0
5.26286
0
0
0
0
3.1633
7.78457
0
6.50667
0
0
0
0
0
0
0
0
5.43878
0
0
0
0
0
0
5.72725
7.46579
7.78334
12.7923
12.9797
2.02767
10.3326
3.53289
2.51515
0
9.31187
5.48434
0
0
0
0
0
0
0
7.14036
7.40462
9.69072
0.854176
0
0
0
30.8496
0
0.5544
0
0
6.95283
13.6433
54.5686
0
0
0
9.07299
0
8.17768
0
0.841084
7.17209
10.7842
0
0
0.641005
9.0074
0
0
0
10.2226
64.2905
0
0
0
0
0
0
0
0
0
0
1.94249
0.416131
0
0
3.20288
0.943828
0.79348
0
0
0
0
0
0
15.2753
33.9656
1.39433
2.25387
0
1.16164
0
2.24238
0
0
0
0
1.45148
0
0.196119
10.1817
0.0505656
0
0
0
0
0
0
0
0
3.71963
4.3609
6.84848
14.5491
31.8589
0
0
0
0
0
0
8.02473
0
0
0
0
1.9358
3.78921
0.650944
12.3973
60.9424
0.034891
0
21.9405
0
0
0
0
0
0
0
0
0
0
0
0
0
0
0
0
0
0.290778
0
0
3.54195
0
0
0
0
0
4.91899
28.6964
51.3621
14.7622
8.00801
19.8507
0
0
0
0.0134717
0
0
0
0
2.48401
3.72172
26.9008
5.96848
5.15391
0
0
0
0
0
0
0
0
0
0
0
0
0
0
0
0
10.1119
0
0
0
0
5.90E-06
1.20E-07
1.92E-07
4.70E-06
2.23E-05
2.25E-05
3.30E-05
1.13E-05
1.70E-05
6.85E-06
4.31E-06
8.55E-07
5.39E-07
4.79E-05
7.13E-05
4.37E-05
8.12E-06
4.74E-06
1.92E-07
4.87E-07
2.77E-06
2.97E-06
1.29E-06
8.13E-07
1.29E-06
1.37E-06
1.64E-06
4.43E-06
1.12E-05
2.00E-06
4.94E-06
1.97E-07
6.82E-06
1.93E-05
1.09E-05
2.47E-06
1.68E-07
0
0
0
0
3.46E-09
3.81E-08
1.95E-07
0
0
2.58E-09
2.75E-06
3.44E-06
1.87E-06
1.97E-06
1.45E-05
1.90E-05
1.19E-05
6.74E-06
1.97E-06
1.94E-06
9.18E-06
1.03E-05
7.93E-06
3.43E-05
1.78E-05
1.94E-05
2.13E-05
6.23E-05
1.90E-05
1.19E-07
1.29E-05
1.24E-05
4.39E-06
9.39E-06
1.73E-06
1.08E-08
3.00E-11
0
1.84E-07
3.61E-07
2.71E-07
8.36E-07
5.65E-06
6.70E-06
9.77E-07
2.76E-07
2.45E-06
2.05E-05
9.87E-06
3.57E-05
8.58E-05
0.000500483
0.000414737
0.000137719
0.000172702
0.000247883
1.86E-05
4.74E-06
1.14E-06
3.18E-06
4.07E-06
4.64E-06
4.99E-07
1.94E-07
1.62E-05
6.45E-05
0.000159203
0.000735463
0.000459253
6.18E-05
1.53E-05
6.83E-05
0.000230765
0.000525276
0.000198541
8.46E-06
2.10E-07
0
6.00E-08
0
8.74E-06
0.000133375
0.000105459
8.29E-05
2.63E-05
0.000105505
9.35E-05
8.46E-05
0.00048474
0.000427776
4.96E-06
3.65E-05
5.80E-05
7.59E-05
7.21E-05
6.75E-05
9.70E-05
4.87E-05
4.68E-05
6.76E-05
4.14E-06
5.82E-06
4.40E-05
5.99E-05
7.82E-05
6.00E-05
2.20E-05
1.48E-05
4.86E-06
4.75E-06
5.41E-05
2.45E-05
1.98E-05
1.83E-05
1.44E-05
1.61E-05
2.74E-06
1.39E-06
4.97E-06
3.36E-06
6.03E-06
2.26E-05
4.61E-05
7.83E-06
5.28E-07
2.16E-06
6.47E-07
1.97E-06
6.65E-06
8.21E-05
4.56E-05
0.000128701
3.90E-07
3.72E-07
2.88E-06
4.67E-07
4.82E-07
1.15E-06
7.58E-07
1.09E-07
1.78E-06
2.60E-06
1.83E-05
1.80E-05
9.81E-06
3.69E-05
2.28E-05
1.12E-05
3.67E-05
4.42E-06
1.52E-06
9.49E-07
1.93E-06
1.33E-05
7.64E-05
1.22E-05
9.45E-06
1.10E-06
1.92E-06
1.55E-06
2.31E-05
1.37E-05
7.13E-06
4.20E-06
1.72E-06
2.10E-06
2.34E-06
1.12E-06
7.64E-07
1.73E-07
2.85E-05
2.02E-06
1.96E-05
1.88E-06
1.06E-05
6.16E-05
7.31E-05
7.45E-05
3.90E-05
8.30E-05
3.90E-05
8.55E-05
6.65E-05
4.36E-05
7.60E-05
4.63E-05
9.40E-07
1.81E-05
2.52E-06
1.68E-06
2.31E-06
1.51E-05
8.69E-06
6.09E-05
9.13E-05
1.22E-06
8.84E-06
7.94E-07
1.70E-05
3.46E-05
5.33E-05
4.63E-05
2.88E-07
2.44E-06
6.30E-06
4.44E-06
2.17E-06
3.69E-06
5.34E-06
9.26E-06
2.04E-06
7.30E-07
6.52E-06
4.89E-05
2.21E-06
1.11E-05
3.71E-06
7.13E-06
1.13E-06
5.77E-06
4.07E-06
8.95E-07
1.37E-06
3.31E-05
2.01E-05
7.84E-05
0.000249988
7.77E-07
4.94E-05
0.000134581
1.48E-05
8.32E-06
5.68E-06
3.81E-06
7.39E-07
3.88E-06
1.53E-05
2.25E-05
1.11E-05
1.10E-05
2.58E-06
2.46E-05
8.85E-06
4.40E-05
2.83E-05
5.42E-05
4.85E-05
4.90E-07
4.55E-07
1.13E-06
1.79E-07
4.90E-06
3.60E-05
5.88E-06
1.66E-06
5.54E-05
6.87E-05
4.71E-05
3.47E-05
1.94E-05
4.77E-05
8.07E-05
8.90E-05
1.64E-06
5.38E-05
0.000138335
3.49E-05
8.54E-05
0.000342
4.69E-06
1.58E-05
3.04E-05
0.000321054
0.000497412
7.44E-05
0.000132037
3.99E-07
1.63E-05
5.94E-05
8.64E-05
2.16E-05
2.16E-06
4.35E-07
4.37E-07
2.79E-06
1.08E-06
8.41E-06
6.20E-05
1.02E-05
4.80E-05
1.43E-05
6.74E-06
8.48E-06
7.06E-06
5.62E-06
2.84E-06
4.33E-07
4.93E-07
7.57E-07
1.66E-06
6.31E-06
1.44E-06
1.37E-06
2.56E-06
1.74E-06
7.54E-07
5.30E-07
1.09E-05
3.30E-06
3.52E-05
0.000184067
0.000119529
5.84E-06
2.30E-05
3.73E-05
4.45E-06
1.50E-06
1.02E-06
3.70E-06
3.69E-05
3.95E-05
0.000150982
0.000112331
1.27E-05
3.13E-06
1.74E-06
2.02E-06
4.80E-07
6.25E-07
1.26E-09
0
0
1.50E-07
3.25E-08
0
4.19E-07
1.35E-07
7.82E-07
2.33E-05
4.25E-05
8.04E-05
2.73E-05
3.13E-06
2.38E-06
1.21E-05
3.34E-05
3.40E-06
3.38E-06
1.17E-06
1.10E-06
3.57E-08
0
0
5.88E-08
1.24E-08
6.80E-10
0
1.82E-07
4.13E-07
1.21E-06
7.67E-07
6.89E-08
1.58E-09
1.49E-07
2.11E-08
1.97E-07
3.90E-10
3.12E-07
1.40E-07
0
0
4.53E-08
2.28E-07
2.84E-07
6.47E-07
4.99E-07
5.39E-07
1.19E-06
5.32E-07
2.36E-07
2.37E-07
9.15E-08
7.36E-07
2.36E-07
6.77E-08
1.52E-06
1.32E-05
8.04E-08
6.50E-10
9.57E-07
1.22E-05
2.39E-05
2.21E-07
4.53E-07
1.68E-07
1.60E-06
5.25E-06
2.25E-05
1.08E-05
4.52E-09
5.58E-09
1.00E-10
2.80E-10
7.86E-08
5.17E-08
5.50E-10
3.90E-10
1.53E-07
2.98E-06
2.28E-05
1.18E-05
2.84E-07
3.07E-06
1.26E-06
8.39E-08
0
0
0
0
0
0
3.37E-09
1.00E-11
1.50E-10
0
0
0
0
0
0
0
0
6.01E-06
1.81E-05
6.61E-05
6.76E-05
8.59E-05
9.58E-05
8.89E-05
3.45E-05
9.67E-05
0.000133414
0.000120538
3.88E-05
4.68E-05
2.90E-06
3.27E-05
0.000160183
5.79E-05
6.56E-05
1.98E-05
0.000174131
0.000249397
0.000423765
0.000151131
1.46E-05
4.63E-07
2.66E-05
8.43E-05
0.000144425
4.83E-06
8.82E-06
9.65E-05
7.17E-05
8.96E-05
9.64E-05
4.35E-05
5.05E-05
5.04E-05
5.56E-05
5.10E-05
9.62E-07
2.99E-07
9.32E-06
2.54E-05
2.88E-05
5.96E-05
0.000110483
7.37E-05
6.30E-05
6.28E-06
3.87E-05
2.87E-05
6.21E-05
7.09E-05
2.10E-05
7.70E-05
6.06E-05
3.62E-05
2.46E-05
9.02E-06
2.50E-06
3.94E-06
2.02E-05
0.000137377
6.47E-05
1.02E-05
1.42E-06
2.89E-06
1.31E-05
3.62E-05
5.28E-06
2.90E-05
4.91E-05
2.86E-05
4.22E-05
9.65E-05
1.86E-05
4.76E-05
0.000119668
6.22E-05
6.81E-05
0.000148515
0.00042164
5.04E-05
4.81E-05
1.65E-05
1.18E-05
1.67E-05
2.75E-05
1.50E-05
4.20E-06
2.84E-05
3.78E-05
9.57E-05
3.30E-05
6.98E-06
3.27E-05
3.96E-05
9.07E-08
1.79E-06
2.17E-05
4.32E-05
2.04E-05
1.78E-05
2.92E-05
2.38E-05
4.96E-06
1.21E-05
3.84E-06
6.96E-06
1.02E-05
1.75E-06
1.48E-05
2.72E-05
4.93E-05
9.86E-05
5.20E-06
1.44E-05
4.05E-05
2.27E-05
1.40E-05
7.59E-06
9.12E-06
3.93E-05
3.50E-05
4.78E-06
3.31E-05
5.80E-06
6.04E-06
3.19E-05
0.000259827
6.31E-05
2.77E-05
0.000107975
3.58E-05
5.98E-06
3.28E-06
2.29E-05
0.000148629
2.60E-05
4.31E-05
5.34E-05
0.000217149
5.14E-05
0.000136587
0.000344276
3.27E-05
0.000479508
6.65E-05
0.000253679
4.50E-05
4.84E-05
8.99E-05
0.000675382
0.000533613
0.000127998
6.15E-05
0.000156676
0.000202152
4.62E-05
2.14E-05
2.12E-05
2.30E-05
8.23E-06
1.72E-05
4.53E-05
4.13E-05
4.55E-05
0.000116743
1.86E-05
2.17E-05
9.69E-06
2.58E-05
6.65E-05
0.000600213
0.0019409
0.000187039
8.89E-06
0.000428594
0.00053929
4.53E-05
0.000180229
0.000297849
0.000223073
0.000651205
0.000265156
8.74E-05
0.000556589
0.000322207
4.01E-05
3.46E-05
0.000151359
0.000376942
5.40E-05
2.83E-05
1.39E-05
9.03E-05
9.54E-05
6.96E-05
7.22E-05
2.29E-06
2.04E-05
6.95E-05
7.92E-05
7.70E-06
5.75E-07
3.12E-06
5.48E-06
0.000156493
8.15E-05
2.09E-05
2.04E-05
2.59E-06
1.18E-05
5.91E-05
4.35E-05
1.19E-05
4.23E-05
4.34E-05
8.01E-06
3.83E-06
2.37E-05
5.45E-05
9.75E-06
9.87E-06
1.69E-06
4.65E-07
1.53E-06
3.79E-07
3.27E-07
5.19E-07
1.63E-06
2.38E-06
1.01E-05
4.34E-06
1.05E-05
3.66E-05
2.57E-05
1.44E-05
3.72E-06
3.43E-05
3.10E-05
6.14E-05
0.000137877
2.98E-05
9.64E-06
1.31E-05
3.09E-06
1.21E-06
1.18E-06
1.67E-06
1.71E-06
4.79E-06
4.04E-09
7.10E-10
4.16E-06
1.61E-06
1.50E-07
2.25E-07
3.65E-07
1.50E-06
2.93E-06
1.18E-06
1.32E-06
1.01E-07
3.17E-08
1.18E-07
3.10E-06
1.18E-06
9.36E-08
0
0
0
1.29E-09
2.24E-09
8.97E-08
0
1.00E-11
1.16E-09
2.00E-11
1.26E-06
3.23E-06
6.47E-06
1.09E-05
1.32E-05
4.08E-06
1.70E-05
1.10E-05
2.08E-05
2.24E-05
4.18E-06
8.85E-07
0
4.53E-07
1.03E-06
3.53E-07
1.11E-06
3.53E-06
1.83E-06
3.66E-06
1.84E-06
1.04E-06
3.58E-07
5.26E-07
6.43E-07
1.82E-06
5.07E-06
5.15E-07
0
8.14E-08
2.87E-08
3.71E-08
1.76E-07
5.73E-07
1.87E-07
5.53E-07
2.48E-08
3.34E-07
3.72E-07
1.23E-07
2.42E-08
1.21E-08
0
0
1.85E-07
8.16E-08
1.00E-11
3.00E-11
2.00E-11
8.49E-07
7.18E-06
1.31E-05
1.23E-06
1.18E-05
3.87E-05
0.000238495
1.85E-05
4.88E-07
0
3.60E-07
3.32E-09
1.12E-08
5.24E-07
2.03E-06
3.27E-06
1.87E-06
5.59E-05
0.0012252
0.00109528
0.000153057
0.000195204
0.00014286
0.000195568
3.27E-05
5.25E-05
2.01E-05
4.09E-06
2.23E-09
2.33E-08
6.65E-08
7.03E-07
0
1.31E-06
1.65E-05
4.75E-05
1.61E-05
5.20E-06
1.90E-10
2.44E-07
2.54E-07
2.48E-07
1.49E-07
0
2.01E-08
1.88E-07
8.59E-07
9.95E-07
1.09E-06
1.80E-06
2.46E-05
6.86E-05
9.98E-05
1.54E-05
4.86E-05
8.91E-05
1.47E-05
1.47E-06
2.48E-05
0.00010298
3.94E-05
2.12E-05
3.45E-05
4.78E-05
4.62E-05
1.03E-05
4.39E-06
6.85E-05
0.000480563
3.60E-05
2.39E-06
3.70E-09
1.96E-06
5.19E-06
5.29E-06
9.40E-06
2.12E-07
2.30E-06
4.37E-06
1.72E-05
2.00E-06
1.00E-05
7.78E-06
5.44E-06
1.30E-06
1.06E-06
1.49E-05
0.000106626
1.92E-05
2.70E-06
3.65E-06
3.17E-06
4.43E-06
1.14E-05
8.47E-06
3.94E-06
6.57E-06
3.01E-05
2.18E-05
1.92E-05
8.10E-05
1.45E-05
1.67E-05
3.61E-06
3.26E-05
3.00E-05
1.08E-05
3.16E-06
4.33E-07
2.86E-07
1.87E-05
0.000106286
2.84E-06
1.29E-05
3.51E-05
3.90E-06
5.57E-07
3.69E-07
1.97E-05
2.98E-05
2.58E-06
8.66E-06
0.000351293
6.13E-05
1.01E-05
1.87E-05
2.86E-06
3.85E-06
1.63E-05
1.21E-05
4.18E-06
2.02E-06
9.96E-07
3.41E-05
0.000144436
1.33E-05
5.48E-06
2.46E-05
9.39E-05
2.13E-05
5.78E-05
1.47E-05
1.45E-05
3.58E-05
6.31E-05
7.35E-05
5.45E-05
7.49E-05
7.35E-05
2.85E-05
3.08E-05
4.72E-05
5.80E-05
4.75E-05
3.60E-05
9.66E-05
6.81E-06
3.97E-05
0.000196482
2.57E-05
5.78E-05
6.69E-05
7.84E-05
5.25E-05
3.33E-05
1.47E-05
3.05E-06
5.07E-05
4.69E-05
6.66E-05
4.54E-05
1.14E-05
2.84E-05
3.45E-05
6.00E-05
4.09E-05
4.64E-05
7.29E-05
2.97E-05
9.80E-05
7.50E-05
3.87E-05
7.41E-06
1.01E-05
1.83E-05
2.93E-05
9.42E-05
2.11E-05
2.85E-05
5.09E-06
4.06E-05
2.97E-06
1.17E-05
1.70E-05
8.44E-07
6.87E-06
1.54E-05
1.40E-05
2.61E-06
2.14E-06
2.59E-06
1.48E-06
3.04E-05
3.17E-05
0.000129416
0.000161051
0.000114854
9.15E-05
3.63E-05
4.46E-05
9.43E-06
1.59E-05
2.25E-05
7.49E-06
2.50E-05
4.32E-05
8.63E-06
1.56E-07
5.55E-07
1.60E-05
1.47E-05
3.90E-05
2.01E-05
3.71E-05
1.67E-05
3.25E-05
0.000392619
1.52E-05
6.97E-06
4.30E-05
4.30E-05
9.09E-05
6.82E-05
7.57E-05
1.08E-05
4.77E-06
1.30E-07
7.45E-07
2.54E-06
0.000150129
0.000783049
3.70E-06
8.53E-08
2.51E-08
4.44E-07
2.08E-06
1.89E-05
3.60E-05
3.16E-05
2.33E-05
4.68E-06
1.84E-06
5.53E-09
4.09E-08
2.35E-06
5.70E-06
2.97E-06
4.02E-05
7.88E-05
2.10E-05
4.93E-06
2.18E-07
5.81E-07
1.98E-06
2.51E-06
1.25E-05
0.000187283
0.000243814
2.47E-05
5.22E-05
0.000130557
8.30E-05
5.20E-05
1.83E-05
1.99E-05
4.01E-05
4.01E-05
4.60E-06
6.96E-07
1.74E-06
1.38E-05
5.40E-05
1.49E-05
4.87E-06
3.75E-06
1.92E-08
2.70E-10
1.58E-07
1.42E-06
1.52E-06
7.34E-07
4.70E-07
4.81E-07
2.10E-06
1.41E-06
9.52E-07
1.27E-06
1.24E-05
3.92E-05
0.000201309
0.000163456
2.17E-05
2.20E-06
1.45E-06
2.47E-06
4.24E-06
1.42E-06
2.69E-08
2.02E-07
3.26E-05
9.80E-05
4.11E-05
1.26E-05
4.91E-06
2.65E-06
3.37E-06
1.28E-06
1.72E-06
2.05E-07
3.65E-07
5.12E-07
2.09E-06
1.44E-06
8.60E-07
1.74E-06
1.96E-06
3.00E-06
3.39E-06
2.67E-05
3.16E-05
1.74E-05
2.38E-06
3.85E-06
6.67E-07
6.75E-06
2.09E-05
2.44E-06
9.85E-07
1.18E-06
6.52E-06
9.48E-07
1.24E-07
8.75E-08
2.66E-07
1.69E-08
1.69E-07
1.69E-07
1.53E-08
6.00E-10
2.97E-08
0
0
1.77E-08
6.25E-07
7.67E-07
7.54E-07
1.34E-06
3.40E-06
5.75E-08
1.19E-06
9.66E-07
4.33E-06
2.53E-06
1.91E-06
6.99E-07
8.85E-06
1.00E-05
3.69E-05
1.92E-05
3.22E-05
4.41E-05
2.15E-05
0
0
3.00E-11
7.67E-09
1.10E-06
9.24E-06
2.86E-05
2.04E-05
2.67E-07
2.04E-09
2.22E-08
5.10E-07
5.29E-06
2.05E-05
2.34E-05
5.64E-05
8.47E-08
5.56E-06
7.58E-06
1.07E-05
1.14E-06
1.09E-07
4.65E-07
9.80E-07
7.10E-07
2.90E-05
6.81E-05
8.82E-05
0.00108032
0.00104478
0.000238178
9.29E-05
0.000114543
5.30E-05
6.01E-05
4.72E-05
0.000154853
0.000105586
0.000124837
0.000116342
0.000129346
3.72E-05
8.39E-05
0.000283239
0.000132993
5.12E-05
6.09E-06
3.66E-05
6.05E-05
6.46E-05
5.46E-05
4.02E-05
5.00E-05
7.29E-05
1.64E-05
5.56E-05
5.08E-05
1.09E-05
8.29E-05
9.34E-05
2.17E-05
3.88E-05
0.000221159
0.000277279
1.62E-05
9.22E-06
8.91E-06
5.42E-05
4.02E-05
5.66E-05
9.78E-05
3.89E-05
0.000239596
4.94E-05
2.97E-06
3.03E-05
1.66E-05
5.08E-05
3.32E-05
1.62E-05
6.93E-07
2.35E-07
1.18E-05
3.15E-05
2.96E-06
3.98E-05
0.000144221
9.77E-05
5.52E-06
3.61E-05
5.47E-06
4.37E-07
1.27E-06
8.18E-07
1.72E-06
6.11E-08
2.92E-06
2.59E-05
0.000173169
2.89E-05
8.03E-05
1.68E-05
7.34E-05
0.000529292
3.34E-05
2.86E-05
2.54E-05
2.27E-05
0.000100701
5.68E-06
1.00E-05
2.00E-05
3.62E-07
1.43E-05
2.54E-05
2.38E-05
2.24E-05
1.27E-05
1.36E-05
4.86E-06
1.04E-06
8.89E-07
2.56E-06
9.07E-07
0.00012378
2.47E-05
0.000109115
6.89E-05
5.60E-05
3.51E-05
6.66E-05
8.60E-05
2.04E-05
2.11E-05
2.43E-05
7.81E-06
5.03E-05
5.17E-05
8.32E-05
5.19E-05
6.46E-05
2.85E-05
0.000232887
5.58E-05
0.000130277
1.51E-05
3.70E-05
6.25E-05
7.76E-05
1.42E-05
2.47E-05
0.000182943
3.63E-06
1.77E-05
9.31E-05
2.95E-05
8.07E-05
8.91E-05
0.00019938
2.38E-06
1.84E-05
1.13E-05
3.62E-06
2.71E-05
6.48E-05
7.66E-05
3.51E-05
3.17E-05
3.65E-05
3.59E-05
2.38E-05
2.37E-05
8.02E-05
5.30E-05
3.58E-05
4.14E-06
4.40E-06
0.000272038
8.03E-05
1.97E-05
3.47E-05
1.55E-05
6.90E-05
3.30E-07
7.38E-06
3.59E-05
7.88E-06
1.27E-06
4.39E-06
1.91E-05
9.47E-06
7.59E-06
1.18E-05
3.04E-05
1.12E-05
1.69E-05
1.44E-05
1.10E-05
1.09E-05
2.53E-05
8.14E-06
4.00E-06
1.79E-05
1.93E-05
1.17E-06
2.19E-06
8.31E-06
1.79E-06
2.04E-05
4.81E-05
3.18E-05
2.67E-05
2.00E-06
1.28E-05
1.12E-05
7.50E-05
1.09E-06
7.13E-07
1.40E-07
1.80E-06
6.40E-06
4.40E-05
2.27E-05
1.41E-05
9.32E-06
9.42E-05
0.00074853
0.00070757
0.000327392
8.56E-06
5.35E-05
1.30E-05
1.50E-05
1.97E-06
4.83E-07
9.99E-07
3.49E-06
1.25E-06
8.57E-07
1.28E-05
1.84E-05
3.81E-06
2.29E-06
8.19E-06
1.41E-07
2.20E-07
2.95E-05
0.00027736
0.000135128
0.000128004
6.81E-05
6.66E-06
3.81E-05
0.000105131
1.65E-06
2.39E-06
8.58E-06
3.50E-05
8.35E-05
4.78E-06
4.90E-05
0.000154814
7.39E-05
5.81E-07
1.37E-05
1.72E-05
1.13E-06
8.18E-07
2.64E-07
3.66E-07
3.27E-08
1.00E-11
0
0
1.03E-07
1.13E-07
2.45E-09
1.00E-11
5.00E-11
5.20E-08
4.51E-07
5.17E-07
4.31E-06
2.11E-05
1.65E-05
3.89E-05
2.55E-05
2.94E-05
7.13E-08
3.64E-07
5.67E-07
5.09E-07
7.21E-06
1.10E-05
4.78E-06
7.06E-06
8.84E-06
2.04E-06
2.02E-06
1.91E-07
1.67E-06
9.72E-06
3.37E-06
1.47E-07
6.35E-08
2.72E-07
1.26E-06
1.83E-06
1.90E-06
3.72E-06
1.18E-05
1.42E-06
2.52E-06
4.14E-07
0
2.08E-07
2.79E-07
7.65E-07
1.64E-06
3.96E-07
2.73E-06
1.21E-05
5.14E-05
2.76E-05
6.30E-06
1.73E-06
1.09E-06
2.45E-06
9.02E-07
2.17E-07
1.63E-07
0
7.75E-07
4.22E-07
4.84E-07
4.28E-07
2.48E-06
1.83E-06
1.00E-11
2.46E-07
1.41E-07
0
1.60E-07
1.87E-07
1.78E-06
2.94E-06
2.08E-06
5.67E-06
5.26E-07
6.21E-06
2.90E-06
2.54E-07
5.34E-08
7.99E-09
3.86E-08
7.83E-06
1.79E-05
1.67E-06
1.21E-08
2.81E-05
1.96E-05
3.38E-05
7.06E-05
0.000105172
7.94E-05
6.05E-05
2.50E-05
2.67E-05
7.12E-06
5.05E-06
1.41E-06
1.31E-06
3.27E-06
2.40E-05
1.77E-05
2.00E-06
3.25E-06
9.35E-07
1.80E-06
3.21E-05
0.000435619
0.000353598
3.06E-08
9.63E-07
8.81E-07
1.85E-06
3.79E-07
7.15E-07
3.84E-08
3.18E-08
2.64E-07
1.13E-06
1.69E-06
2.74E-07
0
3.91E-07
8.88E-06
1.35E-05
1.12E-06
1.45E-06
7.51E-06
9.67E-06
5.69E-06
7.32E-06
2.66E-05
0.00011305
9.08E-05
0.000109802
3.16E-05
2.19E-05
8.15E-07
2.02E-05
6.09E-05
3.92E-05
5.50E-06
4.22E-08
7.94E-07
2.17E-06
6.70E-05
3.03E-05
2.65E-05
0.000138982
0.000151559
2.87E-05
3.62E-06
2.00E-05
4.71E-05
5.28E-05
2.05E-05
1.13E-05
2.29E-05
4.27E-05
0.000159675
0.000843732
0.00103053
7.77E-05
6.39E-05
3.85E-05
1.07E-05
3.92E-06
1.15E-05
1.96E-05
2.50E-05
1.41E-05
8.30E-06
4.21E-05
2.72E-05
0.000123646
1.99E-05
2.19E-05
1.41E-06
7.88E-06
6.10E-06
2.19E-06
1.07E-05
1.28E-06
1.14E-05
2.80E-05
2.16E-06
2.77E-06
7.30E-07
1.98E-06
1.09E-05
1.40E-05
2.08E-05
8.58E-06
1.69E-05
1.36E-05
3.88E-06
1.97E-06
5.39E-06
2.97E-06
3.40E-05
9.45E-05
2.09E-05
5.53E-05
3.31E-05
8.13E-06
3.60E-05
3.87E-06
8.26E-06
1.00E-06
4.09E-06
1.50E-05
5.96E-05
4.34E-05
0.000145351
6.30E-05
8.21E-05
0.000270282
4.99E-05
5.23E-05
7.76E-05
0.00015809
8.77E-05
0.000129231
0.000272369
0.000114848
0.00036826
0.000157084
4.83E-05
6.46E-05
6.61E-05
4.04E-05
4.91E-05
8.11E-05
6.30E-05
3.67E-05
9.67E-05
1.68E-05
9.80E-06
4.38E-05
2.46E-05
3.28E-05
6.27E-05
6.07E-06
2.75E-06
2.31E-05
4.09E-05
3.72E-05
4.63E-06
1.38E-06
4.78E-07
1.34E-05
2.40E-06
3.94E-06
3.40E-05
1.25E-05
3.48E-05
3.84E-05
1.86E-05
2.12E-05
3.92E-05
6.08E-05
8.47E-06
4.49E-05
0.000146647
0.000658941
0.000192654
4.55E-06
5.82E-05
5.09E-05
1.52E-05
2.28E-05
0.000241104
9.96E-05
2.75E-05
0.000136931
0.000293612
0.000184917
1.22E-05
8.03E-05
5.54E-05
7.04E-05
2.52E-06
4.26E-05
8.06E-05
0.000624841
0.000150831
0.00010069
0.000733315
0.000364296
8.40E-05
4.70E-05
2.79E-05
3.10E-05
0.000103749
1.19E-05
1.94E-05
9.20E-05
4.92E-05
2.83E-05
3.44E-06
2.39E-05
0.00016528
2.95E-05
4.51E-05
4.50E-05
1.57E-05
0.000114365
9.76E-05
0.000101707
3.58E-05
1.74E-05
2.25E-05
4.74E-05
0.00013509
0.000679918
0.000840115
5.16E-05
7.29E-06
2.71E-05
5.86E-05
2.51E-05
1.28E-06
4.94E-05
2.71E-06
4.74E-06
4.94E-05
9.92E-05
9.09E-05
2.36E-05
7.98E-05
5.18E-05
6.15E-05
4.02E-05
4.25E-05
4.37E-07
3.61E-05
0.000262263
0.000359966
2.42E-05
4.17E-07
3.48E-07
3.33E-06
6.76E-05
9.50E-05
2.61E-06
3.96E-06
1.69E-05
4.96E-07
1.31E-07
8.61E-07
4.49E-07
2.17E-06
9.28E-06
3.31E-05
2.11E-05
1.70E-05
3.75E-05
5.57E-05
2.76E-05
2.72E-05
1.25E-05
1.45E-06
2.08E-07
3.39E-06
3.36E-06
1.18E-05
1.97E-05
6.56E-06
5.35E-06
4.13E-06
1.05E-05
1.40E-05
6.41E-06
1.11E-05
2.98E-06
3.71E-06
3.61E-06
1.09E-06
2.57E-06
1.39E-06
1.68E-06
2.14E-06
1.87E-06
2.42E-06
1.12E-06
2.10E-10
3.00E-07
7.08E-06
1.09E-05
2.52E-07
1.02E-09
2.04E-07
1.11E-07
4.04E-07
6.03E-06
4.76E-06
1.06E-06
1.65E-06
2.53E-07
1.36E-06
1.88E-06
7.20E-06
7.82E-06
1.01E-05
1.15E-05
1.57E-06
0
8.43E-09
1.40E-08
3.54E-07
7.71E-08
5.20E-10
3.77E-08
2.41E-07
4.35E-07
6.22E-07
3.37E-08
4.42E-07
4.14E-07
2.50E-06
5.86E-06
2.24E-06
2.07E-06
2.14E-06
3.02E-07
2.01E-07
7.57E-07
3.36E-06
3.05E-06
8.60E-07
5.58E-07
1.63E-06
5.25E-07
3.83E-07
1.08E-06
2.39E-06
2.55E-06
5.64E-07
1.55E-06
2.49E-05
4.41E-05
2.85E-05
1.64E-06
2.39E-07
8.06E-06
1.09E-05
5.60E-06
1.22E-08
1.79E-07
1.35E-07
1.54E-08
3.25E-07
1.70E-07
4.06E-06
1.80E-05
2.79E-05
4.66E-05
4.75E-05
3.82E-05
2.64E-05
6.26E-05
8.72E-05
6.40E-05
3.61E-06
8.75E-08
2.41E-06
3.59E-06
8.24E-07
3.30E-06
1.30E-05
0.000124565
1.19E-05
5.59E-08
2.98E-05
6.44E-05
0.000465795
2.72E-05
5.78E-05
3.88E-05
7.20E-09
8.88E-06
0.000156418
5.63E-05
9.15E-06
3.02E-05
6.01E-05
7.43E-06
1.50E-05
1.68E-05
2.88E-05
6.08E-06
4.74E-05
8.05E-06
9.11E-06
8.63E-07
6.60E-07
2.57E-06
2.94E-05
5.78E-05
5.21E-05
5.30E-05
0.000810529
0.000301325
0.000191033
5.34E-05
0.000140904
2.89E-05
3.60E-05
4.59E-05
0.00011873
9.83E-05
2.70E-05
7.75E-05
0.000105665
0.000336865
0.000118893
9.43E-05
0.000192829
8.42E-05
1.79E-05
1.89E-06
4.31E-06
2.38E-06
5.80E-06
9.81E-06
3.35E-05
3.10E-05
7.58E-05
4.96E-05
0.000107521
1.02E-05
5.83E-05
4.73E-05
4.44E-05
3.97E-06
1.02E-06
9.70E-06
2.73E-05
1.60E-05
3.97E-06
5.23E-05
0.000104052
4.81E-05
8.21E-06
2.23E-06
2.16E-06
1.32E-05
9.94E-05
1.96E-05
4.90E-05
2.09E-05
1.15E-05
1.40E-05
2.07E-05
2.80E-05
9.60E-06
1.82E-05
2.87E-05
3.55E-05
9.78E-05
0.000137316
1.08E-05
5.90E-05
5.39E-05
0.000219181
0.000150889
1.57E-05
6.59E-06
3.29E-06
2.54E-06
3.06E-06
3.35E-06
1.69E-05
4.24E-06
8.03E-06
9.10E-06
3.11E-05
2.79E-05
4.59E-06
3.57E-05
1.45E-05
1.31E-05
1.59E-05
4.47E-05
7.27E-06
1.39E-05
2.40E-05
8.78E-06
6.64E-05
4.62E-06
3.44E-05
5.35E-06
1.10E-05
4.39E-05
1.23E-05
1.56E-05
2.03E-05
9.04E-05
6.18E-05
0.000117145
2.74E-05
6.67E-05
2.52E-05
5.48E-05
5.59E-05
5.47E-05
3.88E-05
3.67E-06
6.27E-05
3.75E-05
2.14E-05
3.77E-05
4.36E-06
5.04E-05
4.02E-05
7.95E-05
0.000328472
0.000388392
2.20E-06
8.06E-05
0.000301314
0.000143582
8.93E-06
1.11E-05
1.19E-05
6.03E-05
9.91E-05
7.18E-05
0.000233509
7.92E-05
4.49E-07
8.97E-06
1.71E-05
6.97E-05
4.25E-05
8.64E-06
4.31E-05
4.66E-05
9.32E-05
6.76E-05
1.38E-05
8.30E-06
1.22E-05
6.81E-06
3.14E-05
1.90E-05
4.01E-05
4.70E-05
6.15E-05
0.000102808
1.39E-05
4.42E-06
1.92E-06
1.56E-06
2.00E-05
7.76E-06
0.000221385
2.71E-05
0.000182131
2.68E-05
5.01E-05
0.000132908
0.000556893
3.96E-06
2.21E-06
1.21E-05
5.99E-05
3.28E-05
1.38E-05
8.59E-06
4.13E-06
4.45E-07
2.99E-06
8.29E-05
0.000544731
0.000426618
1.92E-07
2.42E-09
0
0
2.38E-07
1.32E-06
1.52E-06
5.53E-07
1.64E-06
3.94E-05
0.000155434
6.29E-05
0.000165875
0.000424196
1.23E-07
9.52E-07
4.11E-06
7.58E-06
2.96E-05
5.57E-05
0.000403789
0.000281083
6.56E-05
6.42E-05
3.22E-07
1.58E-07
4.38E-07
5.02E-07
7.05E-07
7.84E-07
2.38E-07
6.16E-06
1.32E-06
1.22E-07
8.44E-08
4.17E-07
3.67E-08
1.48E-07
9.39E-08
3.70E-07
1.40E-06
3.12E-06
9.08E-06
1.48E-05
2.27E-06
3.27E-07
1.14E-06
4.61E-07
5.49E-07
4.09E-06
1.19E-05
3.95E-06
1.13E-05
4.14E-05
3.32E-05
1.15E-05
3.79E-06
1.08E-05
2.01E-05
7.56E-06
1.07E-05
6.31E-07
1.49E-06
3.15E-06
5.76E-09
2.23E-06
4.29E-06
4.72E-06
1.17E-05
1.50E-05
7.05E-06
0
1.64E-07
7.95E-07
1.32E-06
2.02E-06
1.92E-07
2.09E-06
1.78E-06
6.17E-08
2.26E-07
3.83E-07
1.35E-06
2.75E-06
1.55E-05
7.27E-06
1.46E-05
1.18E-05
1.10E-06
4.71E-07
9.56E-07
1.03E-05
3.97E-05
6.18E-06
5.88E-06
1.91E-07
2.75E-07
9.79E-07
1.89E-06
2.08E-06
3.94E-06
4.92E-06
5.07E-06
6.61E-06
1.02E-05
2.33E-06
9.42E-07
3.77E-06
3.42E-06
0
3.70E-10
1.60E-07
7.77E-06
2.55E-06
6.59E-06
9.24E-06
9.65E-06
4.25E-06
5.84E-06
1.06E-05
6.02E-06
9.71E-07
6.20E-07
2.82E-06
2.43E-06
5.66E-06
3.18E-06
6.06E-07
5.99E-07
7.77E-08
1.20E-06
1.10E-06
6.40E-07
1.79E-07
0
3.25E-08
7.58E-08
4.10E-09
1.72E-07
1.05E-05
2.84E-05
3.31E-05
4.54E-05
4.02E-06
2.20E-06
1.31E-08
0
2.00E-11
4.69E-08
0
0
0
7.41E-09
2.33E-08
1.50E-10
6.00E-11
8.82E-07
1.71E-07
8.63E-07
2.40E-07
4.50E-06
1.78E-05
2.95E-05
6.87E-05
6.74E-05
1.48E-05
3.36E-05
5.10E-06
4.65E-05
1.73E-05
2.41E-05
3.96E-06
2.00E-10
1.03E-06
6.01E-06
2.49E-07
2.88E-06
5.69E-05
3.03E-05
1.77E-05
4.31E-07
8.37E-05
2.39E-06
3.65E-06
7.36E-05
8.51E-05
3.43E-05
2.11E-05
7.19E-07
5.79E-07
2.39E-06
2.52E-07
2.20E-06
1.27E-06
3.72E-05
0.000124714
0.000207318
8.79E-05
0.000100818
0.000648947
4.90E-05
8.12E-06
3.46E-05
0.000118099
6.54E-05
3.48E-05
5.02E-05
4.80E-05
9.35E-05
7.72E-06
1.19E-05
1.57E-05
1.90E-05
3.19E-05
2.04E-05
3.87E-05
8.71E-05
6.94E-05
2.02E-05
3.73E-05
3.17E-05
0.000129389
3.93E-05
1.29E-05
2.81E-05
9.80E-05
3.38E-05
7.24E-05
1.50E-05
1.41E-05
2.89E-06
6.77E-07
1.34E-06
3.60E-06
2.80E-05
5.61E-05
7.93E-05
4.68E-05
0.000139422
7.71E-07
8.92E-07
1.10E-05
7.35E-06
5.05E-06
2.24E-05
4.78E-05
0.000119113
3.99E-05
8.02E-06
2.01E-06
1.30E-05
3.67E-05
5.37E-05
9.39E-06
1.58E-05
2.02E-05
1.45E-05
1.37E-06
1.65E-06
2.89E-07
3.31E-06
1.00E-05
7.31E-06
0.000105913
0.000380022
2.81E-05
1.08E-06
4.71E-06
1.94E-05
4.56E-05
3.01E-05
7.40E-06
9.50E-06
3.52E-05
1.90E-05
8.52E-06
9.49E-07
8.30E-07
4.80E-08
1.57E-06
9.48E-07
2.07E-06
2.98E-06
7.90E-06
3.59E-05
1.06E-05
3.91E-06
4.08E-05
3.86E-05
2.43E-06
9.52E-06
1.84E-05
7.27E-06
2.33E-05
4.83E-07
3.91E-06
7.57E-06
4.74E-06
3.72E-05
0.000103254
0.000130572
6.03E-05
2.07E-05
1.10E-05
7.63E-05
8.45E-05
5.71E-06
1.05E-06
1.95E-07
9.34E-07
1.22E-05
4.24E-06
1.02E-05
2.59E-06
6.38E-07
5.61E-08
3.80E-06
2.33E-05
2.47E-05
0.000133737
0.000245881
5.06E-05
1.21E-05
1.10E-05
2.06E-05
3.61E-05
5.93E-07
2.55E-05
3.91E-05
6.44E-06
9.89E-06
2.20E-05
7.02E-06
1.04E-05
1.03E-05
5.28E-05
0.000168692
2.87E-05
1.98E-05
3.59E-05
3.31E-05
1.40E-05
2.33E-05
3.39E-05
1.66E-05
1.59E-05
5.74E-06
1.09E-05
3.34E-05
4.18E-05
1.56E-05
3.70E-05
0.000127334
2.09E-05
0.00010403
2.91E-05
1.77E-05
1.59E-05
4.03E-06
6.46E-06
8.12E-06
2.45E-05
1.93E-05
7.30E-06
2.78E-05
2.92E-05
6.14E-05
1.93E-05
1.10E-05
1.20E-05
7.89E-07
9.43E-06
8.82E-05
2.79E-05
5.42E-07
3.65E-06
4.49E-05
0.000233769
0.000168726
2.05E-05
2.41E-06
7.90E-07
6.09E-06
1.55E-06
1.28E-06
1.58E-06
6.59E-05
1.38E-06
3.37E-07
0.000142241
0.000311527
7.06E-06
2.20E-06
2.04E-06
6.25E-06
2.33E-05
5.02E-05
3.63E-05
5.83E-05
3.80E-05
7.38E-05
7.84E-06
1.75E-05
0.000537487
0.000148414
2.63E-06
2.93E-06
4.47E-06
2.92E-06
5.55E-06
1.56E-06
1.18E-07
1.57E-06
7.07E-06
4.73E-06
1.77E-06
2.72E-06
5.34E-06
4.95E-06
2.08E-05
4.35E-05
1.96E-05
9.61E-06
1.89E-05
6.57E-07
1.20E-06
4.14E-06
1.71E-07
0
0
2.88E-07
9.44E-07
1.43E-06
3.20E-06
5.94E-06
4.03E-06
6.95E-06
6.09E-06
1.92E-06
1.63E-06
4.63E-06
1.35E-05
1.06E-05
1.46E-05
1.09E-06
4.80E-06
2.21E-05
3.45E-05
6.21E-06
4.40E-06
3.77E-06
9.31E-06
1.03E-06
0
0
2.83E-07
1.97E-05
8.10E-05
8.27E-05
9.35E-06
2.45E-07
4.21E-07
2.66E-07
1.21E-06
2.50E-06
1.92E-06
1.51E-06
3.37E-07
1.98E-08
0
3.61E-07
6.07E-06
3.06E-06
4.66E-07
5.60E-08
2.45E-07
3.30E-07
1.18E-07
2.19E-06
3.02E-06
7.42E-06
1.13E-05
4.64E-06
6.19E-06
7.87E-06
1.69E-05
9.21E-06
1.76E-05
2.51E-06
5.63E-06
1.85E-06
2.51E-06
1.78E-06
1.20E-06
4.69E-05
6.86E-05
4.26E-05
5.30E-06
7.08E-06
1.77E-05
9.08E-06
2.07E-06
5.18E-06
7.11E-07
6.84E-07
2.05E-05
1.77E-05
1.91E-05
9.06E-07
4.69E-06
1.40E-05
5.68E-06
4.63E-06
1.38E-05
2.06E-05
2.43E-05
5.56E-06
1.85E-07
0
3.00E-11
9.76E-08
4.04E-06
1.25E-05
1.16E-05
3.97E-05
8.11E-05
9.65E-05
1.53E-08
0
0
3.35E-08
3.43E-07
7.24E-07
2.10E-06
5.66E-06
0
2.00E-11
0
0
6.63E-08
2.77E-06
1.24E-05
2.93E-05
0.000171685
7.15E-05
1.06E-06
7.59E-08
2.95E-07
2.59E-07
5.48E-06
5.68E-05
0.00010194
0.000104557
6.09E-05
6.89E-05
0.000145705
0.000101298
0.000100093
8.11E-05
1.41E-05
5.58E-05
9.59E-05
0.000570085
6.07E-05
8.35E-05
7.62E-06
4.65E-06
1.73E-05
3.52E-05
1.91E-05
2.53E-05
8.15E-05
9.94E-05
9.54E-05
4.05E-05
6.37E-05
1.07E-05
1.64E-05
0.000109313
0.000148815
3.14E-05
0.000114126
7.28E-05
3.77E-06
1.44E-06
7.50E-06
1.95E-05
9.65E-05
8.82E-05
2.85E-05
3.79E-06
1.23E-05
2.69E-05
1.38E-05
4.97E-05
0.00010696
2.83E-05
3.14E-05
1.58E-05
0.000100421
2.57E-05
6.72E-06
1.17E-05
2.59E-05
4.62E-06
5.90E-06
1.66E-05
1.23E-05
1.98E-05
7.32E-06
1.99E-05
6.27E-05
4.88E-05
4.06E-05
1.22E-06
6.06E-06
2.60E-05
7.11E-05
4.43E-05
6.11E-06
2.32E-05
4.07E-05
4.95E-05
3.95E-05
3.10E-05
0.00011262
0.000103594
1.50E-05
0.000122954
8.06E-05
0.000144113
0.000572419
0.000763542
0.000349459
0.000368168
0.000157969
2.65E-05
9.32E-05
1.34E-05
5.83E-05
5.75E-05
5.07E-05
3.46E-05
4.98E-05
9.89E-05
7.47E-05
0.000111651
0.000130095
6.57E-05
6.28E-05
8.12E-06
1.04E-05
3.90E-06
1.79E-05
1.60E-05
2.87E-06
3.84E-05
4.81E-05
9.41E-05
0.000333013
4.28E-06
1.15E-05
4.30E-05
1.05E-05
0.000104011
6.39E-05
3.46E-06
1.47E-05
6.01E-06
1.35E-06
2.40E-06
1.74E-05
1.42E-05
3.74E-05
3.91E-05
2.68E-05
4.24E-05
5.07E-05
2.81E-06
4.71E-06
6.01E-06
2.39E-05
1.70E-05
4.03E-05
0.000174051
1.21E-05
2.73E-05
1.09E-05
4.93E-06
1.19E-06
1.37E-05
3.22E-05
3.62E-05
3.84E-05
3.82E-05
2.59E-05
0.000270646
2.17E-05
1.57E-05
2.19E-06
1.30E-06
1.02E-05
2.69E-05
3.81E-05
1.79E-05
1.74E-05
4.81E-06
3.63E-06
3.04E-05
1.04E-05
1.39E-05
2.87E-05
3.68E-05
6.16E-05
2.13E-05
7.83E-05
6.88E-05
0.000130928
5.22E-05
1.45E-05
3.55E-07
1.97E-06
2.77E-06
5.73E-06
2.55E-05
1.45E-05
1.65E-05
2.72E-06
1.15E-06
1.84E-06
6.21E-06
2.78E-07
5.76E-07
3.11E-06
2.16E-06
9.61E-05
0.000113023
3.14E-06
2.44E-07
1.39E-06
1.15E-07
5.59E-08
1.67E-06
1.45E-06
4.58E-06
3.89E-06
1.36E-05
3.25E-06
2.39E-05
0.000535554
4.68E-05
6.36E-07
1.03E-05
1.02E-05
9.10E-06
9.40E-07
1.40E-07
5.30E-07
1.02E-05
3.72E-05
5.41E-06
4.09E-06
2.34E-06
2.91E-06
4.44E-06
3.99E-05
9.39E-05
0.000171375
5.74E-05
6.04E-06
2.40E-06
1.53E-05
1.90E-05
1.56E-06
2.16E-07
5.15E-05
4.28E-06
4.59E-06
7.81E-06
2.40E-05
5.17E-06
1.66E-06
2.78E-06
4.45E-06
5.41E-06
1.36E-05
9.11E-06
3.51E-05
1.22E-05
4.84E-06
1.45E-05
9.03E-06
1.04E-05
7.12E-07
1.50E-10
3.23E-09
5.90E-10
8.05E-08
1.28E-06
3.75E-06
4.22E-06
1.81E-06
1.31E-06
4.86E-07
