19930101
1.25
0.07
0
0
0
0
0.44
1.98
1.76
0.32
0.07
0.61
1.3
1.52
1.68
3.58
4.45
2.62
5.25
6.79
0.87
0.33
0.62
2.47
3.45
0.71
0.27
0
0.26
0.37
3.77
7.85
3.41
1.69
1.61
0.34
0.2
0.43
0.44
0.34
1.76
4.16
0.77
0.51
0.82
0
0.02
0.03
0.01
0
0
0
0.02
0.09
0.46
2.13
3.34
3.4
1.04
0.92
0
0
0
0
0.07
3.53
9.99
0.65
0.21
0.25
0.44
0.59
0.04
0
0
0.02
0.72
3.08
0.34
0.21
3.99
8.7
0.29
1.44
2.89
4.35
4.07
2.01
1.28
3.43
1.19
0.57
2.04
8.47
4.98
4.34
6.53
5.93
0.96
2.73
1.75
8.35
14.73
2.12
4.32
10.74
7.27
3.61
3.88
9.41
6.82
11.93
12.54
10.28
13.69
13.39
7.93
6.25
15.69
13.85
3.09
2.38
2.59
1.45
2.5
10.83
6.9
10.22
8.42
14.17
15.57
11.28
21.13
13.14
5.5
11.63
9.76
10.54
14.35
15.08
10.49
12.9
7.2
2.57
4.18
6.5
10.49
6.46
1.88
4.03
19.02
13.38
15.19
17.79
15.42
16.31
19.85
23.26
18.45
10.39
10.89
12.43
14.44
8.91
7.13
20.9
12.46
25.25
13.79
15.1
12.49
18.83
21.83
19.38
39.79
15
6.41
7.46
7.86
14.75
8.19
7.37
32.86
9.02
3.65
14.08
5.65
9.42
3.16
8.09
8.84
7.69
11.12
12.22
6.98
11.69
9.03
13.5
18.02
14.23
5.46
7.79
9.42
10.28
5.54
8.08
16.85
24.77
14.21
5.7
2.89
8.61
6.19
7.02
9.26
5.7
7.93
18.7
18.26
4.72
10.06
9.78
16.3
15.48
26.94
11.12
1.4
3.8
5.98
3.73
15.62
15.4
10.65
8.62
8.27
5.25
13.44
8.46
1.44
6.63
12.57
10.43
19.4
9.93
4.46
7.42
10
12.84
9.74
9.13
4.55
1.69
3.26
4.35
8.24
7.99
9.08
7.48
10.37
8.69
6.09
8.25
4.27
4.6
3.04
8.14
2.57
1.2
5.79
5.38
13.49
6.28
8.86
8.35
13
17.55
14.37
8.2
9.72
5.88
3.09
3.81
0.45
0.34
2.71
15.13
2.26
3.85
0.62
0.86
0.84
0.65
2.22
2.28
0.69
7.74
11.19
8.46
12.15
10.57
11.71
5.02
2.98
0.91
0.04
2.81
2.27
0.81
1.08
2.09
5.05
3.68
2.35
0.02
0.01
0
0
0.03
0
0.66
0.64
0.35
0.1
0.13
0.36
2.63
1.93
0.22
0.02
0.02
0
0
0
0
0
0
0.03
0.03
0.17
0.25
1.8
0.58
0.04
0
0
0
0
0
0
0.01
0
0
0
0
0
0
0.11
1.36
0.67
0.01
0
0
0
0
0
0
0
0
0
0
0.01
0.01
0.01
0
0
0.02
0.14
0.13
0.01
0.06
0.01
0
0
0
0
0
0
0
0
0
0.03
0
0.03
0.01
0
0
0
0
0
0
0
0
0
0
0.1
0.07
0.2
0.24
0.02
0.06
4.05
1.52
4.56
4.45
0.77
0.43
0.33
0.13
0.09
0.71
0.49
0.01
0.07
0.69
0.48
1.17
1.37
3.01
7.95
4.01
0.8
0.56
0.95
2.89
1.39
4
1.23
1.85
1.35
3.42
2.69
3.12
1.34
0.76
5.87
0.9
2.09
1.66
2.17
0.72
9.81
10.29
4.1
1.24
0.52
1.49
1.04
1.74
4.13
2.21
4.66
0.21
3.86
5.52
6.02
1.5
1.16
2.08
3.89
6.25
12.32
10.42
13.53
21.16
6.93
5.31
4.19
2.12
4.45
3.8
16.1
11.65
12.62
13.8
11.56
12.52
7.19
1.57
2.19
8.71
4.94
7.35
1.99
5.02
9.89
18.39
22.2
11
9.3
10.81
12.8
16.38
22.31
11.09
4.7
3.05
3.8
1.97
2.41
1.99
1.52
2.02
4.03
3.53
6.73
6.44
5.11
4.6
7.4
4.17
8.91
12.06
6.1
13.76
17.62
5.67
13.72
12.8
8.74
6.79
19.39
34.36
26.65
19.84
17.92
17.93
17.2
11.05
9.97
9.82
5.33
5.9
4.21
10.07
4.76
3.55
9.73
7.86
6.19
7.62
10.78
19.36
9.52
15.56
12.04
11.37
17.02
24.41
17.83
26.44
19.92
13.7
8.34
7.36
9.09
11.84
11.58
9.05
6.02
3.82
6.18
5.67
8.28
6.51
8.88
19.78
12.95
6.69
22.62
11.7
6.02
4.02
12.76
16.32
19.51
9.6
12.75
7.08
9.92
17.42
14.11
11.14
6.1
8.6
7.5
9.77
7.83
14.3
8.42
7.22
5.3
5.08
7.66
4.72
2.97
7.71
16.64
10.05
13.51
24.41
8.44
10.8
12.05
10.81
12.02
11.34
12.31
16.62
10.89
13.9
6.16
3.48
9.02
3.55
6.86
10.07
10.09
7.42
11.95
12.3
4.38
2.68
9.82
9.62
6.79
4.18
2.65
1.19
0.2
0.22
0.3
0.97
1.18
1.59
1.87
3.58
2.6
4.61
5.77
6.36
4.6
1.56
2.4
5.95
3.99
1.46
0.68
0.08
0.05
0.04
0.09
0.04
0
0.01
0.39
1.27
2.44
1.03
1.7
1.76
4.82
5.38
0.07
0.11
0.04
0.21
0.29
2.55
3.74
2.32
2.38
1.09
0.59
1.91
0.78
0.31
0.11
0
0.11
18.01
8.53
0.47
0.41
0
0.11
0.01
0.01
0.01
0
0.24
0.04
0.08
1.34
2.34
0.06
0.19
0.13
0
0.04
0.02
0
0.02
0.24
0.15
0
0
0
0
0
0
0
0.02
0.01
0
0
0
0
0
0.02
0.03
0.01
0.02
0.05
0.03
0
0
0
0
0
0
0.91
0
0
0
0
0
0
0
0
0
0
0
0
0
0.4
0.18
0.26
0.06
0.01
0
0
0
0
0
0
0.77
1.3
0.71
2.3
4.15
1.31
1.13
2.99
2.26
1.14
3.65
10.47
4.34
7.21
0.87
0.02
0.13
0.38
0.81
0.02
0.14
0
0.11
1.92
14.18
0.15
0.15
0.11
0.17
0.19
1.53
2.86
1.87
2.02
2.03
4.83
0.69
2.79
0.24
0.31
0.85
4.15
1.64
0.74
0.88
13
10.34
3.61
0.77
1.08
0.41
0.28
1.99
2.74
0.76
0.07
0.4
0.82
1.83
2.08
2.73
3.54
2.65
1.76
1.45
1.22
1.22
0.79
1.34
3.75
9.16
12.47
15.1
11.14
10.85
8.46
14.52
13.85
18.63
12.7
10.17
4.61
4.65
5.25
5.65
3.02
2.82
6.08
7.95
10.44
10
2.84
0.9
0.03
2.4
7.94
22.37
13.58
7.65
13.86
5.44
5.94
6.56
5.33
3.7
7.6
2.78
0.25
2.1
6.56
3.25
9.13
14.36
15.14
11.59
4.15
8.54
6.05
16.52
9.05
0.28
0.67
0.87
0.8
0.53
17.93
31.27
12.08
9.28
13.82
3.99
11.35
7.08
15.08
8.77
10.14
9.54
11.04
10.18
12.15
11.4
14
16.65
11.4
9.67
10.35
15.73
11.87
9.54
11.1
3.92
6.63
5.76
5.08
8.42
6.01
4.35
4.22
11.8
5.8
4.07
6.79
7.56
3.03
2
6.21
2
16.1
10.73
8.78
6.47
9.76
10.26
6.95
14.44
11.07
12.92
10.74
13.46
6.51
20.23
24.1
12.85
15.43
18.68
6.15
16.35
21.51
11.22
9.99
8.58
3.93
2.58
8.38
11.02
4.23
3.2
3.56
6.33
7.13
8.3
3.32
7.25
5.13
7.64
10.05
6.64
8.4
13.02
8.79
7.26
10.06
20.66
17.38
14.71
5.35
7.77
5.91
4.58
3.26
8.41
8.6
12.32
11.19
5.79
7.5
8.15
4.1
4.57
6.03
22.12
29.41
21.2
12.65
6
1.24
0.92
2.15
4.56
2.62
2.27
3.95
6.23
2.06
3.34
5.28
6.48
8.44
6.82
7.26
4.49
2.46
2.34
3.04
2.59
1.82
4.15
6.83
6.04
6.26
5.78
3.34
1.48
0.02
0
0.18
0.41
0.54
0.59
1.77
3.22
1.71
0.38
0.57
1.24
7.17
3.6
0.11
0.06
0.06
0.14
0.29
2.07
2.43
1.49
0.1
0.04
0.03
0.26
0.63
0.83
1.67
0.64
0.12
0.12
0.18
0.01
0.08
0.07
0.01
0
0
0.01
0.16
0.33
0.16
0
0.02
0.33
0.43
5.89
0.28
4.08
0.51
0.26
16.92
39.95
3.09
0.01
0
0
0
0.02
0.04
0.04
0.35
0.81
0.19
0.22
2.55
2.68
0.37
1.36
3.79
2.05
1.03
0.62
0.14
0.13
0.32
0.72
0.75
0.22
0.17
0.06
3.93
11.98
13.48
1.28
0.14
0.67
1.36
6.23
3.03
0.76
0.3
0.97
0.85
1.04
0.38
0.03
0.01
0.07
0.14
0.17
3.2
1.23
0.91
0
0.02
0.02
0.02
0.02
0
0.02
0.03
0.24
0.27
1.68
0.63
0.01
0
0.01
0.18
0.55
1.39
2.55
1.85
0.32
1.71
2.5
3.07
2.03
0.98
1.07
3.81
9.11
1.48
2.18
0.74
1.22
1.62
2.3
2.94
1.08
3.88
6.69
10.53
17.86
19.78
15.85
10.71
15.54
3.16
8.21
13.09
14.51
13.57
7.69
1.26
5.32
2.39
2.15
1.55
0.63
1.22
6.1
9.16
2.35
1.21
0.84
0.1
0.14
2.95
3.53
3.68
5.29
7.66
5.99
5.99
9.2
7.78
7.72
6.05
6.72
4.46
5.92
14.91
19.11
8.49
5.15
3.98
2.33
0.62
0.98
2.95
4.9
16.86
23.8
22.66
28.95
8.32
18.49
9.07
2.86
5.55
9.88
21.86
17.18
20.62
6.74
9.79
12.6
13.06
7.41
9.08
8.17
11.03
10.99
15.09
11.62
7.77
12.12
3
6.79
9.75
13.45
8.49
8.51
11.15
16.64
13.95
11.8
10.44
13.76
21.61
10.8
12.95
13.42
17.61
8.95
22.22
4.94
28.96
14.39
19.64
10.71
10.56
11.25
12.46
11.23
16.12
16.91
15.04
15.68
17.68
17.23
12.53
7.07
18.71
25.6
22.21
11.52
9.68
11.31
19.76
16.6
12.96
26.76
24.96
15.17
15.58
8.66
14.48
14.54
6.77
8.89
4.87
12.27
12.83
21.11
6.38
29.74
24.49
22.5
12.45
9.97
4.69
11.1
22.68
6.4
5.95
12.86
12.74
4.41
7.2
12.17
16.11
9.73
14.63
15.02
9.54
12.36
9.11
9.43
9.45
13.6
15.1
23.06
20.15
10.99
9.72
14.58
14.11
12.7
11.03
17.24
17.33
14.28
11.73
23.7
10.79
6.7
13.15
10.27
14.11
4.81
7.76
12.55
5.74
9.72
15.04
11.95
11.02
9.38
7.67
6.56
10.95
12.57
3.32
6.04
10.63
8.66
12.23
15.78
3.71
0.27
3.26
6.35
8.04
6.62
10.1
17.85
16.48
16.52
7.07
0.85
0.34
0.3
0.11
0.36
0.78
0.84
0.53
0.16
0.43
5.45
3.94
1.68
1.54
0.86
4.08
1.5
2.4
0.37
0.07
0
0.01
2.63
4.75
0.57
1.12
0.74
0
0
0.4
0.1
0.18
0.38
3.25
0.85
1.74
2.57
1.11
0.66
0.62
9.65
9.58
11.26
4.64
1.24
0.01
0.06
0.04
0.03
0.06
0
0.02
0.03
0.14
0.3
1.49
0.39
0.35
0.14
0.8
0.52
0.53
0.06
0.07
0
0.1
0
0
0
0
0.03
0.06
0.53
0.11
0.4
0.26
0.04
0.03
0
0
0
0
0
0.01
0
0.35
0.4
0
0.04
0.02
0
0
0.01
0.25
0.21
1.25
8.55
1.04
1.1
0.76
1.55
2.33
0.8
0.54
0.68
0.09
2.07
1.05
0.72
2.48
2.05
0.02
0
0
0
0.01
0
0
0
0
0
0
0.01
0
0
0
0
0
0
0
0
0
0.01
0.03
0.02
0.16
0.13
0.24
0.96
0.13
0.04
0.14
0.02
0.01
0.05
0.01
1.27
4.5
1.92
0.1
0.18
0.3
0
0
3.87
7.84
6.4
4.38
1
0.06
0.15
0.86
3.73
5.48
9.83
3.92
2.38
5.06
2.99
7.52
4.63
10.56
6.92
10.28
20.34
10.07
12.78
8.75
6.22
4.55
6.05
4.99
2.1
1.19
0.8
1
0.15
1.76
12.32
14.57
8.93
4.63
5.65
4.36
7.35
11.42
12.28
18.2
12.58
10.01
4.75
0.14
1.31
8.09
7.52
2.35
2.62
0.16
0.37
4.61
12.04
10.5
5.81
4.17
7.31
9.95
5.89
16.45
13.14
10.52
11.35
6.91
11.82
13.89
16.33
7.45
4.89
9.55
19.9
12.86
20.42
13.02
11.77
13.86
13.08
25.05
26.21
7.36
5.69
8.38
11.19
13.66
4.9
19.15
29.31
5.36
7.25
16.45
7.98
26.66
14.6
11.83
6.64
8.94
11.55
9.11
12.2
9.75
9.09
13.95
14.53
14.67
11.19
8.7
6.53
10.9
6.46
5.08
6.65
6.53
3.51
4.99
6.94
6.92
2.96
4.01
4.98
3.13
1.29
5.73
7.84
5.29
7.92
6.38
5.66
10.64
8.8
9.57
11.74
13.28
12.54
11.27
15.23
9.24
15.53
14.51
16.24
14.46
6.61
17.34
10.66
11.19
15.03
12.18
6.12
7.51
7.09
8.52
8.47
4.5
5.85
11.95
5.14
8.56
3.74
9.12
14.88
2.01
8.05
11.04
3.61
3
2.65
2.68
7.32
5.08
3.47
3.15
11.96
5.16
7.06
9.4
9.22
5.21
9.9
15.89
8.78
8.59
9.48
11.02
14.48
10.48
23.77
11.9
20.45
18.03
7.16
3.62
8.69
13.37
4.98
3.99
4.61
2.48
2.81
5.87
7.2
7.88
12.95
14.54
8.3
10.25
12.31
4.47
1.23
0.37
13.14
14.03
8.79
17.52
17.44
23
15.86
16.47
17.13
5.75
27.61
19.89
13.17
7.74
20.19
6.11
4.87
0.41
0.36
0.36
1.34
2.88
1.96
0.84
0.01
0
1.94
4.79
5.44
2.77
3.15
4.35
8.37
11.09
1.8
1.85
0.6
0.35
2.37
11.31
8.55
4.71
2.96
2.32
1.62
1.08
0.03
1.18
2.34
0.17
0.53
2.08
1.75
1.21
1.81
0.53
0.7
0.9
1.19
0.14
0.02
0.01
0
0
0
0
0.01
0.01
0.17
0.02
0.13
0.47
1.91
1.75
2.83
1.29
0.09
0.01
0.65
3.54
5.04
4.83
2.91
0.07
0.41
0.31
0.08
0.91
3.91
3.35
0.98
1.06
2.59
3.09
2.7
0.56
3.22
2.26
2.26
1.81
0.1
0.01
0
0.01
0
0.01
0.17
0.19
0.03
0.39
0.01
0.36
0.3
0.23
0
0
0.07
0.74
0.97
2.63
4.89
0.63
3.52
4.46
6.02
3.16
4.07
1.2
2.35
3.58
2.49
1.43
0.55
0.26
0.19
0.88
2.28
1.71
0.47
0.74
0.74
1.18
1.91
2.63
1.38
1.61
2.56
5.45
2.63
0.19
0.3
0.08
0.34
1.5
0.41
0.08
0.14
1.4
5.21
3.65
0.63
1.18
3.9
0.96
0.07
0.01
0.05
0
0
0
0.06
0.07
0.02
0.02
0.71
0.42
2.52
5.2
3.56
4.38
0.38
0.27
1.96
1.1
0.16
0.81
0.34
0.49
0.37
2.25
3.05
5
5.39
2.33
2.07
3.87
5.97
4.16
7.02
24.8
13.96
10.16
11.23
6.86
5.07
6.24
5.93
8
3.79
10.64
7.42
17.33
18.15
10.17
1.22
0.95
0.78
0.67
2.06
3.08
6
5.49
0.32
0.11
0.04
1.14
1.04
7.51
12.44
15.63
11.61
15.59
21.88
4.63
5.23
7.58
23.91
8.8
12.96
7.14
9.57
12.94
10.72
7.52
17.17
9.41
2.74
7.84
19.75
11.9
15.12
20.65
14.3
42.17
53.81
1.5
1.44
13.31
29.12
10.97
11.69
15.61
29.22
11.54
12.95
14.64
16.42
15.97
11.51
10.04
6.22
7
10.96
9.24
8.45
12.57
11.23
15.78
22.72
15.37
12.94
10.09
12.19
14.05
10.16
6.77
9.05
13.94
11.79
25.86
28.02
24.62
18.41
16.33
11.54
11.4
6.93
7.75
10.57
12.95
13.46
24.06
15.97
12.55
5.87
7.78
7.93
5.45
3.18
16.75
12.11
11
13.11
7.69
6.35
6.93
9.07
5.12
9.81
1.69
4.18
2.39
5.12
6.67
4.52
2.06
3.27
4.78
5.21
9.17
9.44
10.23
4.67
7.97
12.11
18.73
11.4
9.66
10
7.28
4.1
9.81
10.36
5.27
5.62
9.82
6.53
5.36
5.91
18.72
23.94
21.83
22.74
31.68
8.94
15.61
17.19
14.26
18.46
10.34
8.39
18.6
15
17.89
7.18
1.05
1.96
9.28
7.47
8.86
11.68
12.57
14.67
11.5
7.44
10.23
6.87
7.21
3.36
0.28
0.04
0
0
0
0.3
1.41
0.1
0
0
5.08
3.16
17.12
23.22
27.63
2.02
0.47
0.08
0.12
0.17
0.21
0.3
0.17
0.02
0
0
0
0
0
0
0
0
0
0
0
0
0
0
0.01
0.01
0.01
0
0
0
0
0
0
0
0
0.01
0.16
0.23
0.46
0.12
0.07
0
0
0
0
0
0.04
0
0
0
0
0
0.02
0
0.03
0.04
0.25
0.39
0.15
0.78
3.78
7.81
0.23
0.29
4.5
2.02
0.68
3.38
1.38
1.12
0.22
0.08
0.02
0
0
0.01
0
0
0
0
0
0
0
0
0
0
0
0
0.03
0.01
0.23
0.05
0.85
0.49
0.06
0.95
0.05
0
0
0
0
0.17
0.49
0.04
0.03
0.1
0.1
0.21
0.13
0.55
1.95
2.31
1.49
1.96
0.33
0.09
1.78
2.12
1.42
0.92
1.86
0.37
0
0.01
0.02
3.91
1.2
0.74
0.88
0.47
0.46
0.09
0.01
0
0.01
0.01
1.22
1.51
0.7
1.25
1.74
1.34
1.04
0.64
0.61
0.52
0.61
1.07
0.89
0.5
0.26
0.53
1.62
2.91
2.09
1.74
3.32
4.47
5.05
7.94
2.08
0.66
2.01
4
4.94
5.53
5.28
5.54
3.58
14.56
9.4
16.44
8.4
1.19
7.16
10.1
4.81
7.47
7.39
7.3
8.35
16.94
10.93
6.46
3.19
16.2
18.61
6.25
5.83
11.27
8.81
9.14
11.18
12.11
11.89
10.93
16.6
20.83
11.47
10.35
5.78
4.23
14.68
7.25
15.29
9.62
7.66
13.76
9.01
6.51
8.54
12.78
3.33
3
9.95
3.96
6.32
7.24
13.71
14.8
12.29
9.56
21.32
12.76
9.74
11.81
8.22
13.11
23.95
20.64
6.56
10.81
9.65
7.32
18.34
14.25
2.88
4.87
6.13
14.24
7.37
7.58
6.75
5.03
8.27
11.18
4.41
9.68
6.78
8.72
11.63
5.87
4.88
6.1
9
10.94
7
12.61
12.69
8.58
11.79
6.97
6.31
8.73
9.29
9.16
13.49
5.12
7.67
4.21
5.47
8.75
11.84
10.47
8.79
15.94
7.26
6.7
9.74
7.77
2.86
0.47
3.62
4.95
6.38
5.04
6.61
5.13
4.05
3.26
4.94
5.71
2.72
3.8
6.9
6.82
9.47
9.59
8.54
8.8
5.65
1.65
1.2
1.98
4.06
1.32
2.63
5.81
5.83
9.39
5.96
5.2
10.95
8.14
6.69
10.8
7.19
2.5
5.12
3.13
6.65
8.04
6.19
9.02
8.09
8.61
12.87
15.4
12.83
11.71
14.17
16.81
15.63
10.35
9.62
9.63
5.73
9.36
6.27
9.18
13.36
12.76
13.52
8.43
5.89
0.87
0
0.01
0.07
0.18
1.19
4.34
5.04
2.65
4.83
1.9
0.17
0.13
0.51
0.08
0
0
0
0
0
0
0.01
0.17
1.68
1.53
1.18
0.01
0.01
0
0
0
0
0
0
0
0
0
0
0
0.01
0.01
0.19
0.01
0
0
0.09
0.9
0.35
0.31
1.66
2.05
0.05
0
0
0
0.01
0.01
0.05
0.47
0.31
0.02
0
0
0
0
0
0.07
0.22
0.4
0.01
0
0
0
0.08
0.02
0
0.01
0
0
0
0
0
0
0
0
0
0
0
0
0
0
0.17
0.01
0.03
0.01
0
0
0
0
0
0
0.03
0
0.11
0.14
0.06
0.03
0.02
0.11
0.36
0.15
0.01
0
0
0
0
0
0
0
0
0
0
0
0
0
0
0.01
0.04
0.01
0.04
0.02
0.04
0
0
0.01
0.09
0.2
0.2
0.42
0.09
0.05
0.09
0.03
0.02
0.02
0.03
0.01
0.1
0.29
0.81
0.18
0.02
0
0.01
5.38
2.42
0.29
0.02
0.02
0.17
1.87
0.56
6.69
3.49
10.49
5.26
5.03
4.03
0.76
0
0
1.41
4.6
6.18
1.54
2.16
1.69
0.72
5.89
9.53
12.97
8.87
7.42
12.25
9.7
3.31
11.31
7.85
7.27
1.43
3.13
4.87
5.13
5.16
13.37
12.87
13.17
16.68
3
7.92
11.45
13.95
16.9
3.62
2.36
0.62
4.79
1.06
1.01
2.39
2.07
0.84
5.84
5.66
4.52
9.74
6.37
5.58
5.49
3.29
7.53
3.67
9.7
19.45
25.62
9.86
11.29
6.22
9.96
13.45
10.1
8.43
5.78
2.06
3.06
6.85
10.03
9.36
11.6
6.5
5.79
2.8
21.42
12.96
9.5
10.02
11.12
12.07
15.5
18.1
20.47
7.55
4.73
3.99
3.97
4.77
5.97
10.92
9.27
3.84
4.5
5.62
12.66
4.53
6.92
8.48
6.54
8.71
6.53
7.26
4.65
1.65
7.44
17.83
13.41
15.28
11.3
1.85
3.09
1.02
1.58
1.51
1.52
1.09
0.82
1.45
1.23
6.11
5.76
2.76
0.54
5.65
8.02
13.27
11.56
16.48
18.38
6.3
7.26
7.48
7.67
7.97
5.15
7.98
5.49
9.14
13.9
2.02
3.93
5.82
3.56
1.8
6.36
11.31
6.02
6.38
3.6
5.86
5.47
1.49
11.2
7.54
6.33
5.99
5
8.14
9.06
11.88
5.35
8.52
6.93
3.46
5.4
4.99
11.71
15.24
16.4
6.7
4.26
2.73
11.18
7.67
9.27
4.42
3.81
2.57
1.36
1.85
9.24
7.98
6.31
7.09
15.53
13.91
17.88
9.48
5.26
2.96
0.72
3.27
6.47
2.24
0.41
4.67
5.18
3.66
0.18
3.5
0.86
0.03
0.12
3.22
1.9
1.67
0.4
0
0.02
0.02
0.01
0.04
2.96
2.65
5.4
5.52
2.58
4.23
0.19
0.5
0.04
0.11
1.18
2.36
0.33
0.04
0.02
0.01
0.08
1.49
1.86
0.95
0.17
0.01
0.01
0.05
0
0.05
0.12
0.2
0
0
0
0
0
0.45
4.31
10.15
2.79
2.15
0.86
0.74
0.94
0.65
0.42
0.01
0
0.13
0.28
0.04
0.01
0.01
0.03
0
0.12
0.03
0
0
0.01
0.01
0.12
0.11
0.31
0.21
0.03
0.14
0.94
0.89
0.78
0.94
0.87
0.48
0.44
0.01
0.03
0.03
0.1
1.39
2.59
2.14
1.08
1.03
0.7
0.76
1.35
0.75
0.36
0.22
0.02
0.09
0.04
0.3
0.17
0.5
0.09
0.53
1.81
1.18
1.07
1.59
1.76
4.02
0.8
0.18
0.72
0
0.04
0.13
0.21
0.14
0.17
0.2
0.22
0.1
0.2
0.14
0
0.01
0
0
0.01
0.48
0.64
0.89
10.47
0.04
8.5
6.03
1.02
1.59
4.84
4.71
1.86
7.77
3.77
8.25
1.93
6.65
12.51
9.66
12.86
0.68
0.77
6.5
1.54
1.46
0.19
0.23
0.91
3.86
2.03
0.33
1.42
4.27
6.05
8.13
2.92
4.53
3.13
1.35
2.2
1.71
1.31
0.83
0.6
2.42
2.47
1.53
0.48
0.73
2.98
3.33
0.83
0
2.85
4.78
2.81
3
4.18
2.43
1.58
1.03
2.03
1.58
5.39
1.53
1.18
5.57
2.27
5.03
9.88
8.05
8.55
13.66
8.31
2.12
2.02
1.85
2.36
0.56
0.6
1.41
5.18
4.39
11.78
19.24
22.29
24.13
17.04
26.14
8.08
13.13
19.72
14.57
5.41
7.03
6.56
25.39
9.79
11.34
10.84
1.12
0.58
11.29
5.89
8.04
10.26
6.66
25.19
6.56
4.46
3.98
3.11
2.28
1.93
1.8
1.38
0.55
0.7
15.85
5.19
6.61
4.01
4.48
1.97
5.51
12.09
6.15
4.81
0.87
0.8
3.64
3.89
6.85
10.58
4.92
5.16
4.25
3.76
7.71
4.56
3.04
3.58
2.99
4.27
3.99
4
4.3
5.06
6.48
11.14
6.02
3.86
1.41
8.57
10.41
8.9
5.79
7.16
4.69
4.78
2.11
2.48
3.68
5
5.58
6
3.23
0.74
2.64
2.89
8.65
10.81
8.39
1.1
3.34
2.93
3.54
5.56
11.49
14.15
6.18
2.45
7.27
9.72
10.62
12.05
10.73
7.95
5.38
1.95
4.68
3.58
4.53
6.07
5.26
2.27
1.91
8.75
3.63
2.19
1.96
2.18
1.74
1.89
4.17
5.12
3.24
1.83
2.44
1.52
4.5
3.57
4.15
0.17
0.07
0.09
0.28
1.21
1.29
0.51
0.29
0.66
0.7
0.75
0.91
2.58
6.64
9.63
14.18
14.94
17.4
9.85
2.81
0.69
2.07
8.54
7.16
3.48
0.12
0.52
0.42
0.95
2.63
1.6
0.04
0.34
0.21
0.01
0.05
0.36
0.03
0
0.01
0.38
0.7
5.56
0.59
0.14
0.46
0.35
3.29
15.57
4.71
0
0
0
0.01
0
0
0.01
0.02
0.05
0.04
0.07
0.02
0.01
0.06
0.47
0.23
0.66
0.07
0.01
0.02
0.21
0.28
0.55
0.03
0.01
0
0
0
0
0
0
0
0
0
0
0.73
0.88
0
0.03
0.41
0.56
2.37
3.66
1.86
2.28
3.05
3.64
2.24
1.21
1.17
3.82
4.4
4.47
7.46
5.79
4.81
1.47
0.01
0.01
0.09
0
0
0
0
0
0.01
0.06
0.01
0
0
0
0
0
0
0
0.03
0.02
0.06
0.07
0.02
0
0.02
0.02
0
0.02
0.11
0.63
0.69
0.45
0.43
0.89
0
0
0.53
0
0
0
0.13
1.17
1.55
5.99
3.75
4.16
0.97
3.07
2.15
2.94
1.18
0.97
2.43
1.27
0.31
0.32
0.37
1.09
9.1
12.22
4.63
2.47
0.47
4.2
6.05
2.87
3.94
3.31
11.24
2.54
10.58
5.53
5.86
4.4
6.94
13.86
15.09
9.37
5.7
0.97
2.65
0.54
6.58
0.47
0.26
0.12
0.22
0.36
4.24
5.23
7
23.98
11.05
0.03
0
0
0
0
0.73
0.52
0.44
0.7
1.32
4.42
9.03
3.89
5.89
7.77
2.06
1.69
0.25
0.12
0.01
0.8
0.08
0.01
1.03
6.46
9.06
3.64
3.49
6.76
3.52
0.05
0.13
0.68
0.43
0.45
0.43
1.49
3.27
5.03
2.08
4.6
8.84
4.77
3.18
10.22
6.99
5.99
11.55
7.85
5.98
6.76
4.31
6.3
16.93
11.93
30.94
14.74
3.21
5.17
1.92
1.53
5.39
1.95
1.3
6.22
12.2
7.64
2.41
9.86
7.33
2.45
1.07
2.71
9.29
11.39
9.27
5.95
3.39
4.55
6.56
3.66
3.02
0.56
1.09
3.29
0.74
1.36
1.33
4.74
2.19
18.62
25.3
13.04
14.36
15.13
3.41
1.9
2.73
2.31
2.15
4.86
4.3
3.16
3.4
6.62
6.79
4.57
2.04
3.85
4.14
4.68
4.77
4.84
3.22
2.79
4.12
3.88
4.74
6.23
8.81
7.08
5.39
6.39
11.07
7.08
1.08
0.48
0.39
0.22
0.36
11.38
5.86
7.69
4.27
5.38
6.56
6.89
3.27
5.44
7.22
1.54
0.71
0.67
1.92
2.03
2.68
3.27
2.46
1.81
3.75
3.36
3.48
3.9
3.78
3.82
10.67
15.04
17.61
11.29
28.11
6.72
1.3
0.29
0.03
0
0.11
3
6.86
4.67
0.46
0.01
0
0
0.05
0.27
1.1
5.79
1.9
2.04
0.76
0.32
0.29
0.25
0.45
0.5
5.33
3.83
3.13
1.38
4.28
4.49
6.54
5.71
4.15
1.11
0.56
0.96
4.33
1.48
0.14
0
0
0
0
0
0.28
0.51
0.88
1.33
1.04
0.21
0.09
0.06
0.03
0.06
0.07
0.01
0.01
0.03
0.09
0.03
0.02
0.02
0.02
0.08
2.89
0.96
1.02
1.77
1.47
0.1
0
0.02
0.21
0.49
0.78
2.22
1.35
2.47
0.92
1.08
1.33
1.57
0.42
0.07
0.91
0.03
0
0
0.72
3.28
1.78
0.97
5.82
4.38
0.09
0.34
0.19
0.07
1.25
0.07
0
0
0
0
0
0
0
0.03
0.01
0
0
0.08
0.15
0.06
0.97
1.94
1.15
0.98
0.54
0.18
0.11
0.01
0.06
0.01
0
0
0
0
0
0
0
0
0
0
0.02
0.01
0.05
0.02
0.05
0.27
0.38
0.85
1
0.5
0.09
0
0
0
0
1.34
2.95
7.34
6.74
1.82
0.31
0.32
0.1
0.02
0.03
0
0
0.02
0.06
0.04
0.96
2.97
2.88
1.83
1.35
3.94
5.91
5.93
7.25
4.64
7.45
3.85
16.51
6.37
4.82
6.81
2.66
2.95
5.57
7.18
0.28
0.09
0.05
0.01
0
0
0
0
0
0
7.25
6.69
5.44
5.17
3.22
1.38
1.74
1.51
3.02
3.58
1.68
0.69
0.08
1.15
0.52
0.27
0.37
0.01
1.4
0.93
0.04
0.13
0.08
0.21
0.45
0.6
0.05
0.02
0.08
0.16
1.37
3.62
1.61
0.08
0.12
0.1
0.41
0.47
0.52
0.77
0.28
1.31
2.91
1.01
0.06
0.66
2.32
7.41
8.31
9.43
5.56
9.21
6.99
4.79
2.4
1.46
0.6
0.9
1.54
1.78
2.44
4.05
3.28
1.32
2.01
22.78
17.97
30.38
29.21
16.38
3.69
1.01
0.94
0.9
1.74
5.01
7.68
8.64
14.36
8.99
1.61
1.19
1.12
1.64
1.09
2.82
7.31
4.01
3.03
2.97
3.34
2.75
2.3
1.94
1.65
3.22
2.43
3.42
2.42
3.11
3.32
5.94
3.4
3.59
4.7
10.81
11.81
13.98
6.16
8.12
9.1
5.66
1.77
9.92
6.51
7.94
6.28
7.98
8.76
4.89
5.61
6.66
2.25
3.8
6.55
2.92
14.99
13.66
12.68
10.14
5.34
6.07
3.32
5.5
6.04
8.29
8.5
8.3
8.16
5.76
1.07
1.58
1.36
1.09
0.81
5.45
13.61
7.27
9.16
6.59
5.86
3.7
5.52
5.2
3.33
2.81
1.89
6.35
4.65
4.42
2.68
2.02
2.75
3.37
4.58
7.58
8.4
8.19
7.98
4.59
4.44
3.18
4.81
2.39
3.51
0.47
0
0
0
0
0.18
0.31
0.19
1.19
1.92
1.95
2.07
1.73
1.8
2.68
1.77
0.49
0.61
0.35
0.14
0.19
0.68
0.17
0
0.03
0
0
0
0
0
0.18
0.02
0.03
0.27
0.13
0.44
1.38
5.44
8.38
3.76
0.05
0
0.06
0.05
2.24
1.55
1.71
1.1
0.08
0.15
0.53
0.23
0.04
0.07
1.9
1.33
0.86
0.67
1.07
0.78
2.28
2.4
8.38
6.17
8.76
6.63
3.36
2.52
0.01
0.09
0
0
0
0
0
0.09
0.26
1
4.5
6.66
0.01
0
0
0
0
0
0
0
0
0.02
0.07
0.22
0.25
0.07
0
0
0
0
0
0.08
0.65
1.23
1.05
1.28
1.81
0.23
0.21
0.43
0.2
0.17
0.23
0.25
0.17
0.02
0.01
0
0.02
0.1
0.3
0.07
1
1.99
0.58
0.28
1.42
1.34
1.7
1.42
0.39
0.26
0.01
0
0
0
0
0.03
0.03
0.14
0.06
0
0
0
0.01
0.01
0.01
0.09
1.16
1.58
0.25
0.36
0.07
0
0
0
0
0
0.01
0.01
0.03
0.32
0.47
0.37
0.12
0.36
0.67
0.63
0.1
0.03
0.09
0.02
0.04
0.05
0.02
0
0.05
0.5
2.73
3.02
3.29
2.68
1.91
2.96
3.06
6.41
5.13
8.75
5.27
3.24
2.28
4.53
4.19
3.73
2.22
1.66
1.17
1.57
3.03
5.93
3.81
3.98
2.46
1.21
0.54
0.13
0.41
0.5
1.45
2.64
3.93
9.02
7.92
2.03
1.21
0.67
0.83
0.71
0.74
0.49
0.29
0.21
0.7
0.4
0.53
0.72
1.96
2.7
1.18
0.46
0.02
0.14
0.43
3.32
3.15
2.55
2.14
3.35
5.58
6.16
7.13
11.84
9.23
9.55
6.71
4.57
8.89
6.03
1.11
0.85
1.22
1.13
0.86
2.3
4.19
3.72
4.45
3.27
3.31
0.82
1.32
2.31
2.68
8.64
15.16
13.46
6.99
4.42
5.35
7.01
3.34
1.15
6.06
1.22
1.74
1.31
1.92
2.84
3.04
3.5
1.27
5.56
4.21
13.41
10.23
2.64
8.63
5.92
4.79
9.78
9.22
7.99
6.78
7.53
6.01
6.12
4.62
5.28
9.3
8.72
5.33
3.67
6.57
3.15
2.28
3.09
2.02
4.44
12.33
9.53
6.21
5.8
5.07
6.34
12.01
13.13
7.85
5.83
2.72
2.41
1.26
1.19
2.43
5.98
5.45
7.73
4.93
4.56
4.66
3.9
6.01
6.7
2.49
0.19
0.07
0.09
0.08
0.07
11.54
11.27
8.46
10.12
9.37
4.63
4.88
9.05
5.9
5.24
6.36
6.99
6.56
3.72
4.08
6.74
8.44
4.14
4.05
1.76
4.62
5.63
9.6
7.02
11.1
6.64
0.68
8.85
5.07
7.81
5.19
3.71
3.63
1.58
2.94
3.84
5.47
4.04
3
9.01
4.97
4.91
4.06
5.03
4.86
0.33
0
0
0
0
0
0
0
0
0
0.01
0
0.06
0.02
0.02
5.87
12.03
6.2
5.07
0.56
0.1
0.03
0.08
0
0
0.14
1.68
2.51
0.65
1.14
0.34
0.08
0.39
1.87
3.21
1.9
7.23
6.26
1.16
0
0
0
0
0
0
0
0
0
0.07
1.54
3.21
3.27
3.9
1.38
0.92
0.01
0.01
0.07
0.46
2.27
1.27
0.11
0.14
1.76
2.64
3.1
1.52
3.52
1.09
0.69
2.41
1.79
3.48
5.42
0
0
0
0
0
0
0.01
0.09
0.09
0.03
0.03
0.24
0.68
0.66
0.7
0.46
2.08
0.96
1.43
0.46
1.18
0.09
0
1.06
1.37
1.95
4.87
1.38
0.27
0.27
1.51
0.47
0.01
0.01
0.05
0.01
0
0
0.07
1.65
0.27
0
0
0
0.06
0.5
1.6
0.09
0.12
0.02
0
0
0
0
0.01
0.01
1.4
2.07
4.32
1.03
1.03
0.54
0.91
0.1
0.34
0.77
7.73
3.82
1.38
2.73
0.57
1.64
4.61
5.37
6.57
4.02
5.19
11.22
9.39
11.01
13.52
7.78
2.99
2.95
3.42
2.18
0.54
0.4
0.17
0.13
0.03
0
0
0
0.01
0
0.51
0.76
0.34
1.59
1.23
3.02
2.67
2.2
1.15
1.86
7.49
5.69
8.9
4.34
6.97
13.1
18.03
16.39
9.96
6.56
5.27
5.28
0.62
4.86
4.8
14.06
16.73
11.97
6.3
12.32
9.88
10.71
8.48
8.25
4
1.37
1.52
1.62
1.54
0.79
2.64
2.06
6.23
6.88
5.24
12.8
12.13
2.54
1.91
12.85
5.93
1.32
1.83
0.73
1.52
5.61
4.38
4.44
9.12
6.74
5.18
7.11
6.61
6.11
4.03
3.1
3.48
2.77
2.95
1.98
4.46
4
4.1
3.99
7.2
4.66
3.78
4.26
2.95
4.37
6.97
4.19
5.18
3.15
6.34
4.33
6.75
5.03
7.73
4.34
8.73
10.83
12.84
5.42
9.22
5.6
3.71
2.49
3.99
5.12
3.83
4.64
7.94
4.42
4.92
11.12
10.31
10.95
12.84
9.57
6.45
5.41
10.34
7.39
4.49
5.21
8.57
4.96
3.35
7.22
2.08
3.46
2.14
2.17
4.04
5.5
5.09
4.16
6.53
5.37
9.33
6.29
13.15
12.13
7.01
4.68
5.03
3
9.77
3.3
5.1
4.36
8.68
6.05
6.56
1.45
0.95
0.53
1.52
1.69
3.3
4.38
4.04
6.04
4.23
5.64
4.99
6.13
5.7
10.38
10.83
6.01
5.02
14.26
16.44
4.36
4.67
4.25
4.27
3.09
8.96
8.13
5.54
7.9
5.81
2.56
1.53
1.25
1.89
1.11
0.29
0.41
0.72
0.71
0.88
14.43
8.79
12.2
7.79
8.08
0.94
0.08
0
0.07
0.37
0.1
0.41
0.85
0.44
1.73
0.74
0.02
0.03
1.27
2.98
1.04
0.39
1.56
1.86
2.24
0.33
0.83
1.18
1.02
0
0
0
0.01
0.19
0.21
0.12
0.04
0.16
1.07
1.01
3.55
1.65
1.29
0.94
0.7
0.04
0
0
0
0
0
0
0
0
0
0
0
0
0
0
0
0
0.05
0.05
0
0
0
0
0
0
0
0
0
0
0
0
0
0
0
0
0
0
0
0
0
0
0
0
0
0
0.01
0.2
0.18
0.12
0.21
0.22
0.4
0.47
0.66
0.2
0.14
0.2
0
0.03
0.03
0.91
0.2
0
0
0
0
0.01
0.01
0.06
0.03
7.31
0.49
0.3
0
0
0
0.05
0.17
0.02
0
0
0.85
3.67
0.45
2.74
0.72
1.49
1.23
12.05
9.45
0.62
0.57
0.51
1.89
0.58
0.99
1.1
0.18
0.21
0.35
0.08
0.01
0.1
0.34
0.02
0.54
3.47
2.88
4.79
5.81
4.09
5.54
2.4
0.71
1.62
3.59
5.13
1.05
2.32
2.53
9.99
7.06
1.48
5.54
3.34
11.17
27.01
1.52
9.48
16.83
8.22
0.06
0.26
1.05
0.28
0
0.25
3.93
5.14
6.33
7.01
1.9
1.91
1.57
5.01
2.75
2.84
4.6
3.77
3.15
2.53
3.07
3.9
3.92
3.58
1.94
5.55
5.8
8.15
0.98
4.8
12.2
11.32
16.66
1.95
8.21
5.79
8.03
9.75
4.63
2.53
0.56
2.59
5.32
3.15
8.42
9.76
6.17
3.47
6.86
7.75
13.13
7.48
5.95
10.9
5.03
5.25
12.63
8.83
7.96
6.2
9.14
8.95
8.33
5.53
9.18
5.41
5.38
9.44
3.56
8.85
10.18
6.84
9.64
3.38
11.09
10.02
8.48
9.27
14.98
11.42
12.66
5.78
6.17
9.62
17.33
20.92
31.44
8.55
8.9
6.67
6.95
7.72
8.06
12.75
9.2
16.43
19.72
24.67
20.43
20.51
20.97
16.55
15.01
15.01
10.76
2.74
7.18
3.79
4.58
7.67
5.16
11.21
8.57
10.72
16.09
21.53
22.61
21.71
17.06
7.98
9.81
6.88
5.49
5.95
4.38
8.78
17.86
14.69
13.85
10.82
7.98
11.04
7.31
7.8
18.29
16.13
9.11
18.58
29.78
6.07
8.11
8.97
7.16
9.86
6.59
5.69
15.93
10.74
8.43
10.96
4.56
7.83
5.38
3.6
1.22
8.96
11.08
11.58
11.55
17.6
10.37
10.82
11.77
14.56
4.89
9.4
5.23
11.11
11.28
8.98
6.13
3.66
10.58
6.45
14.99
9
5.35
8.1
6.06
8.7
8.22
10.97
13.75
9.6
8.51
5.03
9.21
5.7
10.27
14.35
8
11.31
2.93
6.1
6.25
7.52
2.56
4.71
12.15
3.4
1.49
1.93
1.02
1.9
4.56
10.65
11.59
6.99
14.31
10.04
4.42
4.13
2.37
0.47
0.04
0
0
0
0.01
1.16
2.13
3.89
1.69
0.6
1.15
3.51
3.65
0.91
0.05
0.3
1.43
5.2
4.68
7.04
4.35
1.78
0.48
0.64
0.79
0.87
0.82
0.06
0.17
1.7
5.94
5.94
5.12
6.71
3.27
0.69
0.09
0.06
0
0
0.29
0.24
0.05
0.13
0.13
0.14
0.02
0
0.01
0.12
0.4
0.61
0.42
0.15
0.44
2.85
1.51
1.19
2.31
0.66
0.06
0.12
0.11
0.07
0.02
0.02
0
0
0
0
0.3
1.58
7.02
11.74
6.71
3.14
0.43
0.3
0.31
0.29
0.07
0
0.17
0.07
0.52
1.68
1.53
0.35
0.15
0.26
3.42
2.61
3.24
4.02
0.32
3.45
2.16
1.91
3.94
0.78
0.09
0.12
0.08
0.13
0.4
8.02
5.37
2.15
5.79
4.47
2.26
1.97
1.51
2.78
1.51
0.16
0.1
0.12
0.05
0.1
0
0.05
0.03
0
0
0.02
0.54
0.76
1.02
0.84
0.01
0.01
0.03
0.71
0.71
15.49
1.15
5.98
4.21
6.21
12.68
4.68
4.5
4.23
14.11
14.46
4.71
1.23
2.07
4.83
2.17
0.04
2.31
4.68
6.65
6.81
3.83
2.02
8.87
16.15
5.08
4.89
3.55
1.61
0.73
9.59
6.75
3.61
6.81
1.78
2
2.32
2.79
3.06
1.46
9.31
1.96
4.36
7.33
4.42
2.39
1.07
3.55
1.47
4.93
15.73
4.27
5.47
4.5
7.12
6.55
20.46
7.82
14.6
11.8
8.2
14.85
10.1
6.68
4.09
1.7
2.06
6.92
17.32
20.94
8.42
5.83
7.06
11.44
8.41
19.95
10
8.85
6.85
4.97
4.2
4.89
6.03
2.13
3.29
6.9
9.91
4.78
3.34
5.46
11.72
3.03
17.97
15.87
10.31
6.24
6.87
7.45
5.12
6.65
10.97
14.55
10.3
9.37
10.63
7.37
7.44
6.79
10.99
7.47
1.87
15.96
19.41
21.12
20.68
12.16
6.7
7.09
8.81
8.81
20.71
23.63
10.05
9.93
11.13
11.02
19.5
19.74
14.58
8.96
10.57
14.2
13.06
16.65
12.33
5
4.86
11.09
6.05
7.22
4.73
4.62
7.07
5.33
6.5
9.53
9.57
8.59
15.37
11.82
13.01
10.32
17.47
9.74
10.9
9.16
11.06
10.59
11.5
14.01
14.05
9.37
13.39
19.31
11.18
11.67
7.54
6.33
9.12
9.13
13.77
12.42
7.85
7.85
7.21
11.24
8.03
8.61
18.22
6.2
7.15
3.81
5.33
5.41
4.76
12.52
17.68
20.5
9.35
14.23
12.32
4.59
7.8
9.48
6.79
3.07
12.75
10.56
7.97
9.35
5.88
5.88
0.68
0.03
0.33
0.24
0.41
0.12
0
0
0.11
2.89
8.16
5.56
3.79
7.59
8.39
9.87
5.97
0.82
0.15
0
0.02
0
0
0
0
0.04
0
0
0.03
0.89
0.71
0.03
0.61
9.23
4.51
8.53
3.12
0.23
4.3
4.87
0.51
0.18
1.27
0.17
0
0
0
0
2.01
1.82
0.49
0.7
0.14
0.2
0.01
0.04
0.06
0.37
0.67
0.26
0.04
0
0
0
0.21
0.13
0
0.01
0.03
0
0
0
0
0
0
0
0
0
0
0
0
0
0
0
0
0
0.04
0.01
0
0
0
0
0
0
0
0
0
0
0.06
0.05
0.43
0.93
11.84
2.95
2.85
1.48
0.94
1.33
0
0.48
0.82
0.3
0
0
0
0
0.02
0.06
0.02
0.01
0
0
0.01
1.05
1.58
1.74
0.25
0.11
0.03
0.01
0
0
0
0.01
0.01
0.01
0.18
0.41
0
0
0
0
0
0.02
0.2
0.1
0.13
0
0.01
0
0
0.02
0.06
0.1
0.19
0.52
0.05
0
0.02
0.07
1.67
2.56
3.13
1.22
0.18
0.14
0.05
0.06
0.09
0.21
0.65
0.07
0.11
0.47
0.98
2.13
3.74
1.82
3.05
16.9
7.59
7.54
2.89
5.74
4.45
5.09
10.56
19.68
7.19
2.95
6.14
7.53
6.74
1.72
0.74
0.29
0.51
0.99
2.58
11.93
7.42
9.23
12.09
8.54
3.64
1.25
1.92
5.62
3.25
3.94
5.15
7.07
12.35
5.95
7.87
6.36
5.83
9
10.62
9.06
9.09
10.67
11.44
5.41
1.49
1.77
3.75
1.81
2.97
2.4
5.51
5.19
5.89
3.56
9.4
15.04
7.45
6.98
9.13
12.64
10.92
7.74
9.03
16.55
18.98
5.46
9.01
5.47
6.48
9.74
2.65
7.3
6.35
8.17
4.05
5.72
14.91
8.16
11.35
7.24
5.18
6.24
6
6.95
3.75
4.02
2.44
1.46
2.8
3.66
2.93
4.24
7.65
5.04
5.43
4.54
3.21
3.39
3.02
15.14
17.85
11.53
13.03
7.95
10.76
8.49
10.17
9.13
10.84
18.71
22.36
12.47
11.36
20.49
7.08
4.15
9.22
6.12
7.39
8.79
12.42
6.12
8.33
10.83
10.48
11.17
8.38
6.07
11.08
8.85
10.6
9.66
12.29
7.46
6.05
7.2
11.16
6.74
5.58
19.44
9.48
10.98
12.14
18.11
5.95
6.82
8.79
5.36
10.11
6.88
6.2
7.28
4.58
3.81
6.98
5.77
10.96
8.94
9.82
15.27
9.46
9.1
9.25
7.45
8.89
3.76
5.92
10.75
9.51
7.12
3.13
10.2
5.47
8.02
3.65
2.84
3.12
2.31
1.87
3.12
4.65
6.18
2.21
0.82
0.8
2.46
0.67
0.88
3.2
9.97
9.05
8.73
5.9
15.54
3.41
3.45
0.01
0.01
0.01
0.01
0.07
0.48
1.64
2.24
2.32
2.14
2.69
6.27
2.81
25.3
13.99
8.25
20.86
23.05
13.73
3.2
9.36
15.17
6.25
11.48
14.59
1.8
0.02
0.54
0.08
0.03
0.09
0.02
0.01
0
0
0
0
0
0
0
0.02
0.01
0
0.01
0.04
0.69
0.45
0.05
2.52
3.78
1.77
0.26
0.06
1.14
0.73
0.7
0.16
0
0
0
0.01
0
0
0
0
0
0
0
0
0
0.04
0.13
0.01
0
0.02
0.23
1.16
0.06
0.44
0.31
0.04
0.01
0
0
0
0
0
0
0.28
0.09
0.01
0.01
0.14
0.44
1.16
0.77
1.18
1.89
1.17
4.33
2.16
4.77
1.6
4.66
4.03
3.96
2.39
2.71
0.91
0.3
0.01
0.06
0.28
0.26
0.72
1.34
0.18
0.04
0.03
0.08
0.76
1.46
1.67
2.4
3.07
3.93
0.46
0.13
0.02
0.07
0.18
0.2
0.33
0.39
0.12
1.71
6.89
7.57
0.64
0.99
0.17
0.13
0.07
0.21
0.16
1.28
1.61
2.46
2.84
0.09
0.92
2.2
3.04
11.68
2.44
4.13
2.11
1.46
2.26
1.31
2.51
1.25
1.75
4.24
12.66
7.57
5.17
2.69
2.96
5.17
4.41
1.27
3.88
11.17
6.86
8.03
7.68
5.54
9.28
16.78
4.19
4.41
5.02
13.09
9.17
8.7
0.88
6.61
2.43
0.76
0.92
0.22
1.06
6.81
6.52
12.75
5.68
4.99
0.35
0.13
0.03
0.07
0.13
0.26
0.5
1.24
1.82
3.71
4.1
4.92
1.53
3.54
4.2
1.85
0.62
4.08
6.21
0.62
12.07
10.07
21.45
9.94
11.18
5.49
1.06
0.15
0.65
2.03
8.41
9.21
13.31
23.17
7.29
1.49
0.73
2.46
0.53
1.28
6.01
5.31
4.45
7.94
6.62
9.73
5.58
6.03
7.03
3.8
4.53
7.14
5.53
11.02
4.92
5.68
4.55
3.61
8.47
8.18
4.55
5.48
5.17
5.3
3.77
5.36
4.2
12.02
5.99
5.63
5.23
5.56
7.7
16.79
13.46
5.17
3.46
4
6.65
11.41
9.08
12.32
12.84
6.59
13.62
9.15
2.86
4.16
7.41
5.79
5.95
8.68
10.74
15.33
4.9
7.65
10.16
10.77
10.1
12.62
13.96
12.24
12.55
7.37
9.26
1.49
1.15
0.89
0.73
1.14
8.85
10.03
10.63
10.95
6.71
10.62
18.56
10.82
9.38
6.11
6.2
14.26
12.71
7.17
9.05
11.24
7.72
9.14
9.59
5.23
30.04
10.88
13.6
18.65
2.6
2.59
2.39
4.43
2.57
4.98
3.99
6.19
2.44
2.5
5.34
10.08
13.95
11.13
11.1
11.4
6.45
11.45
4.24
12.4
6.14
6.4
3.83
6.27
10.39
6.79
18.22
17.77
32.14
5.68
22.12
7.98
4.53
1.62
3.04
3.89
3.27
6.15
5.28
2.74
3.37
3.86
3.74
11.27
2.56
5.15
1.77
2.74
2.41
2.57
0.48
0.01
0.57
0.98
0.42
0
0
0
0
0
0
0.01
0.01
0.02
0
0.03
0.42
0.5
0.69
0.22
0.1
0.32
0.55
0.06
0.01
0.03
1.06
1.68
2.61
3.13
2.91
0.71
0.69
0.92
0.78
0.46
0.42
2.48
1.31
5.12
2.82
5.18
3.57
3.04
0.36
0.46
0.1
0.06
0.21
1.46
0.27
0.85
0.89
0.45
1.61
0.99
5.98
3.05
3.45
1.51
0.21
0.04
0.82
0.75
0.93
0.59
0
0
0
0
0
0
0
0
0
0
0.26
0.55
0.82
3.03
1.63
1.77
0.55
0.04
0.04
0
0
0.12
0.09
0.01
0
0.01
0.02
0.29
0.23
0.52
1.32
1.27
3
4.92
3.27
1.72
3.21
0.75
0.8
1.02
1.83
5.07
2.61
5.34
1.43
0.45
1.53
0.36
1.01
0.91
1.48
1.94
2.07
3.34
0.14
1.15
1.64
1.73
1.19
2.26
2.28
1.57
1.99
0
0.03
0
0
0.01
0.02
1.34
2.25
3.66
6.06
6.84
4.18
1.02
1.32
1.17
0.1
1.35
4.14
2.11
8.14
1.78
6.57
6
4.87
7.35
5.09
0.04
1.52
1.65
1.08
0.63
5.11
4.8
2.13
2.13
3.16
4.72
5.59
10.84
5.11
4.87
5.08
2.2
2.11
1.91
5.86
2.55
2.37
2.78
3.63
2.65
1.53
4.43
11.68
10.35
7.32
10.24
13.68
15.9
23.35
28.72
19.59
6.75
5.27
7.12
10.78
15.56
10.66
13.64
10.57
9.55
3.61
6.86
15.69
2.45
9.54
8.56
18.07
10.53
15.15
8.61
7.55
9.16
9.06
8.41
14.76
17.02
17.94
17.02
15.16
12.56
11.62
9.29
2.4
15.23
6.84
4.13
9.81
10.46
16.8
9.71
6.66
26.31
20.06
21.69
34.87
22.5
4.69
4.82
3.47
8.49
3.58
18.11
24.57
15.13
13.18
17.18
1.91
0.75
2.12
2.97
3.12
7.63
7.04
5.42
4.85
11.11
16.57
7.58
10.45
15.45
4.53
4.12
15.63
10.64
18.55
27.31
14.06
8.31
16.4
12.76
8.98
6.14
8.1
6.34
8.5
8.09
10.66
13.85
16.13
15.06
8.32
5.29
10.37
13.57
6.34
8.32
8.72
6.34
9.66
7.73
7.09
7.54
6.3
11.16
6.09
8.28
6.51
5.77
9.12
5.49
6.03
13.08
10.74
11.13
9.82
6.91
8.76
11.72
10.04
7.41
12.05
9.96
7.04
12.06
34.16
9.68
6.98
9.21
8.6
8.82
7.6
8.75
7.02
6.8
9.68
7.48
13.04
17.63
5.91
8.81
6.36
6.83
10.57
9.38
11.27
4.61
8.06
7.61
12.67
7.39
1.77
1.79
2.6
2.03
0.06
0.01
0.22
1.45
0.68
1.33
2.23
3.98
4.98
3.21
0.37
0.13
1.84
3.88
5.33
2.57
3.68
10.53
9.03
8.27
3.46
0.41
0
0.03
1.16
0.15
0.03
0.01
0.08
0.49
1.12
1.23
2.42
6.4
7.48
3.92
3.17
0.33
0
0
0
0
6.01
13.81
9.09
4.03
3.37
3.78
0.37
0.08
0.01
0.09
0
0
0
0
0
0.62
2.39
6.03
1.68
3.03
0.34
0.02
0
0
0
0
0
0
0
0
0.01
0.12
0.32
0.71
0.5
2.52
2.71
1.07
2.79
1.45
0.84
0.32
1.52
4.49
2
0.01
0
0
0.01
0.01
0.04
0.34
0.22
0.19
0.19
0.29
0.06
0.14
0.17
0.37
2.21
0.48
0.65
1.4
0.72
0
0
0
0.02
0.11
2
8.83
3.68
2.41
0.01
0
0
0
0
0
0.07
0.03
0.03
0.03
0.02
0.14
0.19
0.12
0
0
0
0.02
0.02
0.12
0.28
0
0
0
0
0
0.01
0.03
0.03
0.45
0.09
2.69
1.5
0.94
3.61
7.16
5.87
1.61
4.18
12.26
5.53
0.53
0.67
0.76
0.62
0.5
0.06
0.01
0
0.01
0.06
0.33
0.12
0.07
0.13
0.21
0.1
0.93
3.73
3.38
6.29
11.07
4.69
8.65
5.2
1.91
4.13
6.76
4.78
5.54
4.64
1.46
2.14
1.2
4.1
6.63
3.48
4.04
5.34
3.24
1.99
6.98
4.06
4.05
5.46
3.74
0.75
2.41
1.19
1.64
1.75
3.82
6.24
8.38
8.08
12.27
17.35
7.94
2.44
4.17
8.06
7.75
11.94
13.06
8.47
4.71
5.46
3.16
5.89
11.77
4.11
10.79
5.44
8.45
11.5
7.77
31.95
7.63
5.54
12.07
14.59
9.21
6
13.53
14.69
25.06
10.68
6.5
10.99
9.51
14.09
3.64
5.64
4.77
7.65
5.95
6.08
8.14
2.28
4.91
5.37
7.42
10.82
4.34
9.15
11.58
10.09
4.44
1.32
6.3
8.44
3.12
3.43
3.23
1.36
1.61
3.9
4.24
4.93
4.1
3.84
7.2
8.73
7.25
12.82
5.95
4.64
5.6
3.42
8.58
12.07
11.21
5.93
4.85
8.43
5.23
1.79
0.95
0.82
0.81
0.85
5.24
3.91
6.57
3.21
5.69
6.08
6.44
8.38
4.86
4.48
7.09
6.94
7.17
3.61
4
2.27
1.73
1.4
1.65
1.94
5.8
4.04
8.12
3.03
6.65
10.73
7.9
5.8
10.41
6.59
6.42
8.86
4.53
9.84
8.19
7.67
8.3
6.51
5.61
6.25
4.57
3.43
4.54
6
5.43
4.33
4.5
6.8
5.24
3.36
3.13
4.14
7.88
3.51
5.78
1.96
0.3
1.32
1.09
1.21
0.96
1.13
1.58
1.85
1.32
1.59
1.7
1.77
4.16
2.32
1.62
11.36
9.72
7.73
0.23
0.03
0.12
0.05
0.01
0
0
0.07
0.26
0.05
0.27
3.83
0.59
2.4
1.15
3.05
4.5
8.19
7.46
8.3
9.55
3.08
4.35
9.08
6.96
6.66
0.75
0.17
0.16
0.24
0.16
0.64
0.02
0.04
0.21
0.07
0.38
0.91
0.92
1.21
1.62
0.64
1.09
1.7
1.32
1.57
0.29
0.2
0
0
0.01
0.02
0.02
0
0.02
0.57
0.17
0.01
0.07
0.04
0.31
1.56
0.73
0.01
0
0
0
0
0
0
0
0
0
0
0
0
0
0
0
0
0
0
0
0
0
0
0.21
0.15
0.15
0.19
0.2
0.05
0.03
0.01
0.01
0.02
0
0
0.15
0.44
0.13
0.02
0.02
0
0
0
0
0
0
0
0
0
0
0
0
0
0
0
0
0
0
0
0
0
0
0
0.28
0.09
0
0.03
0
0.1
0.07
0.1
0.1
0.11
0.08
1.94
2.41
2.18
4.05
1.52
0.1
0
0
0
0
0
0
0
0
0
0.03
0.1
0.04
0.24
0.12
4.27
2.06
5.19
3.05
0.44
2.11
2.92
4.68
4.75
3.46
7.75
2.25
1.92
2.31
2.48
3.15
1.19
1.56
1.36
0.4
2.45
1.61
3.94
1.26
1.58
3.15
12.8
22.97
4.84
9.13
3.06
2.61
4.18
5.62
4.9
4.93
6.58
7.35
7.83
4.07
1.08
1.82
3.76
2.13
2
7.9
9.7
10.15
8.66
7.38
5.36
8.36
8.95
6.06
7.76
13.63
16.89
15.79
8.65
6.65
1.81
3.5
1.57
1.39
2.11
3.96
4.1
0.87
2.15
1.87
3.54
4.66
5.34
6.39
2.98
3.82
3.68
2.68
2.8
2.76
5.52
7.19
4.89
5.05
5.38
8.43
5.05
8.88
7.85
8.68
7.04
5.46
3.14
8.7
6.92
2.72
4.24
2.01
3.07
2.35
5.75
8.22
6.76
3.89
4.34
4.31
8.11
4.43
7.53
2.92
7.4
12.14
10.23
7.92
13.17
6.38
5.88
3.85
5.67
2.84
10.72
8.99
5.72
5.06
11.17
26.08
13.76
9.6
9.47
11.18
11.87
11.36
12.01
15.87
8.2
6.99
6.83
9.59
15.13
14.29
21.36
12.22
9.58
19.72
18.5
8.4
17.03
10.4
13.01
9.04
3.37
2.98
2.16
3.25
4.26
5.57
7.57
10.83
7.58
6.37
2.27
7.21
17.07
5.82
4.06
7.84
8.19
6.02
6.7
4.39
2.42
3.62
3.51
2.72
2.81
22.44
24.4
14.43
7.22
19.22
9.83
11.13
7.65
7.36
9.8
8.73
5.9
3.45
8.32
9.28
9.62
10.94
15.04
7.45
2.91
1.5
2.18
5.94
4.65
4.9
1.59
1.07
2.68
3.06
5.82
2.39
0.09
0
0.18
0.99
0.64
2.82
0.85
2.01
2.03
4.52
0.94
0.5
0.19
1.96
4.94
6.78
5.23
7.5
8.42
1.11
2.73
2.18
2.48
1.86
4.36
3.71
0.17
0.04
2.28
3.65
2.24
1.42
1.32
0.43
0.95
0.39
0.16
0.31
0.23
0.01
0.03
0.27
0.45
0.49
1.66
5.53
1.26
0.51
0.11
0.12
1.49
2.38
1.87
1.97
0.03
0.02
0.01
0
0
0
0
0
0.02
0.05
5.65
2.78
1.42
0.16
0.69
2.76
3.81
4.14
0.11
0.02
0.11
0.06
0.29
0.11
0.01
0
0
0
0
0.16
6.47
5.57
6.8
2.37
2.48
1.49
1.23
0.08
0.02
0.1
0.03
0.01
0
0.01
0
0
0.01
0
0.07
0.09
0.01
0.02
0.06
0.08
0.12
0.91
0.93
1.91
2.54
0.38
1.17
1.85
0.62
0.02
0.03
0
0
0
0
0
0.02
0.01
0
0.09
1.35
1.18
0.97
0.14
0.04
0
0
0
0.01
0.19
0.08
0.24
0.05
0
0.08
1.63
2.48
1.8
2.87
4.11
5.27
15.66
7.15
2.91
2.68
6.31
9.8
2.27
5.26
6.12
5.5
2.96
2.43
1.19
1.13
1.02
4.8
5.18
3.08
6.22
0.42
0.11
0.27
5.62
9.57
9.36
3.75
7.07
12.36
2.79
0.3
0.6
0.25
1.34
3.34
4.07
11.49
25.81
14.4
5.89
16.03
5.48
4.61
3.17
2.52
6.27
2.98
3.93
2.42
1.96
3.34
13.87
3.29
19.67
17.96
15.67
9.09
17.77
9.94
14.81
10.41
23.52
19.71
15.15
18.73
6.47
30.63
28.61
47.37
54.34
30.79
26.29
18.34
18.8
8.42
18.94
5.72
2.91
8.05
5.78
9.97
14.53
33.75
8.3
21.31
10.75
8.73
22.15
22.05
14.58
35.67
6.94
5.83
7.59
9.1
4.2
5.14
8.56
10.39
9.74
10.6
11.69
9.63
3.75
2.62
9.75
12.97
21.4
15.9
10.88
19.54
7.7
8.06
5.75
6.19
8.62
18.79
19.73
12.12
22.71
5.77
15.33
17.7
8.31
21.28
14.79
7.79
8.9
4.05
2.69
6.95
16.01
12.35
17.59
12.86
15.9
11.09
5.07
9.42
14.35
15.68
7.67
4.87
6.22
11.64
16.06
10.79
12.21
5.93
6.95
5.56
8.69
7.38
5.16
12.07
7.95
10.32
5.54
21.21
23.1
9.9
7.54
16.66
13.26
5.9
9.48
4.57
9.09
5.11
10.09
5.11
10.09
5.83
5.11
5.82
6.43
14.2
10.69
8.45
8.05
12.16
2.66
2.31
2.47
4.61
3.57
7.21
6.73
11.97
10.59
6.84
8.98
4.33
2.36
6.03
10.62
6.26
6.18
7.31
6.27
3.53
7.26
10.76
8.68
4.79
5.23
8.05
8.77
12.46
3.56
19.44
8.51
6.93
5.18
3.57
7.49
10.21
6.05
8.46
7.79
5.13
0.65
0.47
0.4
0.6
1.36
4.25
6.19
1.32
0.12
0.03
0.12
0.07
0.01
0.38
6.07
3.76
2.79
1.97
2.11
0.82
0.68
2.29
5.28
1.55
1.28
3.09
7.58
18.69
17.16
12.12
2.87
0.52
2.06
2.67
3.12
0.18
0.24
1.31
0.36
1.12
0
0
0.02
0.01
0.06
0.01
0
0
0
0
0
0
0
0
0.03
0.24
0.08
0.33
0.1
0.07
0.01
0.01
0.01
0
0
0.02
0.09
0.34
0.08
0.11
0.01
0.04
0.22
0.16
0.19
0.24
0.39
0.03
0.04
0.01
0.14
0.4
0.81
1.35
1.99
0.52
0.57
0.3
0.17
0.09
0.22
0.09
0.13
0.13
0.34
0.01
0
0
0
0
1.45
0.07
0
0.07
0.08
0.11
0.23
0.51
0.69
0.31
0.21
1.05
0.4
0.1
1.06
0.62
0.58
0.08
0.01
0.27
0.13
0.31
1.67
1.66
1.68
0.42
0.97
1.82
2.16
1.25
3.33
0.77
0.84
0.22
0.24
0.8
0.62
6.57
5.63
5.11
1.57
3.06
1.2
4.14
6.82
1.87
18.16
9.04
5.4
6.4
1.74
0.01
0.1
0.15
0.21
0.24
0.57
0.7
1.38
0.63
2.15
9.66
5.94
11.92
11.54
21.46
24.97
13.16
21.1
24.94
16.29
3.5
2.99
8.6
16.28
5.54
15.14
11.79
14.88
6.66
3.72
2.84
3.51
1.57
1.32
3.63
4.93
11.92
8.23
3.89
7.45
11.59
11.09
8.21
9.41
9.5
16.77
12.77
5.4
12.78
7.12
13.82
15.29
33.04
13.01
10.05
5.57
7.25
2.41
4.06
16.09
22.25
13.87
17.38
19.54
19.71
37.2
8.58
17.8
14.83
10.7
6.88
4.54
5.49
7.46
13.83
9
7.06
6.88
8.53
5.52
3.32
4.16
2.69
7.82
3.01
9.76
13.01
4.87
6.43
14.88
13.34
10.83
4.43
8.57
11.73
24.46
13.44
9.55
11.97
10.78
10.21
4.04
8.49
10.24
5.81
7.65
7.4
12.57
6.2
13.89
5.69
14.88
15.42
10.01
8.45
4.68
5.32
7.22
7.71
10.86
7.67
8.39
6
10.61
5.46
5.92
6.47
3.83
6.8
9.14
8.23
5.42
7.82
16.22
8.14
15.15
10.08
8.96
8.34
7.4
3.73
5.04
4.46
6.89
7.97
6.3
7.75
8.51
8.4
10.22
14.74
13.7
11.74
18.08
20.05
13.35
5.16
8.38
5.06
7.49
7.07
6.55
7.12
7.39
11.38
23.73
7.86
10.6
12.35
1.89
7.76
19.76
3.56
5.47
10.72
4.16
2.53
11.38
13.63
13.11
11.78
8.46
3.85
5.91
11.81
21.63
13.24
17.72
16.13
20.56
14.2
14.14
17.77
13.67
21.54
19.71
11.65
25.27
29.38
13.47
17.63
10.9
5.95
15
15.57
10.76
10.61
13.94
5.09
12.57
11.79
4.85
2.28
0.18
7.75
5.44
8.25
6.45
0.96
0.19
0.7
0.12
0.01
0.16
0.17
0.11
0
0.7
0.61
0.24
0.24
0.21
0.11
0.03
1.02
0.08
1.13
1.06
0.12
0.2
1.01
3.27
6.49
6.05
1.47
0.56
1.73
0.25
0.29
1.89
7.49
6.08
6.74
4.75
2.76
1.26
1.04
1.05
4.28
1.24
0.13
0.03
0.22
1.14
5.07
1.42
0.98
0.39
0.47
0.77
0
0
1.4
2.53
3.31
2.44
0.2
0.02
0.81
3.02
4.5
6.55
0.49
1.36
3.6
0.33
0.29
0.05
0
0
0
0
0
0.03
0
0
0
0.01
1.01
0.03
0
0.01
0
0
0
0
0.04
0.79
0.46
0.01
0
0
0
0
0
0
0
0
0
0
0
0
0
0
0
0
0.01
0.09
0.82
0.04
0.02
0.03
0.01
0.05
3.91
1.56
3.25
0.46
0.17
0.03
0.08
0.13
0.12
0.14
0.18
0.13
0
0
0
0
0
0
0
0
0
0
0
0
0.01
1.63
0.94
0.08
0.01
0
0.25
0.87
11.3
9.69
7.8
7.26
4.26
5.45
2.99
1.12
0.38
0.86
1.16
0.27
0.72
0.31
0.02
0.23
0.41
0.44
0.84
6.04
1.16
2.93
1.24
0.17
0.27
0.71
4.2
4.55
4.08
0.55
0.11
0.51
0.33
0.13
1.8
0.79
1.31
10.48
3.95
1.01
0.26
0.05
0.04
0.2
1.36
7.83
16.49
6.99
22.54
1.34
11.77
6.39
8.69
7.12
10.24
1.11
2.5
2.61
0.25
1.06
2.1
0.7
1.13
4.06
13
15.86
23.49
15.09
12.04
5.04
8.29
8.77
1.74
2.03
3.61
4.44
0.16
0.19
3.2
4.39
6.64
6.3
15.24
13.06
13.76
6.68
7.52
5.85
4.06
13.02
23.62
10.16
9.35
14.52
16.13
50.27
4.41
20.97
22.15
23.74
4.58
9.21
11.25
5.03
1.46
2.05
6.92
2.38
5.6
2.78
1.88
3.43
7.37
16.38
8.02
10.37
8.43
6.46
5.23
13.7
20.39
32.58
8.09
26.39
39.26
8.97
63.55
31.33
9.98
4.38
26.99
4.89
4.71
20.1
22.24
3.32
5.72
13.43
10.06
5.63
13.37
11.4
7.52
20.56
11.27
7.68
6.65
6.55
4.12
7.54
7.9
11.26
6.91
8.09
2.53
11.48
2.37
3.07
13.56
8.15
14.62
0.92
1.28
5.33
9.97
9.81
3.82
1.65
1.77
2.77
15.66
6.36
7.21
14.94
4.13
0.83
0.76
1.25
10.34
8.16
5.99
0.82
3.97
8.14
4.03
2.15
2.64
8.58
7.46
8.58
2.04
2.48
3.07
10.18
12.54
5.66
4.38
0.56
1.38
3.08
8.31
42.68
5.27
3.43
0.36
0.36
3.02
1.56
0.07
0.01
0.17
0.19
1.16
3.37
2.39
1.23
0.89
0.32
1.57
0.6
0.72
0.35
0.34
2.7
3.23
2.62
7.5
2.55
4.84
0.85
2.29
4.44
2.21
6.04
0.23
0.67
2.02
3.07
2.7
4.23
0.01
0
0.02
0.84
1.69
0.2
0.01
0
0
0
0
1.16
10.7
0.44
0.62
0.55
0.07
4.34
6.02
0.99
0
0.5
2.47
2.83
0.08
0.73
2.48
2.1
0.64
0.37
0.79
1.02
0.14
0.32
0.47
0.14
0.04
0.01
0
0
0.46
0.98
1.63
1.93
0.05
0
0.19
0.32
0.27
0.09
1.01
1.36
0.28
0.46
0.99
3.2
0.53
0.03
0.38
1.55
1.53
1.44
6.23
0.55
0.79
0.95
0.13
0.66
0
0
0
0
0
0
0.07
0.17
0.03
0.05
0.07
0.02
0
0
0
0
0
0.31
0.78
0.77
1.49
2.17
0.28
0.01
0.02
0.03
0.59
6.45
25.84
0.74
0.01
0
0.44
0.26
1.57
2.24
1.69
0.46
0
0
0
0.13
2.1
5.52
1.66
4.31
3.17
0.86
1.91
1.22
0.1
0.36
0
0
0.07
0.23
0.45
5.65
7.44
2.29
0.38
5.43
7.97
14.29
0.92
0.6
0.24
0.46
0.5
1.09
0.59
5.97
10.43
4.67
2.89
0.83
0.8
2.37
0.12
0.75
5.37
1.98
10.5
13.91
8.69
1.34
9.07
24.11
16.48
0.27
6.49
0.43
0.45
0.33
1.15
0.51
3.45
14.14
10.73
4.4
29.59
5.8
8.28
8.94
9.16
27.21
26.54
6.98
17.49
14.19
67.91
2.09
3.01
15.65
3.11
1.69
6.27
26.54
14.6
1.78
3
7.84
7.13
6
9.67
33.9
44.25
12.15
11.76
3.27
1.7
6.88
1.9
0.42
4.22
6.73
5.47
3.96
8.07
3.62
7.61
11.85
9.72
2.28
6.04
31.38
4.41
2.09
3.98
6.1
2.17
20.93
18.94
11.69
4.59
15.47
3.7
6.13
19.67
12.83
11.48
7.86
4.7
5.06
17.9
7.29
5.46
6.89
6.34
10.49
3.89
16.89
5.75
10.23
16.52
16.66
10.82
5.04
14.87
21.52
5.84
5.09
7.47
4.4
5.42
8.72
1.91
4.56
59.16
3.29
4.47
4.64
9.89
13.92
17.22
13.99
4.07
18.63
27.79
22.68
9.43
21.62
19.94
28.27
23.44
6.95
5.3
5.64
6.19
5.73
9.12
40.64
24.05
8.17
9.1
17.99
19.11
12.05
12.53
7.57
31.33
20.83
4.1
12.45
11.71
9.42
14.72
3.91
1.24
2.43
4.15
6.25
19.02
15.59
5.19
13.63
27.78
7.99
2.67
4.78
11.65
13.41
9.21
6.84
2.59
0.74
6.28
15.32
7.79
25.74
26.99
2.96
3.52
13.12
5.95
2.53
5.05
1.62
1.87
1.38
0.12
0.06
0.09
1.29
19.08
8.64
10.99
8.04
2.63
0.27
0.1
0.17
0.56
1.45
5.11
18.92
4.35
1.51
0.76
0.67
2.63
0.05
0.06
0.1
0
0
0
0
0.01
0.01
0
0.69
0.08
0.15
0
0
0
0
0
0
0
0.52
0.63
0.63
0.28
0.05
0.34
0.75
0.12
3.08
10.55
9.92
3.42
0.02
0.08
0.29
3.88
0.05
0
0
0
0
0
0.02
0.19
0.03
0.06
0.01
0.13
0.32
0.14
0.01
0
0
0.43
3.53
0.11
0
0
0.02
0
0
0
0
0
0
0
0
0
0
0
0
0
0
0
0
0
0
0
0
0
0
0
0
0
0
0
0
0
0
0
0
0
0
0.08
0.04
0.06
0.02
0
0
0.42
3.33
0.12
0.07
0.04
0
0
0
0.05
5.38
15.14
0.89
3.75
12.37
8.71
8.38
0.48
0.01
0.14
1.45
3.11
2.1
6.32
5.17
2.89
0.08
0.75
0.4
0.47
0.15
0.02
0.03
0.02
0.35
0.3
0.05
0
0.07
0.02
0
0.05
3.11
4.7
4.25
1.16
2.42
5.64
5.69
2.41
3.33
0.04
0.3
2.51
14.17
0.76
0.3
1.71
0.22
0.16
0.16
3.35
0.05
0.27
0.32
0.04
0.01
0.02
0.3
0.27
1.04
3.52
3.23
0.45
2.09
1.2
0.85
0.54
0.48
0.16
1.35
13.74
20.4
18.23
11.8
4.26
5.44
1.65
9.19
2.26
9.07
8.63
0.71
1.78
4.96
1.13
1.13
3.97
8.52
12.09
6.43
40.98
5.64
13.76
15.79
9.99
2.55
3.49
2.13
3.67
3.05
4.12
0.43
6.25
7.33
6.22
1.74
47.9
20.11
0.31
2.38
7.04
5.38
6.3
27.79
3.42
3.95
4.39
8.57
20.35
10.06
9.71
4.34
9.45
15.2
16.45
6.39
0.9
2.92
2.71
4.17
2.57
22.9
2.62
16.54
9.23
12.32
7.27
7.02
7.13
5.09
4.86
13.19
11.19
9.24
9.93
10.63
6.94
3.81
22.09
1.7
1.91
9.7
16.28
24.3
10.93
50.08
4.32
5.6
10.58
14.42
12.81
22.12
15.69
26.71
2.83
12.52
29.3
4.02
3.37
10.98
11.34
2.19
6.7
8.55
12.43
5.18
2.41
15.83
7.97
7.23
5.45
3.62
8.86
6.26
1.59
4.11
28.08
3.9
5.92
10.52
21.15
5.27
25.26
7.36
12.91
13.2
12.29
17.01
6.97
17.78
9.07
11.9
14.26
3.31
3.77
14.32
2.88
8.3
13.49
21.12
2.45
1.05
7.38
10.09
8.91
3.34
9.42
15.06
15.2
7.24
5.87
7.35
7.04
9.04
1.56
1.58
5.37
21.45
39.34
7.19
2.21
0.14
0.01
0.04
0.57
2.19
2.55
0.89
3.61
9.87
2.51
0
0.01
0.17
1.27
18.68
1.25
0.69
0.53
0.1
0.23
0.34
0.31
0.01
0
0.08
10.58
5.26
4.26
6.52
3.47
0.27
1.12
1.34
0.93
0.41
0.14
0.01
0
0
0.02
0.78
0.09
0
0
0
0
0.7
0
0
1.8
0.5
0.13
0.37
1.7
0.01
0.04
4.34
1.77
0
0
0
0
0
0.01
0.06
0.01
0.06
0.02
0
0
0
0
0
0
0
0.19
0.06
0.01
0.09
0
0
0
0
0
0
0
0
0
0
0.01
0
0.05
2.18
0.05
0.05
0
0
0
0
0
0.03
0.01
0
0
0
0
0
0
1.09
0.86
0.03
0
0.01
0.01
0.03
0
0
0
0
0
5.56
1.9
0.01
2.26
13.55
0.08
0
0
0
0
0
0
0.1
0.45
0.01
0.08
0.01
0.32
3.77
11.66
8.35
15.25
5.89
1.37
3.37
5.08
2.53
4.88
0.39
0.12
0
0.99
0.39
0.14
0.1
2.64
1.62
0.25
0.42
0.16
1.66
2.4
8.58
1.77
3.09
0.22
0.2
1.42
0.33
0.09
0.56
2.74
1.54
0.09
0.1
0
0
5.08
1
1.16
6.19
1.65
6.16
9.09
9.39
2.67
6.91
2.88
1.54
7.14
2
1.75
5.08
3.3
0.36
0.67
0.91
6.03
8.88
6.21
12.62
2.61
1.96
2.45
7.05
9.23
6.02
0.22
3.1
2.34
2.3
0.89
2.48
3.93
2.01
1.74
3.81
19.81
1.05
0.22
0.01
0.07
0.07
0.45
0.22
10.32
28.85
3.51
19.5
9.51
10.34
5.48
3.94
14.81
29.8
9.97
19.32
11.69
10.84
20.34
14.54
13.84
22.53
5.52
6.49
17.52
5.59
13.03
16.28
8.22
2.26
3.49
10.41
3.02
10.32
27.69
31.39
3.01
9.61
10.59
3.18
1.39
1
18.2
21.17
4.34
6.81
19.47
6.09
8.93
9.3
1.69
3.05
6.75
16.34
8.96
4.35
6.89
3.36
5.08
14.35
14.1
15.49
3.4
4.28
8.49
13.55
6.15
11.65
1.77
9.43
28.05
3.55
1.19
7.86
4.62
1.72
5.19
3.24
1.14
1.57
2.89
10.48
10.94
8.23
8.49
3.1
2.19
2.55
0.07
2.55
1.37
1.36
0.46
1.12
6.66
4.84
18.22
16.03
27.3
26.02
9.64
12.28
30.12
21.56
5.8
5.17
10.74
2.6
14.2
12.43
1.82
5.17
4.62
2.31
6.1
5.18
3.47
1.35
2.1
1.77
1.46
3.06
6.06
6.04
18.92
18.1
9.38
0.28
1.08
1.21
0.32
0.36
2.35
3.36
0.23
0.02
0.76
1.31
3.14
0.24
0
5.66
3.27
3.96
2.33
4.9
0.37
0
0.2
0.06
0.08
0.77
0.41
0.19
0.02
0.36
2.33
6.61
5.29
4.34
11.42
5.5
0.15
0.23
1.74
7.42
3.33
0.99
0.02
0.04
0
0.01
0.24
0
0.01
0.02
0.02
1.75
5
1.8
6.5
7.77
2.82
2.12
0.6
0.16
0.07
9
4.81
3.28
0.9
0
0
0
0
0
0
0.04
5.11
2.66
0.01
0.2
0.05
0
0.05
0.33
0.35
0
0
0.09
0.19
0.79
0.24
0.09
0.03
0
0
0
0
0.01
0.06
0.04
0
0
0.31
0.96
0.04
0
0.05
0.01
1.2
0.39
0.39
0.01
0
0
0
0
0
0
0
0
0
0
0
0
0
0
0
0
0
0
0.01
0.01
0
0
0.01
0
0
0
0.01
0
0
0
0
0
0
0
0
0
0.03
0.14
0.22
0.57
0.02
0.52
0.3
0.01
0.33
5.19
0.6
0.65
0.1
0.28
0.76
3.96
3.54
0.15
0.43
0.41
0.03
0
0.07
0.33
0.14
2.38
4.97
20.17
6.53
16.47
5.27
0.11
0.05
0.05
0.03
0.23
0.2
0.13
0.07
0.08
0.42
0.38
0.05
0.49
0.38
0.01
0
0.24
0.96
2.96
1.38
0.73
3.43
1.78
5
7.03
27.69
6.56
8.52
5.27
1.4
2.26
7.02
4.88
2.03
1.15
19.58
11.2
12.25
20.62
8.11
15.93
6.83
7.54
4.38
8.8
7.21
1.87
1.26
0.05
1.54
2.93
4.04
2.1
0.41
0.07
0.02
0.61
0.54
0.03
0.12
0.1
2.8
1
0.11
0.6
0.71
0.64
0.86
0.34
12.71
8.19
4.14
8.65
2.78
7.45
13.01
22.79
5.72
1.04
3.51
4.09
3.58
4.98
12.64
8.79
17.11
10.66
0.96
2.87
3.63
21.08
25.95
28.85
9.25
9.54
3.4
5.4
21.75
2.87
13.63
7.86
13.04
5.72
10.2
1.56
11.41
9.6
14.18
6.05
2.02
4.2
10.2
10.8
8.89
4.08
12.62
5.31
3.84
3.44
5.38
3.8
4.51
5.07
8.21
2.44
7.49
14.32
2.59
1.26
5.48
5.11
1.15
5.38
11.8
14.12
4.5
6.98
18.91
26.24
19.96
3.92
15.75
8.07
13.11
4.99
1.67
2.8
4.66
5.04
1.48
2.89
9.11
1.93
23.66
11.72
4.91
17.8
26.35
10.7
7.19
23.58
8.5
17.85
3.8
7.59
19.12
21.05
27.03
9.6
4.66
4.33
12.36
14.02
5.03
5.32
7.52
19.37
9.6
2.24
4.38
25.85
18.03
16.4
21.28
5.43
2.53
5.24
10.97
2.18
5.98
6.08
16.04
6.34
9.6
6.95
6.83
16.99
14.02
8.42
23.12
16.23
7.27
5.7
13.48
10.26
15.53
13.08
11.97
13.85
21.9
8.24
2.94
0.26
0.5
2.6
1.72
3.16
3.61
7.36
3.25
0.1
0.1
0.03
0.07
1.93
0.66
0.44
0.05
0.12
0.01
0.01
0.05
0.03
1.06
0.13
0
0
0.01
0
0.02
0.29
0.67
1.29
5.55
2.8
4.15
0.73
0.09
0.18
0.9
0.37
0.02
0
0.11
1.83
6.1
32.7
4.6
11.37
9.08
2.9
6.94
0.6
0.01
0.02
0.05
0.05
0.01
0.06
0.19
0.12
0.05
0.06
0.01
0.12
1.16
0.77
4.13
0.71
0.34
1.69
0.77
0.01
0
0
0
0.15
0.04
0.04
0.32
0.13
0.51
0.07
0.01
0
0.01
0.01
0
0
0.36
0.47
0.64
0.68
0.35
0.2
0.24
0.03
0.08
0.04
0.24
0.65
0.03
0
0
0
0
0
0
0
0.01
0.13
0.19
0.06
0.21
1.35
0.27
0.25
0.24
2.97
1.07
1.31
2.4
1.61
6.95
1.2
0.08
0
0
0
0.03
1.29
0.63
0.06
0.04
0.03
0.75
1.6
0.37
0.07
0.06
0.13
0
0.08
0.55
0.25
0.11
1.84
1.41
0.6
0.18
0.35
0.74
0.69
0.25
0.84
0.38
0.2
0.52
7.82
2.02
4.93
2.11
2.11
13.17
23.79
1.53
1.83
4.41
18.91
13.4
1.14
0.63
0.01
0
0.01
0.02
0.14
0.11
0.04
1.43
0.31
0.52
1.36
0.43
0.05
0.05
0.33
1.79
4.88
0.84
18.18
12.77
23.96
5.86
2.7
11.76
18.04
4.09
2.52
0.26
0.15
4.2
2.67
10.93
38.08
21.84
17.45
4.43
4.51
5.18
5.31
4.23
10.77
7.42
0.6
5.45
21.13
4.14
10.81
3.38
0.46
0.01
0.06
0.21
0.6
3.85
4.62
7.64
25.7
19.49
21.25
3.98
4.49
3.61
4.49
4.1
47.24
11.71
14.91
3.91
15.34
29.62
21.53
10.19
19.71
7.16
11.31
4.38
1.08
3.05
4.99
29.88
14.43
35.27
9.52
6.65
5.01
6.65
8.32
11.17
13.91
52.02
16.44
10.54
24.35
6.16
8.56
25.58
12.23
14.7
23.99
25.06
5.41
15.89
7.98
4.22
3.17
8.49
10.01
2.55
7.2
10.1
3.95
16.86
24.94
31.4
13.01
20.15
15.55
4.91
6.9
18.21
18.93
21.35
29.75
12.76
16.41
3.28
3.48
13.96
10.37
10.27
6.4
32
14.32
3.04
2.86
11.95
11.42
3.62
3.44
3.38
11.3
4.28
10.79
10.73
8.46
9.9
37.44
7.43
5.14
6.15
6.71
22.53
30.31
33.64
3.03
7.32
38.35
9.26
17.26
16.04
9.42
8.5
8.96
17.45
18.97
9.67
19
24.64
17.32
12.18
9.26
6.45
7.15
8.27
5.6
10.61
6.77
4.35
24.69
20.57
5.25
21.2
16.56
1.69
3.75
12.46
4.48
1.02
3.53
6.97
5.13
3.92
5.75
7.12
0.08
0.01
0.01
0.03
0.05
1.21
0.73
0.99
2.15
15.51
28.32
6.51
18.27
11.83
1.1
0.08
0.02
0.03
0.01
0.22
0.07
0
0
0
0
0.03
2.66
6.62
0.07
0
0
0
0.1
0.25
3.7
1.65
0
0.02
0
0
0
0
0
0
0
0
0
0
0
0
0.01
0.26
1.03
2.14
8.18
4.24
0.26
0.42
0.27
0.01
0.04
0.66
0.2
0.03
0
0
0
0
0
0
0
0
0
0
0
0
0.07
0.3
0.13
0.04
0.03
0.02
0
0
0
0.01
0.07
8.08
9.25
8.26
3.66
0.26
0.02
0
0
0.01
0.84
0.47
8.17
8.01
4.21
0.64
0.39
0.81
1.59
0.08
0
1.52
0.83
0
0.02
0.1
0.01
0
0
0
0
0
0
0
0
0
0
0.11
0.58
5.05
2.5
6.52
0.25
0.02
0.02
0.05
0
0.01
0
0.23
0.85
2.88
6.27
2.92
1.96
2.67
0.03
0
0
0.53
1.1
2.81
1.07
0.02
0
0.07
0.02
0
0.1
0.26
0.19
0.11
0.08
0.01
0
0.09
0.02
0.38
0.89
0.12
0
0
0
0
0
0
0
0.01
0.68
0.61
4.14
1.97
0.76
0.55
0.04
0.08
2.53
0.76
0
0
0.04
0.11
5.13
20.4
10.28
1.24
2.08
1.02
0.18
0.34
0.01
0
1.96
5.26
1.92
2.43
20.25
16.2
7.74
3.31
9.91
2.17
2.22
8.34
2.45
7.78
3.05
7.59
23.29
34.36
16.18
10.06
5.26
3.96
7.61
3.81
5.32
24.13
5.37
2.01
1.24
9.06
16.29
4.89
7.14
13.82
26.24
3.52
2.86
2.22
0.03
0
0.09
0.09
1.66
13.98
6.91
3.31
3.84
2.8
1.39
5.06
3.38
4.28
3.48
10.16
22.17
8.86
3.59
1.34
1.97
1.32
5.06
10.99
5.28
4.05
4.49
17.65
2.4
4.75
3.24
11.9
17.13
3.4
27.05
4.59
5.22
7
15.04
51.81
34.5
11.59
8.38
6.59
11.22
29.28
22.79
12.39
8.14
11.59
3.13
3.72
11.66
6.34
6.39
1.87
5.06
13.38
8.69
6.58
13.56
21.89
11.96
10.84
7.13
10.4
20.52
11.9
21.23
18.15
10.99
21.75
18.61
4.44
6.9
8.34
40.14
0.96
0.15
0.7
0.41
0.62
15.87
7.45
4.16
19.73
4.64
4.1
7.89
3.65
2.65
4.85
22.87
24.35
5.66
4.72
2.19
14.59
11.33
5.9
10.88
8.27
7.15
23.01
2.04
8.2
7.01
1.5
8.65
11.3
5.3
4.19
4.53
13.17
4.84
5.47
4.59
2.24
6.57
4.15
2.71
1.49
1.28
8.04
6.7
3.47
9.66
3.12
12.69
19.5
5.96
26.57
11.49
11.98
7.12
4.45
6.54
1.38
2.58
0.11
0.08
0
0.02
0
0
0
0
0.05
0.02
0.01
0.15
0.98
0.07
0.03
0
0.01
0.28
1.43
0
0
0.03
0.35
0.47
0.46
0.13
0.23
1.31
2.99
0.65
0.11
0.02
0.01
0.74
0.97
0
0.03
0.32
0.16
0
0
0
0
24.56
0.5
0
0
0
0.01
0
0
0
0
0.01
0
0
0
0
0
0
0.05
0.44
0.02
0.03
0.09
3.62
7.2
0.24
0.89
0.76
0.15
0.26
0.11
0.05
0.37
2.39
2.38
5.16
0.38
0.8
1.07
2.41
1.97
1.81
0.25
0.06
0.17
0.13
0.1
0.19
0.33
0.52
3.29
1.53
9.39
6.53
0.84
0.04
0
0
0
0
0
0
0
0
0
0
0
0
0
0
0
0.01
0.01
0.02
0.34
0.44
0.82
1.96
0.42
0.1
0
0.09
0.03
0.01
2.8
2.45
0.04
0.32
0.01
0.02
0.75
9.78
4.51
0.68
0.24
0.22
0.02
0
0.04
0.03
0.04
0.56
0.26
3.87
0.34
0.03
0.05
0.25
0.01
0.03
0.14
0.15
0.21
1.43
1.38
3.91
3.46
3.21
1.54
0.44
0.19
0.01
0.02
0.01
0
0
0.02
0.41
1.92
1.04
0.12
0.1
0.27
0.03
1.62
2.93
14.7
7.94
1.47
3.04
20.52
72.74
3.23
6.36
3.24
0.88
2.19
2.24
4.51
6.98
60.53
10.16
6.17
6.02
4.91
2.85
3.01
1.41
0.53
0.92
0.16
0.39
1.27
1.8
2.45
1.01
0.48
0
0.02
0.09
0.19
0.42
1.08
4.72
0.79
0.25
5.8
3.6
6.49
6.53
3.6
4.66
21.15
29.21
7.98
4.27
1.76
2.02
2.02
4.22
3.19
20.44
26.89
12.46
8.84
5.56
6.4
9.56
1.39
2.36
5.26
6.17
3.02
5.85
7.28
8.64
9.82
16.29
13.82
4.98
4.37
1.83
3.2
6.32
8.41
6.31
13.25
7.58
5.89
27.62
14.53
3.12
4.85
73.68
12.2
19.1
7
1.34
1.57
1.77
1.7
21.11
12.96
10.84
8.56
7.6
14.37
12.06
7.53
9.62
10.93
3.11
6.49
7.43
23.83
44.35
15.94
13.19
22.23
3.28
4.32
8.87
3.24
2.95
3.51
11.64
29.71
8.98
6.29
9.26
26.08
13.05
1.17
12.22
7.85
5.7
5.31
3.44
13.7
2.31
6.49
5.61
4.16
6.7
2.38
2.14
3.18
4.33
5.47
2.76
4.68
7.82
13.54
12.53
17.4
20.48
1.47
3.5
8
5.27
3.23
5
17.01
10.89
5.1
6.15
3.76
2.05
2.13
10.01
8.41
3.32
3.18
4.27
3.79
1.65
4.92
3.49
4.76
3.3
14.77
14.48
11.21
5.64
2
2.62
3.09
2.05
1.22
2.56
1.55
5.15
0.54
0.24
0.1
0.92
0.78
0.85
0.62
0.45
0.99
0.35
0.26
0.53
14.6
0.28
0
0
0
0
0
0
0
0.12
0.12
0
0.01
0.01
0.22
1.47
3.32
2.1
0.15
0.03
0
0
0
0
0.01
0
0
0.09
0.31
0.22
0.14
0.1
0.1
0
0
0
0
0
0.01
0.07
0
0
0
0
0
0
0
0
0.04
0.17
0.55
2.06
0.6
0.14
0.01
0.01
0.09
0.77
3.86
3.24
2.53
2.83
6.96
31.76
5.73
0.18
0.01
3.61
2.18
0.1
0
0
0
0
0.03
0.06
0.29
0.09
0.01
0
0
0
0.02
0.01
0
0
0
0
0.06
0.02
0
0
0
0.01
0.02
0.01
0.07
0.02
0
0
0
0
0
0
0
0
0
0
0
0
0
0
0
0
0
0
0
0
0
0
0.01
3.07
10.23
3.63
13.01
8.98
6.74
