19930101
2.86
0.03
0
0
0
0.01
0.49
2.43
2.82
0.37
0.2
1.39
3.21
5.16
4.08
3.88
6.93
5.47
11.27
7.94
0.66
0.23
0.71
3.09
7.71
2.06
0.94
0
1.03
1.42
5.14
10.24
2.16
0.56
0.85
0.64
0.67
2.34
2.42
1.46
3.95
13.29
1.63
2.53
2.86
0.03
0.07
0.05
0
0
0
0
0
0.02
0.27
5.19
6.79
7.62
1.18
0.81
0
0
0
0
0.02
6.34
15.83
0.85
0.3
0.95
1.33
1.01
0.02
0
0
0
0.6
2.44
0.32
0.14
11.55
27.43
0.6
1.86
3.43
6.98
3.73
1.89
0.93
2.05
1.44
0.97
2.84
12.24
5.87
3.82
8.03
6.57
0.72
2.34
1.71
11.92
23.45
3.43
5.11
17.52
9.98
5.51
9.07
18.99
13.3
12.3
15.82
16
17.09
15.27
17.49
5.02
14.95
14.94
5.13
7.48
6.91
4.1
5.95
12.3
8
13.41
23.08
16.95
22.06
18.51
32.1
26.7
9.7
10.87
14.32
19.65
17.67
19.8
7.58
13.12
13.04
5.79
8.24
7.98
9.86
8.33
3.1
6.24
22.1
18.96
17.75
16.64
13.63
8.55
16.68
14.54
10.14
12.8
11.33
13.59
15.35
10.11
5.86
18.29
11.05
20.53
11.34
10.38
12.88
19.14
20.93
18.72
27.57
23.3
5.63
8.25
9.06
14.85
6.68
6.36
28.97
10
2.4
10.01
6.89
6.77
1.62
6.45
8.73
8.35
10.01
11.02
5.02
11.53
11.94
15.44
22.22
17.25
5.21
9.11
7.03
10.65
7.64
8.61
17.53
31.39
20.07
5.33
1.78
10.12
4.4
2.97
9.24
3.99
7.34
15.23
27.79
9.99
8.8
6.46
13.83
14.83
27.1
19.03
1.35
2.51
2.17
4.77
16.36
20.87
9.62
12.34
7.62
4.45
14.64
13.89
0.75
6.88
12.44
8.12
18.58
8.75
2.9
4.35
8.35
11.2
12.15
5.84
2.87
1.46
2.92
2.42
5.69
9.33
9.45
5.3
5.62
8.99
3.42
4.6
1.71
2.34
1.72
6.76
2.63
1.08
3.15
3.73
12.65
3
8.92
15.11
19.09
21.63
20.04
8.22
6.97
8.31
5.2
7.24
0.9
1.02
3.47
13.01
3.62
10.48
1.9
1.41
2.07
2.91
8.32
7.74
1.54
8.16
14.2
11.62
15.48
14.95
20.88
8.56
5.65
2.23
0.16
2.59
4.11
1.87
2.72
4.55
7.19
5.61
3.14
0.09
0.02
0
0
0.01
0.03
1.24
0.91
0.31
0.1
0.18
0.91
4.83
3.18
0.44
0.04
0.05
0.02
0
0
0
0
0
0.12
0.05
0.32
0.32
2.23
1.09
0.06
0
0
0
0
0
0.01
0.04
0
0
0
0
0
0
0.02
2.5
0.95
0.01
0
0
0
0
0
0
0
0
0
0
0.02
0.03
0.06
0
0
0.04
0.27
0.19
0.02
0.08
0.02
0.01
0
0
0
0
0
0
0
0
0.12
0.01
0.15
0.05
0.01
0
0
0
0.01
0
0
0
0
0
0.04
0.31
1.02
1.37
0.12
0.32
3.16
1.16
4.68
5.14
1.06
1.5
1.54
0.74
0.46
3.61
1.87
0.03
0.08
0.92
0.74
3.38
3.76
10.91
9.4
9.93
2.24
0.64
1.89
2.86
2.85
4.04
2.45
5.06
2.17
2.56
3.65
4.48
3.11
1.02
5.45
1.97
5.34
5.15
4.4
2.11
16.15
19.36
6.51
1.79
1.32
3.51
1.79
3.58
9.08
6.33
8.39
0.77
7.53
14.9
16.12
2.99
3.57
5.62
5.77
7.18
14.53
10.49
19.57
27.34
10.61
8.42
6.04
3.91
9.89
6.71
23.41
12.74
17.09
18.35
14.16
20.08
13.1
5.42
6.02
11.88
5.81
16.11
2.94
8.2
15.19
20.55
32.7
22.31
16.53
14.05
17.02
15.48
19.86
12.7
6.33
9.18
9.98
6.69
6.85
3.58
4.06
5.81
9.39
7.68
6.79
6.17
6.2
4.48
4.48
4.27
6.54
9.54
4.87
10.34
11.86
4.53
13.67
6.53
6.76
6.68
14.38
26.48
23.38
19.29
12.76
12.7
14.3
11.2
8.78
9.17
7.84
5.76
4.97
10.44
5.87
3.76
8.5
6.59
7.55
9.7
16.77
24.23
14.66
14.75
9.13
8.53
6.63
15.47
14.44
24.4
22.91
11.5
9.75
4.06
7.74
8.51
7.44
6.05
4.86
1.63
4.79
10.11
6.4
7.26
6.56
31.12
15.22
9.67
13.9
18.75
6.66
2.91
8.61
11.98
22.1
13.24
9.33
5.57
9.71
14.86
14.18
13.7
4.86
8.65
10.02
12.93
12.7
12.94
10.31
7.47
2.08
2.54
4.77
1.94
1.69
3.91
7.88
9.08
8.08
24.59
8
9.34
10.16
9.9
12.52
18.45
15.01
21.07
12.28
11.21
5.92
4.23
6.37
2.87
5.27
5.26
5.74
2.93
7.99
10.46
5.58
0.75
9.55
17.07
12.68
7.82
4.5
3.48
1.02
1.23
1.84
5.34
4.64
6.57
8.15
7.84
9.4
10.93
11.54
8.52
7.58
3.54
3.42
11.28
10.57
6.34
2.16
0.3
0.2
0.26
0.38
0.2
0.02
0.04
1.19
2.78
4.63
2.11
5.58
4.82
6.63
6.05
0.48
0.54
0.26
1.04
1.18
7
7.81
6.17
4.23
2.95
2.5
5.07
1.96
0.71
0.07
0.01
0.2
22.24
9.67
1.04
1.05
0.02
0.04
0.01
0.01
0.03
0
0.22
0.06
0.17
2.93
3.82
0.13
0.27
0.18
0.01
0.07
0.01
0
0.02
0.64
0.43
0
0
0
0
0
0
0.01
0.11
0.07
0.01
0
0
0
0
0.13
0.27
0.02
0.02
0.08
0.03
0
0
0
0
0
0
3
0
0.02
0
0
0
0
0
0
0
0
0
0
0
1.88
1.21
1.15
0.27
0.09
0.02
0
0
0
0
0
0.2
0.41
0.44
2.31
6.04
3.14
1.98
5.03
4.63
2.88
5.04
11.88
5.4
9.99
0.58
0.04
0.39
1.31
2.87
0.1
0.24
0
0.25
1.37
14.32
0.46
0.37
0.47
0.54
0.9
7.28
13.95
8.39
9.25
7.72
9.78
3.74
5.38
0.21
0.89
1.46
5.19
1.62
0.48
0.95
14.62
18.35
6.39
1.09
2.96
1.83
0.97
4.46
9.26
1.83
0.29
1.09
1.86
4.64
6.87
8.63
10.55
6.06
4.15
4.5
2.65
2.78
1.96
3.7
11.24
19.54
22.26
16.15
20.34
18.55
8.19
13.77
19.06
22.29
22.57
20.86
12.73
9.21
12.31
13.88
4.96
3
7.67
13.05
15.56
14.03
3.38
2.24
0.15
4.7
9.08
22.84
19.83
11.83
15.69
10.82
6.91
9.25
6.79
7.1
12.8
5.03
0.82
3.29
7.11
4.69
10.81
15.9
18.16
13.42
7.68
21.96
16.71
37.08
15.57
0.73
0.46
0.53
0.7
0.52
10.37
27.37
12.15
8.67
11.77
4.03
8.92
5.56
15.33
7.99
12.88
9.59
12.19
10.4
12.3
13.05
11.49
13.78
9.99
9.38
9.36
20.88
6.92
5.69
9.58
4.54
5.81
4.05
6.17
8.96
6.22
7.01
5.6
12.15
8.79
5.53
7.82
7.81
2.46
2
4.66
1.05
9.36
10.1
10.33
7.99
9.98
10.36
6.72
13.4
8.03
11.62
5.85
8.87
4.53
16.59
23.19
8.41
12.53
15.81
5
17.94
27.09
13.37
12.77
5.4
3.14
1.72
4.57
11.91
2.84
2.76
5.37
5.93
4.95
8.23
2.49
4.61
3.03
5.01
13.16
4.77
8.99
12.34
6.74
8.7
10.24
11.49
20.93
20.03
6.94
7.37
6.51
4.34
4.05
11.89
12.59
12.16
10
2.82
6.43
8.28
3.69
5.58
6.87
23.76
28.98
20.36
11.52
7.91
3.14
2.6
4.78
7.96
6.19
4.97
6.21
10.57
5.44
7.14
10.19
10.37
14.24
8.97
9.87
6.54
4.67
3.08
3.84
3.06
7.12
6.73
9.48
9.22
9.24
10.16
7.46
3.59
0.06
0.01
0.12
0.9
1.36
1.97
5.05
7.43
3.92
0.38
1.15
3.85
16.25
8.69
0.4
0.21
0.28
0.08
0.47
2.35
3.65
2.53
0.31
0.09
0.06
0.72
1.76
1.56
1.83
0.85
0.2
0.14
0.22
0.02
0.08
0.13
0.01
0
0
0.04
0.55
1.01
0.61
0
0.1
1.42
1.55
7.8
1.09
6.29
0.69
0.11
17.23
56.52
7.98
0.07
0
0
0
0.1
0.15
0.19
0.62
2
0.37
0.38
2.24
2.19
0.27
1.02
6.75
2.27
2.51
0.96
0.4
0.37
0.78
2.67
3.37
0.83
0.69
0.21
1.98
8.83
12.41
0.46
0.05
1.03
3.31
11.25
5.87
0.88
0.91
1.86
0.86
1.75
0.21
0.02
0.02
0.27
0.6
0.62
2.43
3.84
1.73
0
0
0.07
0.08
0.05
0
0.06
0.04
0.69
0.55
4.58
3.05
0.06
0.03
0.06
0.85
2.27
3.08
6.26
5.28
0.96
3.5
4.16
7.11
5.68
2.9
1.84
8.6
25.11
3.04
1.34
0.06
1.41
1.91
3.31
2.82
1.42
5.09
7.08
13.96
21.95
31.5
21.02
11.1
18.43
1.54
6.98
11.96
23.26
28.2
17.69
3.9
10.39
7.21
8.87
5.66
2.01
2.98
9.6
16.65
3.76
2.23
1.39
0.14
0.22
8.74
11.17
15.22
14.33
18.17
16.89
13.83
21.15
5.27
7.95
3.77
6.21
10.01
11.4
20.51
27.26
11.63
7.5
10.13
6.34
1.9
2.51
7.54
10.04
21.73
19.84
21.33
19.03
6.13
16.8
8.39
4.51
7.53
13.2
22.15
19.9
35.37
14.14
10.97
14.61
12.95
8.7
16.07
14.06
17.07
12.99
19.64
19.45
6.58
14.29
2.94
5.57
10.69
12.21
7.66
7.02
9.43
11.4
12.63
12.33
8.38
13.03
21.5
13.63
16.09
21.28
32.6
11.07
15.08
6.8
15.17
13.96
14.18
8.26
12.56
11.18
16.25
10.92
14.61
14.4
14.42
13.71
16.78
17.18
8.43
9.72
15.4
20.78
21.84
8.77
11.78
12.45
18.72
13.26
10.36
22.32
21.67
17.45
10.97
8.05
11.89
14.3
3.2
5.93
4.78
7.85
11.72
22.22
9.61
29.77
25.21
25.15
17.76
5.83
3.69
8.36
20.75
5.01
2.77
10.09
9.16
2.71
9.5
13.27
14.62
12.18
12.27
13.43
9.87
11.33
13.76
11.49
12.84
12.3
22.21
24.13
19.39
12.94
8.29
17.29
14.65
16.96
13.08
24.09
19.46
13.83
14.43
24.2
11.62
6.88
10.67
11.02
16.56
4.73
9.6
15.44
5.12
10.21
14.54
13.53
16.27
10.52
8.05
1.55
9.19
21.52
5.19
10.74
12.76
12.52
17.88
17.09
3.89
0.13
2.29
9.92
11.03
10.82
11.48
18.65
21.57
21.21
12.66
2.98
1.47
1.6
0.54
1.68
2.53
2.95
1.64
0.64
1.78
6.13
4.94
4.87
4.2
1.5
6.9
3.64
4.99
0.93
0.27
0.01
0.03
3.66
5.92
1.23
2.45
1.59
0.01
0
0.19
0.22
0.04
0.13
1.75
0.22
2.67
3.95
1.95
0.53
0.36
12.25
14.05
20.38
7.52
2.21
0.06
0.27
0.17
0.16
0.23
0
0.02
0.02
0.09
0.34
3.11
0.78
0.54
0.11
1.35
1.09
1.1
0.09
0.05
0
0.12
0
0
0
0
0.01
0.03
0.69
0.21
0.97
0.72
0.04
0.08
0
0
0
0
0
0.07
0.04
0.75
1.03
0
0
0.01
0
0
0
0.51
0.29
1.33
9.06
1.31
1.46
0.74
2.25
4.44
1.06
0.66
0.09
0.12
1.47
1.45
0.88
4.33
4.67
0.06
0
0
0
0.02
0
0
0
0
0
0.02
0.03
0.01
0.01
0
0
0
0
0
0
0
0.01
0.03
0.04
0.09
0.31
0.86
2.01
0.18
0.15
0.57
0.07
0.02
0.38
0.03
2.93
6.38
1.83
0.01
0.57
0.11
0
0
3.91
7.5
8.57
4.43
1.1
0.04
0.09
0.16
3.37
10.24
10.82
6.32
3.69
5.87
7.55
10.87
6.43
19.29
13.08
15.54
18.68
17.69
25.2
14.83
13.97
10.11
15.69
14.19
4.87
1.86
1.73
1.51
0.3
1.87
21.98
30.2
12.61
8.79
9.91
6.37
17.88
17.97
15.22
23.66
20.01
20.04
9.41
0.57
4.73
12.13
7.07
4.72
3.55
0.37
0.89
8.03
13.46
15.45
9.41
10.64
13.6
14.27
6.47
27.37
19.63
14.17
10.24
8.63
10.03
14.58
14.51
8.95
7.04
16.2
17.77
11.08
23.04
16.79
17.12
17.14
9.7
20.42
22.91
7.3
7.79
10.53
17.5
12.06
6.63
16.89
24.73
9.54
10.68
13.19
8.03
11.55
9.75
7.62
5.91
8.12
9.25
10.35
11.03
6.28
9.57
15.33
14.97
12.7
6.29
9.05
5.26
12.34
6.43
6.63
8.81
5.26
3.83
5.89
5.02
6.53
2.88
1.85
2.14
0.87
0.25
2.09
6.29
5.09
9.63
6.01
4.84
12.6
8.38
15.77
10.5
10.84
8.18
10.94
10.35
5.09
13.03
8.47
14.38
15.45
6.69
18.1
13.46
5.77
9.07
9.02
3.08
5.36
3.11
6.05
8.05
2.25
5.31
13.64
4.73
9.47
4.17
8.84
15.33
0.42
5.1
9.93
3.04
2.8
1.75
2.31
5.51
2.11
2.04
2.67
7.13
4.4
7.67
6.86
5.49
2.72
5.6
12.05
8.37
5.33
5.6
8.62
12.53
10.13
19.96
10.38
15.02
19.68
8.34
5.84
9.78
10.14
4.19
4.48
7.51
3.65
3.94
7.57
10.22
7.17
17.17
20.48
8.56
11.26
18.21
10.67
2.35
1.17
13.4
21.87
13.95
19.77
25.54
27.19
17.23
26.53
24.6
13.67
45.36
34.86
35.36
15.09
35.9
10.18
10.04
1.46
0.58
1.34
5.19
7.11
3.6
2.91
0.2
0.03
3.92
5.72
10.92
5.39
3.27
7.34
18.36
13.92
3.33
6.07
1.68
1.69
8.01
26.62
23.75
12.25
6.83
5.59
2.38
1.21
0.11
2.3
2.65
0.71
2.22
6.84
4.71
4.14
4.92
0.95
1.4
1.9
3.01
0.48
0.13
0.08
0.01
0
0.01
0
0.02
0.07
0.44
0.08
0.41
1.08
6.04
5.32
7.76
3.07
0.38
0.04
2.6
10.99
11.86
7.94
6.51
0.2
1.56
0.79
0.28
2.11
12.51
6.89
1.8
2.71
5.91
8.2
7.38
1.54
5.45
4.68
4.88
3.15
0.13
0.01
0
0
0
0.04
0.53
0.72
0.12
0.92
0.04
0.7
0.49
1.02
0
0
0.24
3.3
4.95
6
7.58
0.69
7.19
8.47
7.21
4.92
6.5
3.46
6.72
5.9
3.57
1.54
1.19
0.55
0.35
1.35
3.52
2.77
0.93
0.71
2.45
1.84
1.53
1.13
3.53
5.35
4.57
10.06
4.16
0.34
0.46
0.1
0.28
2.63
0.67
0.08
0.08
1.31
9.46
8.17
1.9
3.1
9.78
2.17
0.06
0.02
0.04
0
0
0
0.15
0.15
0.05
0.07
1.61
0.94
3.75
9.17
3.74
9.82
1.02
0.6
2.98
2.44
0.74
5.23
2.35
3.05
1.88
4.76
6.69
10.18
13.28
4.09
2.1
3.36
5.71
4.65
10.12
37.62
17.84
8.17
19.64
10.14
9.31
8.37
9.04
10.43
5.86
12.42
12.27
18.29
19.15
10.22
2.58
2.18
1.62
1.7
1.84
3.49
9.76
9.38
1.45
0.17
0.12
4.07
3.91
11.84
10.18
10.79
7.76
7.57
16.02
6.87
8.1
8.68
17.53
12.99
20.24
6.59
6.64
9.16
10.38
5.54
17.96
7.96
2.13
9.66
17.39
5.82
10.07
18.44
17.16
33.67
31.55
3.22
5.72
30.72
37.42
14.52
13.5
18.45
22.83
11.32
11.79
13.46
11.41
11.67
11.07
9.02
3.35
1.86
8.87
11.16
5.88
10.7
10.65
15.61
13.6
13.18
8.71
10.8
11.09
12.72
5.85
4.15
7.92
8.3
6.3
28.64
31.01
28.36
16.66
14.27
10.51
10.89
4.49
4.1
8.53
9.24
9.95
21.83
14.05
4.67
5.07
6.83
6.91
6.46
4.03
14.22
7.3
5.82
5.55
9.17
4.58
4.19
3.57
3.64
3.98
0.79
2.53
1.54
3.23
4.52
2.58
1.14
1.58
1.95
2.63
8.39
4.31
8.74
4.08
8.42
17.05
15.64
11.82
4.08
3.99
4.74
9.61
9.2
7.2
5.45
5.82
6.34
7.64
6.6
7.64
34.7
33.52
23.76
19.82
35.08
8.81
17.9
20.32
28.95
29.27
10.53
7.2
15.31
14.06
8.37
8.21
3.63
3.36
9.33
10.99
13.5
17.15
19.96
17.3
13.06
9.94
10.57
8.48
15.44
6.2
0.47
0.15
0.01
0
0
0.36
1.86
0.29
0
0
8.91
5.91
24.54
28.96
33.23
3.61
1.41
0.5
0.51
0.66
1.03
1.27
0.6
0.07
0
0
0
0
0
0
0
0
0
0
0
0
0
0.01
0.02
0.04
0.03
0
0
0
0
0
0.01
0
0.01
0.03
0.47
0.56
0.64
0.27
0.15
0
0
0
0
0
0.08
0
0
0
0
0
0.01
0
0.02
0.02
0.52
0.44
0.11
1
5.48
6.37
0.12
0.17
3.02
0.51
1.02
6.32
4.61
3.12
0.63
0.15
0.07
0
0
0
0
0
0
0
0
0
0
0
0
0
0
0
0
0
0.02
0.04
1.37
0.26
0.07
1.03
0.05
0
0
0
0
0.14
0.53
0.05
0.01
0.05
0.28
0.55
0.55
1.27
4.8
5.52
2.14
3.58
1.62
0.54
4.62
6.09
5.78
3.43
6.07
0.75
0.02
0.09
0.23
5.65
3.13
2.54
2.77
0.95
0.86
0.23
0.03
0.01
0.03
0.05
3.55
5.57
2.79
3.08
6.44
5.59
4.15
2.7
2.4
2.56
2.42
2.73
2.56
1.68
0.92
0.78
3.95
6.48
4.99
6.13
10.07
10.18
8
13.47
4.55
0.92
1.45
3.62
4.88
4.48
4.71
5.06
4.77
12.96
11.24
19.3
10.45
5.41
10.04
11.26
6.93
7.48
7.47
9.44
9.72
10.32
6.78
5.89
3.28
13.61
15.37
8.57
7.1
8.06
9.34
8.28
9.51
8.02
7.07
6.42
14.89
26.25
9.36
9.58
4.24
3.73
11.5
4.5
9.36
5.72
5.69
9.89
8.07
5.19
5.78
5.92
2.87
3.72
6.81
3.99
5.45
5.28
7.17
8.22
4.77
5.82
13.89
7.86
8.39
8.77
5.74
9.77
15.23
19.28
4.4
8.68
8.94
10.33
13.68
14.18
2.61
1.67
3.44
8.99
4.31
4.44
6.73
2.81
5.21
10.86
6.59
12.38
7.79
11.79
11.98
5.39
5.49
6.56
7.81
10.12
7.56
11.79
12.27
5.99
10.6
7.75
7.4
10.82
8.52
9.27
10.06
7.25
8.66
3.34
3.76
4.22
11.58
8.53
8.7
17.2
4.59
4.8
8.58
7.13
1.94
0.22
2.36
1.08
3.12
3.01
5.98
3.62
3.95
5.95
4.5
3.45
1.69
3.42
5.35
6.15
8.93
7.55
4.42
4.62
2.11
1.33
0.56
1.13
2.41
0.66
1.88
5.6
7.39
8.14
5.21
4.6
9.35
5.98
5.01
6.43
8.34
2.24
5.79
4.5
7.53
5.93
6.63
7.78
8.61
8.5
12.92
17.35
16.13
13.75
15.08
16.18
11.33
9.53
12.14
11.6
9.83
16.12
9.5
15.1
19.61
12.81
13.18
9.43
7.96
1.93
0
0
0.04
0.22
1.32
4.93
7.05
4.58
6.73
2.54
0.36
0.65
1.85
0.27
0
0
0
0
0
0
0.08
0.63
3.62
2.01
1.47
0.09
0.05
0.01
0
0
0
0
0.03
0
0
0
0
0
0.03
0.07
0.91
0.01
0
0
0.17
1.15
0.84
0.48
1.41
2.82
0.21
0.01
0
0
0.04
0.02
0.04
0.61
0.37
0.03
0.01
0
0
0
0
0.13
0.13
0.12
0.05
0
0
0
0.19
0.02
0
0.01
0
0
0
0
0
0
0
0
0
0
0
0
0
0
0.85
0.05
0.14
0.02
0
0
0
0
0
0
0.02
0
0.04
0.12
0.17
0.08
0.08
0.22
1.01
0.42
0.01
0
0
0
0
0.01
0
0
0
0
0
0
0
0
0
0.06
0.18
0.05
0.19
0.06
0.14
0.01
0
0.01
0.11
0.2
0.29
0.45
0.19
0.23
0.26
0.07
0.06
0.07
0.07
0.01
0.38
0.7
2.66
0.37
0.05
0.01
0
3.64
1.77
0.3
0.05
0.06
0.14
2.63
1.06
5.38
2.14
6.99
4.51
4.13
4.8
1.05
0.01
0
1.5
11.12
12.28
4.1
3.83
2.48
1.72
14.09
18.54
10.66
7.64
9.34
13.9
9.66
6.18
15.75
7.88
9.83
1.07
5.06
3.93
8.16
5.68
14.91
13.76
16.89
17.65
2.34
9.76
14.84
14.74
14.73
5.39
6.13
0.54
4.5
1.11
0.62
1.6
0.98
0.53
3.82
3.65
4.22
8.63
4.02
5.32
2.86
3.35
6.16
2.79
4.99
8.47
15.01
6.08
5.05
5.34
9.88
9.79
4.56
5.84
9.43
3.74
6.15
11.35
7.79
4.66
4.84
3.1
2.94
0.84
9.82
8.33
5.51
9.96
13.02
9.79
8.74
10.14
11.97
6.32
5.06
3.27
2.66
2.17
3.8
7.14
6.83
4.52
4.6
4.85
7.25
1.84
3.48
4.69
2.85
3.62
4.47
5.1
3.03
2.02
4.78
10.22
6.71
9.48
5.98
0.7
1.68
0.75
0.66
0.89
0.74
0.65
0.42
0.66
0.64
2.56
2.68
1.61
0.88
3.43
8.29
14.92
11.91
23.34
20.57
5.05
4.13
5.05
5.44
6.64
5.41
6.42
2.99
8.89
4.87
1.26
2.26
3.34
2.67
1.08
2.36
6.03
3.75
3.47
2.2
3.36
2.8
1.2
9.16
5.04
6.35
5.75
2.97
4.05
5.57
8.64
6.27
10.81
8.89
4.82
4.08
5.24
10.02
7.74
11.2
5.47
5.51
4.12
8.98
4.75
6.37
3.94
1.97
2.02
0.92
1.63
10.01
12.9
8.31
10.87
20.45
17.72
17.4
13.86
12.96
5.75
1.37
3.84
5.42
2.87
1.13
5.89
6.99
6
0.6
2.72
1.51
0.07
0.24
6.31
3.14
3.01
0.81
0.01
0.06
0.04
0.04
0.34
4.33
1.41
7.79
10.41
2.93
4.19
0.22
0.23
0.05
0.17
1.03
1.5
0.49
0.24
0.09
0.05
0.4
4.46
3.55
1.52
0.44
0.03
0.02
0.07
0
0.05
0.13
0.24
0
0
0
0
0.02
1.21
5.43
12.64
4.42
2.05
0.79
1.4
2.85
1.78
0.43
0.01
0
0.13
0.52
0.07
0.01
0.01
0.02
0
0.12
0.04
0.01
0
0
0
0.14
0.1
0.12
0.1
0.13
0.22
0.48
0.94
0.91
1.53
1.29
1.21
0.68
0.04
0.02
0.02
0.08
1.07
2.33
6.22
3.61
2.89
1.04
1.7
1.3
0.62
0.55
0.66
0.04
0.1
0.02
0.42
0.23
0.55
0.37
0.48
3.05
1.81
1.29
1.38
1.94
5.24
1.37
0.28
1.3
0.01
0.03
0.13
0.17
0.35
0.89
0.69
1
0.38
0.28
0.21
0
0.01
0
0
0
0.03
0.27
0.34
9.49
0.24
6.2
7.68
2.33
2.18
6.77
7.42
2.52
6.07
3.32
8.62
2.08
8.48
12.35
13.25
21.05
0.82
1.33
12.48
2.64
2.99
0.93
0.41
2.18
9.87
4.01
0.95
3.48
8.83
9.62
12.13
4.46
7.12
4.41
4.38
7.21
6.89
5.25
3.12
2.35
9.67
10.4
6.84
1.83
2.26
6.67
7.16
2.32
0.01
5.34
6.47
4.57
6.54
7.72
5.09
4.1
3.18
4.66
3.38
10.92
3.22
1.69
9.2
4.51
5.43
10.85
8.31
8.88
11.91
9.31
4.25
3.45
3.65
2.64
0.82
1.42
3.26
6.38
6.15
13.06
18.03
13.34
17.17
14.73
21.97
12.75
15.04
18.9
13.48
8.13
13.15
9.69
30.23
5.46
19.16
15.86
1.6
0.23
5.29
3.52
10
8.73
5.58
26.39
5.21
4.2
4.06
3.57
2.73
3.02
2.02
1.44
0.43
0.53
9.12
3.69
4.91
5.16
3.29
1.37
5.47
13.28
7.26
6.42
0.84
0.85
2.86
5.29
9.33
6.54
5.91
5.88
5.3
2.04
4.75
3.29
1.8
2.47
1.84
2.82
1.74
1.68
2.74
2.76
7.43
14.96
10.98
6.49
1.32
7.72
7.6
10.01
6.01
5.57
2.32
2.3
0.81
1.24
1.72
4.37
3.45
6.5
3.21
1.16
1.56
1.9
6.34
5.45
1.36
0.32
1.93
1.4
2.28
2.92
7.32
11.66
2.11
2.49
7.41
7.89
8.39
8.31
7.62
6.14
5.56
2.29
4.82
6.17
5.4
4.19
2.62
0.97
1.46
6.32
2.35
1.95
1.51
1.52
0.91
2.4
4.09
4.47
2.48
1.68
2.75
2.15
6.1
3.81
3.52
0.19
0.06
0.07
0.35
1.28
1.23
0.46
0.34
1.04
1.27
1.26
2.92
6.01
8.15
8.97
18.23
18.25
14
16.58
5.6
0.65
3.11
8.44
10.53
3.9
0.26
1.36
1.56
2.65
4.98
4.86
0.18
1.24
0.51
0.03
0.29
1.58
0.15
0
0.01
0.38
0.93
6.03
0.57
0.1
0.36
0.34
3.16
12.04
3.3
0.02
0.02
0.02
0.09
0
0
0.04
0.13
0.32
0.19
0.23
0.07
0.04
0.27
1.18
0.3
0.63
0.1
0.03
0.04
0.55
1.12
1.57
0.12
0.02
0
0
0
0
0
0
0
0
0
0
1.23
1.1
0
0.02
0.77
1.27
3.18
2.61
2.06
2.7
6.12
6.09
4.44
2.31
2.47
3.77
4.57
6.29
9.66
4.35
5.5
2.52
0.01
0.01
0.13
0
0
0
0.01
0
0.01
0.06
0.01
0
0
0
0
0
0
0
0.04
0.02
0.07
0.12
0.02
0
0.01
0.02
0
0.05
0.22
1.47
1.79
1.07
0.76
1.07
0
0
1.11
0
0
0
0.12
2.54
1.73
4.8
6.08
13.2
2.21
3.47
2.26
4.72
3.07
2.69
5.25
0.92
0.1
0.12
0.34
0.7
6.34
13.56
8.88
5.7
1.26
3.34
5.74
5.37
4.53
4.9
13.55
3.49
16.37
8.81
7.42
6.13
7.5
13.08
19.71
11.73
9.59
2.15
4.08
0.34
6.49
1.54
1.01
0.91
0.78
1.51
9.21
8.89
10.75
33.41
13.01
0.04
0
0
0
0
1.18
1.07
0.96
1.3
2.38
7.81
17.78
7.54
11.7
13.47
8.36
9.58
1.39
0.95
0.35
2.24
0.32
0.05
3.76
7.92
7.44
4.98
6.43
6.84
4.42
0.18
0.67
2.66
1.74
2.21
1.4
2.91
3.47
4.01
1.89
5.73
6.68
5.07
3.39
7.92
4.3
5.61
7.98
5.29
3.1
3.4
3.68
5.86
6.17
10.46
28.13
12.98
6.58
8.35
2.66
2.2
10.66
4.29
0.77
13.34
18.75
13.08
7.42
24.28
6.73
3.05
1.14
3.7
6.71
10.39
7.99
4.06
2.24
2.96
4.09
4.49
2.95
0.89
0.81
2.74
0.68
1
0.68
2.81
0.89
10.77
13.79
7.38
6.38
11.65
2.61
1.09
2.42
1.13
0.98
1.85
2.33
1.79
0.7
3.56
5.33
5.49
2.18
4.49
3.56
4.33
2.87
4.35
2.5
2.24
4.32
2.98
3.77
3.57
6.28
4.76
5.97
4.6
7.73
5.38
1.02
0.54
0.6
0.2
0.36
4.37
2.05
5.44
2.99
4.3
6.02
5.79
1.33
3.46
8.77
0.97
0.69
0.39
0.95
0.8
1.61
2.22
1.33
0.68
2.37
1.75
2.6
3.43
2.72
2.45
9.4
9.98
21.76
13.33
19.99
19.79
5.49
1.43
0.12
0
0.69
6.42
7.72
6.75
0.76
0
0.01
0.01
0.33
1.22
3.14
7.46
5.01
4.98
2.02
1.4
1.45
1.37
2.51
2.66
7.31
6.74
4.06
3.27
6.07
6.01
8.52
7.15
4.6
1.95
1.08
3.84
6.12
2.86
0.6
0.01
0
0
0
0
0.64
0.93
1.39
0.99
1.28
0.29
0.04
0.02
0.01
0.03
0.18
0.01
0.04
0.12
0.21
0.12
0.1
0.11
0.06
0.41
4.81
1.36
2.91
3.14
1.7
0.39
0
0.13
0.96
1.95
1.87
3.57
2.4
4.43
1.59
2.38
3.13
3.77
1.15
0.67
4.39
0.33
0.01
0.01
0.61
6.35
1.65
1.59
5.9
9.35
0.07
0.36
0.41
0.01
1.38
0.17
0
0
0.01
0.02
0
0
0
0.03
0
0
0.03
0.55
0.8
0.44
1.29
2.34
1.12
0.73
0.89
0.74
0.5
0.11
0.48
0.03
0
0
0
0
0
0
0
0
0
0
0.06
0.02
0.21
0.09
0.23
0.87
0.24
0.49
1.22
1.01
0.11
0
0
0
0
1.68
3.99
7.24
7.25
2.59
0.39
0.37
0.09
0.03
0.04
0.01
0.01
0.1
0.27
0.17
1.55
2.85
6.33
3.24
2.2
3.6
6.54
6.1
6.79
6.14
5.9
4.52
21.62
11.99
9.13
8.3
4.21
5.61
11.95
13.54
0.28
0.26
0.13
0.01
0
0
0
0
0
0
6.98
5.52
6.7
7.81
5.61
4.43
6.22
5.59
9.1
10.97
6.74
3.63
0.45
5.54
2.68
2.42
2.25
0.07
5.49
3.72
0.15
0.43
0.38
0.39
1.27
3.43
0.49
0.18
0.68
1.9
4.23
7.41
3.48
0.47
0.17
0.06
0.46
0.78
1.32
1.05
0.42
0.96
1.95
1
0.1
1.5
5.14
9.59
9.84
14.16
5.87
6.4
5.52
4.47
2.64
0.78
0.26
0.86
1.07
1.31
2.38
4.15
2.56
1.31
2.26
15.19
17.52
19.72
24.74
10.97
3.36
0.32
0.41
0.71
1.11
2.91
6.22
5.98
9.39
5.88
1.13
0.72
0.73
0.95
0.56
2.22
6.08
2.85
2.86
1.17
1.69
1.54
1.38
1.48
0.82
1.6
1.38
1.48
1.67
2.05
2.28
3.72
2.14
1.86
2.21
4.83
6.87
8.13
8.04
7.96
9.03
5.38
3.17
8.41
4.69
5.57
4.92
4.96
5.58
0.96
4.24
5.8
2
4.13
5.78
5.94
17.43
15.13
13.18
9.15
4.38
3.7
1.92
3.23
5.7
5.3
3.97
4.18
4.5
4.04
0.6
0.83
0.67
0.78
0.71
4.53
11.63
6.09
7.01
4.78
3.99
2.35
2.98
2.52
2.14
1.66
0.77
5.26
3.02
2.26
2.01
1.77
1.48
2
2.78
6.21
5.19
6.18
6.71
4.14
3.7
2.78
2.69
1.8
3.65
0.66
0.04
0.03
0.03
0.03
0.49
0.34
0.41
1.26
1.22
3.07
4.1
3.17
3.66
4.73
3.27
1.3
1.27
0.61
0.35
0.29
2.2
0.67
0.01
0.05
0
0
0
0
0
0.19
0.06
0.03
0.24
0.14
2.04
5.66
7.76
8.17
3.43
0.16
0
0.09
0.21
3.39
2.27
4.53
3.29
0.18
0.15
0.92
0.59
0.02
0.17
2.01
2.08
1.92
1.61
2.59
1.7
3.27
2.11
10.88
7.58
11.06
6.61
5.22
4.31
0.05
0.26
0.01
0
0
0
0
0.25
0.6
1.7
6.42
7.06
0.05
0.01
0
0
0
0
0
0
0.01
0.1
0.09
0.29
0.23
0.04
0
0
0
0
0
0.02
0.14
1.26
1.33
2.19
2.55
0.9
1.17
2.27
1.21
1.11
0.96
0.66
0.72
0.21
0.02
0.01
0.12
0.46
1.51
0.53
3.17
4.11
1.84
1.33
4.51
1.4
1.77
1.57
0.58
0.54
0.02
0
0
0
0
0.2
0.22
0.73
0.22
0.03
0.01
0
0.03
0.06
0.03
0.05
0.56
1.19
0.66
0.3
0.1
0
0
0
0
0
0.04
0.04
0.1
1.15
1.74
1.08
0.44
1.06
1.81
1.92
0.52
0.21
0.51
0.09
0.15
0.1
0.01
0
0
0.16
4.39
5.56
4.53
4.14
3.39
3.88
5.36
10.43
3.72
10.28
8.6
6.58
3.76
8.29
7.02
7.52
5.56
4.92
2.92
5.24
8.29
15.57
7.24
8.5
6.61
3.38
2.27
0.42
1.57
1.83
4.6
7.6
11.87
17.9
16.98
3.44
3.23
1.65
2.41
2.27
1.99
1.5
0.76
0.52
1.06
1.07
1.2
1.38
2
2.88
1.16
0.79
0.07
0.3
0.7
3.66
2.99
2.43
2.19
2.52
5.65
3.82
6.86
8.8
7.81
9.78
8.04
7.25
9.22
4.93
0.75
0.39
0.79
0.92
0.52
1.95
2.67
2.96
2.6
2.19
1.42
0.19
0.97
1.62
1.8
5.56
8.87
8.55
5.7
5.17
3.45
4.44
1.18
0.72
3.71
0.79
0.94
0.97
1.17
0.91
2.75
1.2
0.55
4.23
3.39
5.95
3.23
1.41
3.95
2.88
5.26
7.26
8.07
7.11
4.73
4.86
5.22
4.15
3.15
2.45
7.06
8.64
3.98
3.11
5.16
2
2.46
1.85
2.21
2
7.42
5.98
5.93
5.4
4.84
6.34
9.56
13.35
7.27
5.03
2.9
3.58
1.44
1.32
2.06
4.65
5.17
5.53
2.89
4.43
2.2
1.8
3.03
3.17
1.79
0.13
0.07
0.09
0.06
0.06
11.02
8.57
6
10.14
8.3
3.08
3.3
7.74
3.88
3.35
5.9
5.59
3.35
3.56
2.17
3.96
6.19
3.19
2.16
1.36
4.28
6.04
8.56
6.72
10.86
6.24
1.14
10.93
7.12
11.58
3.71
2.45
2.93
1.77
1.89
3.52
6.94
4.11
3.14
8.02
9.2
8.1
6.53
8.49
9.17
0.75
0.01
0
0
0
0
0
0.01
0.03
0.02
0.05
0.02
0.3
0.1
0.09
9.98
15.48
15.29
11.53
1.7
0.43
0.16
0.33
0.01
0.02
0.27
1.76
2.42
1.64
2.17
0.46
0.22
1.31
2.6
3.21
3.19
11.74
12.87
2.87
0
0
0.01
0.02
0.02
0
0
0
0
0.04
1.51
3.46
3.81
3.81
2.27
1.09
0.02
0.04
0.1
1.08
3.61
1.84
0.19
0.34
2.77
3.61
5.75
4.1
7.09
1.73
1.54
2.75
3.07
5.05
6.54
0
0
0
0
0
0
0.04
0.16
0.2
0.06
0.06
0.59
0.96
1.38
1.6
0.49
1.42
1.04
1.35
0.33
0.7
0.05
0
0.57
1.15
1.86
10.46
3.6
1.21
1.25
2.93
0.55
0.01
0
0.01
0
0
0.01
0.34
4.88
0.72
0
0
0
0.02
0.27
0.77
0.06
0.05
0.01
0
0
0
0.01
0.07
0.1
1.51
2.53
6.37
3.18
3.54
1.22
1.69
0.42
0.97
1.54
11.62
6.05
4.06
4.6
0.32
0.6
3.69
5.98
8.01
3.88
4.76
13.02
12.81
14.19
16.8
7.83
1.86
3.1
3.4
2.39
1.03
0.96
0.39
0.26
0.07
0
0
0
0.02
0
1.92
2.48
1.37
5.05
3.22
6.19
7.07
7.79
4.11
4.73
12.21
5.41
11.08
8.06
11.54
23.21
31.28
28.3
17.02
11.17
6.25
7
1.53
8.65
6.05
11.98
20.94
15.41
5.44
10.61
13.69
15.64
14.83
15.06
7.95
4.68
4.36
3.8
4.1
2.52
6
4.38
11.74
12.36
8.17
14.52
15.63
3.74
4.89
22.91
8.79
2.32
3.16
1.94
1.94
2.78
3.39
5.2
7.82
6.11
3.61
4.58
4.32
5.99
3.68
2.23
1.8
1.33
1.05
0.96
4.01
2.74
2.87
3.24
5.4
1.73
2.95
2.43
2.78
3
2.78
2.54
3.96
4.9
4.52
4.42
6.42
5.27
5.73
4.13
6.78
8.16
9.23
7.19
7.91
4.42
2.54
1.62
3.52
3.78
2.87
1.99
4.9
2.4
3.45
7.69
5.74
6.65
11.29
9.22
5.18
1.73
5.23
4.95
2.56
5.05
6.76
5.28
3.81
5.54
1.42
2.92
1.84
1.4
2.89
3.15
3
2.93
3
2.86
5.86
5.32
8.64
9.99
5.8
3.27
3.74
2.5
5.6
2.05
3.48
2.87
5.31
3.39
4.84
0.74
0.18
0.17
0.63
1.08
2.18
2.58
3.14
2.95
2.46
3.63
6.47
6.83
7.23
9.82
6.71
3.09
2.73
10.5
12.99
3.55
4.04
3.79
4.03
3.52
8.44
8.75
4.99
6.43
6.21
3.33
3.28
2.98
2.9
2.09
0.35
0.31
0.37
0.47
0.59
15.14
10.32
13.13
12.12
9.87
2.14
0.33
0.05
0.34
1.31
0.41
1.15
1.12
0.48
3.17
2.26
0.11
0.13
2.96
5.43
2.31
1.27
2.81
2.16
2.34
0.96
2.13
1.98
1.6
0.02
0.01
0.01
0.04
0.46
0.91
0.44
0.15
0.32
1.03
0.89
5.65
3.81
3.6
2.64
1.87
0.13
0
0
0
0
0
0
0
0
0
0
0
0
0
0
0
0
0.11
0.11
0
0
0
0
0
0
0
0
0
0
0
0
0
0
0
0
0
0
0
0
0
0
0
0
0
0
0
0.1
0.11
0.04
0.14
0.39
0.68
0.7
1.39
0.77
0.32
0.3
0.01
0.1
0.08
1.02
0.22
0
0
0
0
0.02
0.02
0.34
0.21
12.47
1.3
0.64
0
0
0
0.04
0.1
0.01
0
0
0.75
2.22
0.38
2.89
2.55
3.31
1.74
7.74
16.53
1.81
1.79
1.06
4.97
2.26
2.27
2.16
0.76
1.06
0.97
0.03
0.01
0.27
0.99
0
1.73
10.53
8.47
13.92
16.03
7.51
8.76
3.37
1.22
1.97
9.12
5.34
1.75
3.52
4.87
9.35
10.37
4.87
8.78
7.59
11.04
22.1
1.65
11.17
17.4
16.5
0.31
1.58
3.6
1.2
0.04
0.59
8.15
8.29
10.08
9.91
3.33
2.89
2.72
4.87
5.43
5.81
10.71
8.37
9.83
8.5
5.28
9.37
7.63
7.12
5.81
11.23
12.79
14.54
2.79
14.66
16.29
14.9
23.87
6.22
14.79
10.01
14.99
12.38
10.84
7.5
1.62
4.79
10.43
7.14
13.58
17.16
10.85
5.79
10.29
12.78
13.64
11.18
5.7
10.71
6.68
5.83
8.29
7.02
5.68
6.79
6.2
7.37
4.75
5.69
9.21
5.08
4.52
7.57
5.95
8.46
9.56
7.37
5.57
3.5
12.82
7.44
5.67
4.66
9.8
8.98
7.98
2.17
4.19
6.78
11.02
14.14
21.36
8.5
8.15
6.07
4.17
4.56
4.06
7.24
5.26
12.6
17.7
20.74
19.33
15.25
14.56
14.98
12.06
13.07
9.89
3.54
7.7
4.18
3.88
4.92
2.75
5.45
8.3
10.42
13.7
15.8
15.27
23.92
17.02
5.2
12.06
8.4
6.9
3.29
4.06
12.83
23.72
13.39
19.29
8.63
6.92
4.43
3.24
1.75
11.18
16.87
8.91
10.77
14.3
4.01
5.3
5.69
5.26
6.5
4.05
6.07
12.38
9.35
8.03
8.99
4.26
5.09
6.77
8.06
1.47
9.68
11.82
10.44
13.2
16.93
9.43
9.58
8.76
11.07
4.14
6.88
3.06
8.61
7.04
7.02
3.64
4.01
11.58
4.9
14.98
7.72
6.65
10.77
7.16
10.86
11.83
18.36
18.66
13.38
11.38
5.62
8.35
5.71
9.88
8.85
7.62
11.43
4.73
6.21
7.42
10.69
5.06
7.64
16.37
8.16
3.8
6.09
4.29
6.43
6.64
14.84
19.17
8.82
15.06
10.16
6.72
7.29
3.37
1.14
0.12
0.01
0
0
0.04
1.5
2.29
3.3
3.6
1.48
3.58
5.26
4.1
2.01
0.2
1.16
3.98
10.61
13.03
7.52
6.49
3.9
0.65
1.6
1.98
3.03
2.47
0.22
0.67
4.93
8.14
8.21
7.83
9.55
4.93
1.16
0.2
0.12
0.01
0
1.25
0.96
0.22
0.61
0.56
0.65
0.12
0.04
0.04
0.34
1.54
2.24
1.6
0.75
2.42
5.42
2.18
2.02
4.44
1.41
0.19
0.3
0.21
0.13
0.01
0.01
0
0
0
0
0.75
2.67
3.96
9.27
7.88
6.09
2.15
1.1
1.08
0.75
0.19
0.01
0.23
0.1
0.44
3.98
3.09
1.92
0.98
1.67
6.91
3.82
4.76
13.22
1.42
6.49
2.41
2.22
9.07
1.65
0.16
0.19
0.14
0.14
0.41
6.64
3.26
0.38
2.69
2.94
4.6
2.67
1.66
3.9
3.02
0.37
0.36
0.42
0.22
0.36
0.01
0.17
0.05
0
0
0
0.51
1.26
1.57
1.34
0.04
0
0.02
0.29
0.46
16.36
4.66
7.56
4.27
11.17
14.87
7.12
5.53
6.41
9.07
14.99
5.4
1.94
3.85
9.01
3.18
0.05
1.09
3.66
6.39
9.41
6.13
2.33
12.45
12.53
5.35
8.26
8.43
8.48
3.38
22.17
15.01
9.41
11.75
4.69
4.72
6.31
5.71
6.9
3.53
15.26
3.85
10.71
13.48
6.48
5.11
3.4
5.44
2.28
6.39
21.38
9.53
13.28
8.56
12.48
7.13
19.54
10.73
20.62
15.26
9.84
21.67
14.15
6.81
8.14
3.31
4.96
7.94
20.92
18.94
10.06
7.32
7.83
11.28
11.29
23.49
17.71
17.71
11.5
9.01
4.63
4.57
5.47
2.05
1.17
5.74
7.41
3.62
2.79
4.25
9.29
4.39
17.98
11.6
8.79
4.77
2.71
7.27
6.73
4.19
7.67
10.35
10.04
10.03
8.63
7.25
5.5
3.79
7.87
5.78
1.49
8.07
15.95
17.41
15.56
9.35
3.84
2.16
5.03
4.53
16.92
20.1
9.85
6.95
11.27
12.15
13.44
17.02
8.25
7.15
11
14.69
12.13
15.31
10.22
6.79
5.86
14.22
8.36
10.42
4
3.32
4.03
3.81
2.57
8.29
9.4
8.98
9.95
10.81
10.32
9.49
11.46
10
11.56
7.68
10.79
15.87
6.49
12.22
11.81
8.75
17.41
20.53
11.12
10.07
5.49
3.69
7.64
6.71
9.63
8.82
6.67
4.61
5.4
8.19
8.57
10.99
23.92
5.56
4.9
3.14
3.93
4.8
5.44
18.97
15.9
24.85
9.83
14.62
11.78
5.14
8
11.81
7.69
4.92
14.53
21.09
10.2
10.53
8.03
8.16
1.63
0.06
1.07
1.31
1.9
0.48
0
0.01
0.42
5.05
9.37
8.33
3.87
12.6
15.25
17.77
8.31
2.68
0.72
0.02
0.06
0
0
0.01
0.01
0.16
0.03
0.01
0.08
2.18
1.72
0.07
1.17
13.2
8.82
11.31
5.86
0.83
5.77
7.11
1.17
0.71
2.25
0.41
0
0
0
0
2.28
2.47
1.54
1.48
0.45
0.49
0.03
0.1
0.15
0.53
0.94
0.61
0.09
0
0.01
0.03
0.98
0.73
0.15
0.14
0.11
0
0
0
0
0
0
0
0
0
0
0
0
0
0
0
0
0.01
0.1
0.03
0
0
0
0
0
0
0
0
0
0
0.15
0.05
0.33
0.62
10.47
4.15
5.21
2.65
2.06
3.24
0.02
0.36
0.57
0.56
0
0
0
0
0.02
0.15
0.05
0.01
0.01
0
0.01
1.42
4.94
5.02
0.96
0.23
0.15
0.03
0.03
0
0
0
0.01
0.02
0.16
0.34
0
0
0
0
0
0.08
1.16
0.63
0.52
0
0.05
0
0
0.11
0.21
0.4
0.32
0.33
0.15
0.01
0.01
0.03
0.22
2.97
3.69
1.58
0.78
0.81
0.36
0.37
0.37
0.8
1.74
0.24
0.36
1.68
3.94
7.02
11.65
6.11
8.26
23.51
12.34
10.11
2.91
9.5
7.77
7.16
10.47
27.95
11.09
7.48
15.82
12.66
12.79
5.24
2.61
1.13
1.9
3.88
13.98
14.35
13.59
16.3
20.75
17.08
9.15
2.75
5.49
10.27
7.11
7.11
5.17
5.19
9.19
6.22
7.52
6.67
7.82
8.61
11.91
8.05
12.71
13.5
14.86
7.65
2.05
1.31
3.6
1.23
2.57
2.69
4.49
4.1
3.6
2.56
7.91
9.44
4.79
3.56
5.1
12.8
8.03
7.84
7.92
8.64
17.63
7.71
9.87
2.52
6.79
6.74
1.92
3.09
6.02
7.47
5.18
4.43
10.64
7.27
8.87
6.69
4.45
4.06
4.77
4.62
2.28
1.25
1.36
0.92
0.92
2.18
2.15
2.43
3.9
2.21
3.65
4.75
2.08
2.67
2.89
14.31
18.56
7.91
9.06
6.84
6.6
5.73
6.14
6.45
7.72
12.14
15.88
11.22
9.22
17.96
6.41
3.22
5.14
3.03
4.27
6.85
7.71
5.27
7.97
8.75
6.38
8.55
6.4
4.96
6.9
6.91
8.67
6.3
9.84
5.99
6.16
5.41
6.81
4.55
6.56
15.74
10.44
9.56
10.65
9.79
3.54
5.83
4.5
5.09
9.72
4.96
3.6
4.37
2.36
2.27
11.6
9.68
7.8
7.61
7.7
12.02
7.24
9.89
7.47
8.35
4.65
3.15
7.44
8.2
8.73
10.47
4.12
13.16
6.77
9.03
6.63
4.07
4.02
3.87
3.31
6.08
7.3
6.66
4.34
2.34
1.89
7.24
2.72
3.87
7.57
9.73
12.16
15.14
9.48
18.74
5.05
3.45
0.03
0.03
0.03
0.02
0.14
1.04
2.84
2.92
3.03
2.42
4.02
8.25
5.99
32.54
13.21
12.83
31.31
31.97
18.75
6.36
15.65
25.72
10.1
10.29
16.36
3.06
0.06
1.94
0.29
0.04
0.06
0.03
0.03
0
0
0
0
0
0.01
0
0.09
0.03
0
0.02
0.06
0.84
0.55
0.13
2.21
3.53
2.56
0.62
0.09
1.06
0.79
1.34
0.49
0
0
0
0.04
0.02
0
0
0
0
0
0
0
0
0.04
0.13
0
0
0.05
0.49
1.48
0.12
0.24
0.07
0.07
0.01
0
0
0
0
0
0
0.51
0.25
0.02
0.04
0.25
1.34
2.15
0.84
0.81
2.38
2.16
5
3.33
4.94
1.97
5.63
5.27
5.77
2.66
2.84
0.84
0.52
0.01
0.09
0.45
0.18
0.78
0.84
0.18
0.02
0.03
0.07
1.23
1.71
1.56
2.08
1.78
3.21
0.59
0.13
0.01
0.07
0.13
0.26
0.2
0.36
0.33
2.15
9.74
9.08
1.13
1.48
0.2
0.06
0.11
0.26
0.06
0.62
1.36
2.12
2.25
0.24
0.99
1.43
1.88
12.53
2.95
4.36
3.02
2.23
2.92
1.48
2.43
1.24
1.68
6.1
15.66
10.75
9.79
4.24
6.98
7.76
8.84
2.29
7.7
16.25
11.97
9.06
11.77
10.49
16.52
28.87
5.94
8.68
8.16
15.34
10.59
8.7
1.42
8.67
5.58
2.27
2.25
0.83
2.64
8.29
8.2
12.52
4.83
3.96
0.87
0.65
0.11
0.35
0.58
0.65
1.51
4.22
5.83
6.82
6.41
9.91
2.47
7.51
8.07
3.31
2.38
6.84
8.82
1.89
16.97
9.89
10.99
5.08
9.2
4.6
0.69
0.38
0.81
2.44
8.39
7.94
10.8
15.32
6.45
1.5
0.8
2.05
0.88
1.54
2.96
2.3
2.21
4.49
2.7
8.14
4.13
2.97
3.93
2.67
4.2
5.95
4.03
6.31
3.14
5.94
2.86
5.48
5.97
5.6
4.69
4.7
4.73
1.95
1.82
4.29
5.73
9.09
6.72
4.3
0.82
3.38
7.13
14.01
14.42
2.83
2.45
4.22
5.66
6.68
7.06
8.98
12.15
7.5
8.82
6.37
2.08
2.27
2.82
2.95
4.3
6.94
9.06
15.53
5.27
8.75
10.99
7.91
8.25
10.9
10.26
8.03
9.21
5.06
8.45
0.42
0.44
0.57
0.39
0.71
5.09
5.82
5.31
12.2
4.39
5.82
14.66
8.02
9.24
5.45
2.67
9.99
11.98
6.07
7.52
11.86
8.95
9.6
10.14
5.78
18.95
8.47
16.1
14
3.79
3.16
3.46
2.71
2.02
4.01
4.28
4.64
4.03
3.62
5.34
10.22
13.86
12.12
12.46
12.64
7.3
13.53
3.08
13.67
7.35
8.3
5.22
6.72
7.39
7.11
23.9
19.35
27.2
10.9
23.32
7.41
5.41
3.75
6.32
7.63
4.95
8.7
8.26
5.66
5.4
6.58
7.37
16.46
6.24
8.58
4.24
5.36
3.31
3.55
0.43
0.04
2.34
3.72
1.71
0
0
0
0
0
0
0.07
0.03
0.09
0.03
0.21
0.33
0.39
0.59
0.4
0.22
0.52
0.67
0.15
0.02
0.08
2.39
3.61
5.62
6.45
5.38
1.81
1.44
1.79
1.77
0.94
0.94
3.3
2.96
7.93
3.35
8.13
5.91
4.22
0.78
0.88
0.09
0.08
0.25
1.95
0.58
1.59
0.81
0.47
2.47
1.23
11.82
7.8
14.52
7.08
1.81
0.33
4.49
3.83
4.7
2.8
0.01
0
0
0
0
0
0
0
0
0
0.4
0.85
0.93
2.96
2.37
1.31
0.56
0.04
0.04
0
0
0.04
0.12
0.02
0
0.01
0.04
0.74
0.4
1.3
1.94
1.89
3.68
3.93
5.29
2.85
4.11
1.22
1.31
1.31
3.61
4.86
2.9
4.87
1.63
0.9
2.1
0.52
1
1.17
2.44
3
3.21
8.56
0.51
2.68
2.16
3.38
1.81
5.03
4.77
3.86
3.99
0.01
0.1
0
0
0.01
0.01
0.72
6.57
5.97
9.14
7.52
7.82
2.53
3.07
3.53
0.43
4.26
8.34
4.81
18.81
5.24
14.39
16.46
8.88
11.79
8.25
0.1
2.54
3.91
1.85
0.8
5.8
10.53
5.49
6.3
6.59
11.08
15.36
17.15
8.03
10.32
8.63
3.82
5.52
6.11
12.49
7.61
6.64
6.38
7.08
5.52
4.01
5.93
13.29
14.42
11.84
15.58
18.8
20.99
25.66
34.78
25.84
9.27
8.31
8.77
17.1
13.38
11.19
13.14
9
9.14
6.19
8.11
9.64
2.04
9.6
10.46
18.76
10.84
12.9
8.61
10.02
6.31
8.1
8.44
13.67
22.22
17.55
13.06
16.78
13.64
9.55
9.14
3.15
16.37
3.41
4.47
8.11
5.87
10.99
7.06
6.88
26.28
16.77
24.07
26.61
22.26
7.21
2.02
3.34
7.09
4.57
14.92
18.96
18.9
12.28
12.46
2.17
0.73
1.84
1.65
2.3
4.18
3.68
4.99
2.71
5.3
11.42
6.27
7.4
16.91
3.04
3.79
11.54
14.98
14.84
22.33
13.78
6.74
11.87
6.3
4.11
8.17
9.03
7.2
5.76
5.75
6.38
7.39
12.07
13.05
6.2
3.6
5.72
12.87
3.69
4.81
6.36
5.75
10.62
8.87
6.13
8.93
4.78
11.74
6.23
7.34
8.04
8.24
6.79
6.26
4.67
8.78
7.88
6.38
6.31
6.52
8.52
11.47
10.1
5.59
7.14
8.36
6.76
8.64
22.78
6.52
8.12
4.91
6.26
8.22
6.97
8
6.25
5.46
8.02
6.38
12.43
12.41
2.76
9.62
10.04
14.36
14.31
8.32
11.65
6.16
9.56
9.11
11.66
8.93
2.35
2.32
2.26
1.72
0.11
0.01
0.79
3.72
1.67
3.19
3.6
5.16
6.92
5.17
1.15
0.35
3.1
6.19
8.83
4.62
5.45
11.93
10.17
9.42
5.23
0.86
0.01
0.09
1.23
0.28
0.07
0.03
0.22
1.05
1.34
1.79
2.99
4.55
10.32
6.15
3.66
0.29
0.01
0
0
0.01
7.35
12.49
9.38
6.24
5.26
3.97
0.69
0.05
0.01
0.06
0
0
0
0
0
1.43
2.06
5.22
1.7
3.87
0.47
0.07
0
0
0
0
0
0
0
0
0.02
0.4
1.04
1.6
1.22
3.03
3.29
1.3
2.59
1.98
1.58
0.28
2.3
7.69
3.17
0.01
0
0
0
0
0.03
0.38
0.22
0.2
0.29
1.51
0.23
0.62
0.86
1.98
1.35
0.38
0.8
1.99
0.98
0
0
0
0.09
0.56
2.39
4.06
3.76
2.27
0
0
0
0
0
0
0.09
0.1
0.11
0.08
0.05
0.29
0.5
0.3
0
0
0
0.03
0.05
0.29
0.64
0.01
0
0
0
0
0.01
0.03
0.02
0.3
0.07
3.06
2.19
2.18
6.25
9.09
7.6
2.8
7.16
15
10.02
1.78
1.97
2.78
1.67
1.93
0.08
0.02
0.01
0.02
0.07
0.85
0.29
0.2
0.37
0.85
0.31
2.09
5.99
4.92
5.98
10.11
8.21
7.24
4.82
2.72
7.86
8.29
7.94
12.21
10.43
3.22
5.83
4.42
7.84
9.39
4.95
4.25
7.94
4.82
3.32
12.37
7.69
7.86
9.26
6.75
2.73
6.39
3
4.19
4.17
7.6
10.29
16.34
13.63
14.58
17.91
7.45
5.3
5.33
8.02
6.78
11.66
12.78
9.59
6.61
10.07
3.45
4.2
10.87
3.92
10.37
7.93
8.1
11.43
10.72
27.64
7.87
4.73
13.78
9.9
5.73
3.69
11.51
10.04
9.56
9.95
5.42
13.08
6.56
9.8
3.27
4.05
4.01
3.14
3.96
4.4
6.12
2.55
2.91
2.55
6.16
6.54
1.82
8.13
6.33
6.09
2.34
1.05
4.42
6.48
4.83
3.27
4.87
3.15
3.06
1.66
2.09
1.47
2.38
2.95
3.56
5.73
6.09
10.39
6.09
3.75
4.74
2.7
6.15
11.05
6.07
3.59
2.3
5.75
1.76
1.19
0.47
0.59
0.38
0.33
2.18
2.28
3.8
2.1
3.69
4.88
6.3
6.3
5.43
4.22
3.57
6.45
6.67
4.58
4.8
1.81
0.96
0.87
0.88
1.21
3.87
2.73
5.78
2.43
4.88
5.73
7.41
6.87
6.18
5.17
7.36
6.77
4.67
7.29
8.1
5.08
5.96
6.62
4.96
3.95
3.31
3.13
3.2
4.19
4.04
3.02
2.97
5.93
4.82
3.31
2.75
3.42
4.62
2.26
3.89
2.78
1.1
3.26
2.1
2.34
1.9
2.21
3.39
3.45
3.4
2.88
2.95
2.78
4.86
3.8
7.39
15.9
14.62
12.25
0.67
0.17
0.57
0.18
0.08
0.01
0.02
0.63
1.67
0.37
1.81
4.48
1.13
4.01
1.64
2.39
7.28
7.73
13.1
11.24
17.31
4.24
7.97
14.77
13.23
13.28
1.63
0.39
0.51
0.35
0.16
1.04
0.13
0.2
0.31
0.21
1.35
3.22
2.07
2.83
4.25
2.25
3.29
3.04
3.31
2.53
0.82
0.65
0.03
0.02
0.07
0.06
0
0
0.05
0.85
0.2
0.01
0.22
0.05
0.4
2.24
0.96
0.02
0
0
0
0
0
0
0
0
0
0
0
0
0
0
0
0
0
0
0
0
0
0
0.12
0.07
0.13
0.15
0.22
0.06
0.05
0
0
0.01
0.01
0
0.08
0.34
0.08
0.07
0.11
0.01
0
0
0
0
0
0
0
0
0
0
0
0
0
0
0
0
0
0
0
0
0
0
1.37
0.37
0.01
0.11
0
0.38
0.45
0.59
0.46
0.69
0.42
3.24
3.16
3.03
4.51
1.57
0.06
0
0
0
0
0
0
0
0
0
0.02
0.1
0.04
0.23
0.18
1.6
0.96
2.8
1.56
0.14
0.96
2.42
4.06
4.72
3.22
10.9
4.6
4.16
4.74
2.23
4.24
3.44
4.88
3.96
1
6.36
5.7
12.86
4.18
6.11
7.04
16.35
29.92
6.02
10.79
7.11
6.15
9.92
9.13
10.09
7.17
14.69
11.22
10.43
6.97
2.46
4.31
8.23
5.77
4.52
7.57
10.38
13.13
9.55
10.65
8.35
9.38
9.08
6.82
9.45
15.91
18
15.48
15.16
11.45
4.08
4.06
2.63
2.21
3.11
3.55
2.3
0.54
1.2
1.23
3.11
4.09
3.87
3.23
2.3
2.72
2.04
1.01
1.52
1.55
2.56
6.38
4.66
4.75
6.74
4.65
5.51
5.25
6.41
4.52
7.24
7.17
3.93
11.33
9.45
2.48
2.22
2
4.36
2.93
5.73
6.82
6.1
3.73
4.22
3.37
4.11
4.28
6
3.42
5.22
8.62
7.93
7.23
10.13
5.6
4.63
2.86
3.91
2.05
6.29
6.99
4.04
7.4
11.41
15.17
11.71
7.02
5.87
10.94
10.22
11.05
11.53
13.47
7.54
5.52
6
6.52
12.33
11.38
17.62
16.03
10.62
26.62
21.6
6.84
16.65
9.17
12
9.78
4.12
3.87
2.1
3.35
3.65
7.02
8.36
16.16
8.49
11.05
3.29
6.51
16.47
4.56
4.78
4.73
11.97
6.44
6.66
5.01
1.7
3.68
3.51
3.45
2.84
22.26
24.96
20.79
6.3
15.36
10.89
11.17
9.39
10.03
9.59
6.6
6.81
3.73
9.35
11.81
9.17
13.82
17.99
8.64
6.19
4.4
3.28
8.63
6.53
6.66
3.08
2.87
4.04
4.68
6.1
2.8
0.33
0.03
0.4
2.64
1.62
3.7
2.08
3.37
3.96
7.52
3.13
2.13
0.33
4.1
7.88
11.39
8.17
10.14
13.18
1.25
2.25
2.24
3.14
1.09
5.11
5.63
0.28
0.16
3.55
6.03
3.81
2.34
3.05
1.55
2.94
1.19
0.41
0.83
0.43
0.08
0.07
0.56
0.66
0.79
2.39
8.15
0.9
0.78
0.31
0.4
2.74
2.44
2.38
2.35
0.07
0.09
0.03
0
0
0
0
0.01
0.09
0.24
6.39
3.95
2.03
0.22
1.02
5.47
9.72
8.98
0.11
0.21
0.62
0.17
0.94
0.6
0.03
0
0
0
0.01
0.37
3.98
4.4
7.66
2.96
4.45
2.6
2.42
0.25
0.01
0.12
0.12
0.05
0
0.02
0
0.01
0.07
0
0.21
0.23
0.01
0.07
0.09
0.12
0.24
1.04
1.03
1.56
3.87
0.57
2.9
2.93
0.9
0.01
0.02
0
0
0
0
0
0.08
0.02
0
0.08
0.59
0.73
0.68
0.12
0.03
0
0
0
0
0.2
0.02
0.11
0.08
0
0.15
1.83
2.57
1.45
2.72
4.62
5.9
16.02
7.33
4.52
3.35
6.44
9.51
3.75
9.33
8.29
7.32
5.01
4.18
3.36
3.21
2.15
12.49
13.74
6.48
13.32
1.07
0.5
1.48
12.53
13.83
19.21
4.74
10.5
16.25
5.12
2.31
3.3
2.44
8.25
11.23
7.6
18.05
31.04
21.57
13.12
17.61
9.07
7.71
4.35
7.3
9.93
8.16
11.56
8.73
6.75
10.53
18.55
6.43
20.67
16.45
20.58
13.02
18.84
10.36
21.92
14.85
21.58
15.41
12.31
14.1
7.82
25.68
32.06
38.89
43.75
23.25
21.39
14.43
13.42
6.75
10.39
3.92
3.46
9.53
8.14
9.65
11.83
32.13
8.79
18.95
9.91
9.02
14.09
11.12
10.49
26.89
5.67
4.09
7.34
13.08
4.81
7.67
12.92
15.3
12.9
10.91
10.35
6.51
1.64
0.96
4.99
12.26
6.83
9.05
7.58
16.65
5.07
5.14
2.64
3.7
5.01
12.02
20.28
12.31
12.79
6.13
19.34
6.2
7.05
15.7
10.03
4.91
3.42
4.33
2.88
6.21
7.3
7.15
15.04
8.58
9.91
10.38
4.47
11.28
11.78
14.1
6.46
4.73
6.15
8.57
15.65
12.7
13.85
6.87
7.72
8.26
6.16
4.45
2.27
7.35
4.66
8.46
3.9
18.6
17.99
13.29
4.93
15.92
13.68
5.34
9.44
4.49
5.45
4.21
6.29
4.63
8.47
7.42
4.03
5.42
7.41
11.07
12.64
7.15
6.82
14.2
3.02
2.16
1.33
2.69
2.65
8.22
6.48
7.37
8.55
5.14
7.81
3.89
2.63
5.51
8.34
7.79
5.32
7.74
4.37
4.41
8.65
12.71
12.59
9.79
9.18
9.97
9.17
13.07
8.12
14.54
8.99
12.13
12.08
5.83
14.68
15.23
11.09
15.13
14.87
10.45
2.45
2.04
1.86
2.7
2.88
5.36
8.04
3.15
0.3
0.1
0.2
0.16
0.03
1.33
8.81
7.77
5.48
6.45
6.47
2.56
2.47
6.23
7.26
2.3
2.6
6.93
12.42
20.98
21.32
13.67
5.23
1.13
2.7
4.51
4.36
0.3
0.64
2.18
1.07
1.64
0.03
0.01
0.11
0.04
0.29
0.05
0.02
0
0
0
0
0.01
0
0.02
0.21
1.14
0.44
1.64
0.38
0.25
0.02
0.04
0.02
0
0
0.04
0.18
0.7
0.18
0.06
0.01
0.14
0.58
0.43
0.55
0.63
0.77
0.06
0.11
0.03
0.17
0.2
0.44
0.91
1.62
0.29
0.1
0.15
0.09
0.03
0.13
0.08
0.24
0.32
0.29
0.01
0.01
0
0
0
0.11
0.01
0
0.05
0.06
0.23
0.35
0.63
1.7
1.27
0.64
3.62
1.34
0.51
3.57
2.66
2.55
0.53
0.09
1.54
0.7
1.54
3.01
2.3
2.02
0.82
2.37
3.85
6.52
2.24
2.93
0.78
0.42
0.23
0.3
0.8
0.45
3.52
4.07
4.07
1.48
2.72
0.58
2.52
4.06
2.7
19.34
10.42
7.85
9.22
2.32
0.01
0.19
0.29
0.02
0.39
2.01
1.83
5.07
2.13
7.06
17.62
10.5
12.78
16.18
16.59
26.52
12.58
28.28
25.26
18.32
4.85
3.5
10.83
17.85
4.49
21.27
16.04
22.91
14.15
5.76
2.09
7.7
3.66
3.72
2.68
4.42
9.58
11.72
2.26
4.9
19.01
16.68
17.35
18.04
11.78
19.19
18.35
13.33
26.53
10.91
22.42
14.02
46.66
26.08
15.67
9.52
13.4
5.19
8.58
21.91
30.01
19.84
19.48
26.53
20.49
47.3
6.29
15.4
17.63
10.36
7.51
6.86
9.18
10.6
17.12
9.51
10.09
7.99
15.17
6.13
3.89
2.72
2.09
7.07
5.39
8.02
11.94
5.36
7.41
11.85
10.66
7.56
5.29
8.4
14.16
30.33
16.9
8.63
4.76
9.67
11.05
3.76
7.66
5.59
3.53
4.61
6.45
6.5
2.5
10.74
5.36
14.04
12.29
6.62
6.71
3.9
3.87
6.49
6.92
10.97
8.84
7.96
3.97
7.16
3.82
3.98
8.19
2.6
6.54
9.42
7.28
7.32
7.58
15.57
5.08
13.42
18.63
13
9.02
5.03
2.56
2.33
2.16
3.83
6.37
5.03
5.93
5.55
7.99
8.8
15.78
14.13
13.1
10.23
19.01
8.81
6.04
8.98
6.65
6.44
7.5
6.64
7.44
5.26
12.92
25.85
9.29
8.68
20.81
1.26
8.57
14.66
4.56
4.87
9.97
2.71
3.42
11.57
14.36
12.15
10.35
6.38
4.83
3.85
16.41
27.18
18.27
15.61
13.06
17.14
11.96
9.79
18.05
16.52
21.93
25.67
14.63
27.07
29.58
8.63
20.03
14.77
4.14
11.96
20.22
16.12
11.87
17.65
9
16.57
17.55
7.58
2.97
0.37
9.16
14.41
12.99
8.86
2.85
0.96
2.48
0.68
0.05
0.39
0.57
0.63
0.04
2.54
2.01
0.99
1.11
0.96
0.54
0.19
2.79
0.49
3.76
3.29
0.3
0.33
1.56
3.9
5.38
4.52
2.19
0.79
2.62
0.83
0.95
5.23
11.27
8.47
17.06
13.18
3.23
2.9
2.39
2.43
4.49
1.42
0.18
0.08
0.41
2.17
5.52
1.13
1.52
0.59
0.63
0.83
0
0
1.65
2.37
3.66
3.15
0.35
0.08
0.29
2.68
3.48
7.74
0.86
1.72
2.4
0.08
0.05
0
0
0
0
0
0
0.05
0.02
0
0
0
0.78
0
0
0.02
0
0
0
0
0.05
0.16
0.38
0
0
0
0
0
0
0
0
0
0
0
0
0
0
0
0
0
0.01
0.06
0.38
0.03
0.02
0.08
0.04
0.15
4.72
0.67
5.3
0.04
0.03
0.13
0.06
0.09
0.14
0.12
0.16
0.09
0.01
0
0
0
0
0
0
0
0
0
0
0
0.01
0.69
1.02
0.04
0.01
0
0.1
0.44
4.58
7.83
8.59
8.14
4.52
6.49
1.99
0.67
0.26
0.66
0.32
0.24
0.76
0.58
0.04
0.34
0.95
0.75
1.97
4.79
1.03
3.21
1.19
0.42
0.43
1.05
4.47
13.22
5.67
0.93
0.14
0.67
0.78
0.41
2.32
1.18
1.9
8.44
4.72
1.12
0.22
0.07
0.03
0.46
1.63
12.24
10.35
14.01
14.17
1.13
16.07
7.27
6.41
8.16
4.84
1.01
2.36
1.04
0.23
0.88
1.53
0.54
0.95
6
11.78
16.49
17.31
15.98
4.72
4.64
5.05
11.98
1.72
5.75
2.04
2.49
0.17
0.16
2.54
3.52
5.17
5.58
12.03
17.67
9.65
6.91
7.39
5.34
4.99
21.06
42.87
4.87
6.31
15.38
10.47
16.19
3.64
14.79
14.39
8.53
3.4
9.75
12.18
2.51
0.97
1.16
2.25
0.94
2.73
1.4
1.94
3.33
3.71
3.07
0.98
1.31
2.65
3.93
3.46
2.03
7.92
42.39
3.12
7.36
15.33
4.72
37.71
9.65
8.96
4.41
7.91
0.98
4.24
12.71
18.78
3.08
6.04
18.43
5.34
2.59
4.28
7.38
4.89
14.84
4.68
6.57
6.31
2.55
1.4
2.75
4.93
8.19
3.07
4.21
2.27
8.1
3.23
1.8
6.93
6.58
7.35
0.45
0.17
2.9
2.25
9.4
4.08
1.59
1.18
1.78
5.96
1.68
1.85
2.69
0.66
0.1
0.22
0.73
5.32
3.9
3.17
0.55
1.17
8.41
3.38
2.11
2.18
3.09
4.99
5.17
2.31
2.11
2.22
4.95
8.27
4.52
4.59
0.99
4.68
11.84
13.22
28.81
4.35
2.18
0.29
0.85
2.77
1.45
0.06
0.03
0.3
0.34
1.52
7.42
4.77
2.09
2.64
0.5
1.38
0.73
2.37
0.59
0.17
2.55
2.51
3.71
10.92
0.59
1.49
0.46
2.66
5.92
2.32
2.68
0.14
0.19
0.92
3.43
1.97
4.08
0.18
0
0.02
0.39
0.75
0.2
0.02
0
0
0
0
0.5
5.38
0.66
1
0.35
0.17
3.09
7.74
3.02
0.01
0.1
0.45
0.23
0.05
1.55
6.4
1.28
1.49
0.94
2.52
1.81
1.15
0.22
0.56
0.18
0.02
0
0
0
0.3
0.84
1.13
2.17
0.04
0
0.08
0.12
0.17
0.09
2.32
2.78
0.42
0.32
0.2
1.08
0.53
0.24
0.62
1.25
1.33
0.98
2.24
0.46
2
1.86
0.34
1.11
0
0
0
0
0
0
0.04
0.07
0.02
0.04
0.11
0.01
0
0
0
0
0
0.59
0.31
0.19
0.52
2.09
0.32
0
0
0.01
0.54
2.85
7.91
0.52
0.01
0
0.73
0.01
2.42
2.12
1.23
0.13
0
0
0
0.16
2.14
8.62
2.99
3.86
6.74
1.05
3.47
6.19
0.09
0.28
0
0
0.02
0.1
0.28
5.59
8.55
2.12
0.55
4.44
9.57
16.97
0.68
0.28
0.19
0.11
0.47
1.03
1
8.82
22.77
14.49
5.54
1.54
1
4.96
0.51
0.95
5.59
0.65
3.77
9.6
8.46
4.36
14.47
33.95
22.73
2.46
3.04
0.51
0.28
0.28
1.51
2.26
3.72
23.15
17.4
3.59
23.93
10.5
10.24
18.16
9.53
33.06
24.24
8.7
14.17
13.26
38.14
4.07
2.25
20.63
4.35
1.17
1.99
20.86
4.96
1.59
2.05
6.14
3.69
3.25
8.18
22.69
9.42
8.48
7.21
2.58
1.25
5.23
1.37
0.27
2.69
5.04
2.88
1.74
6.51
3.01
4.75
7.92
6.26
1.44
3.75
18.63
5.03
0.95
3.14
7.71
1.19
15.21
10.8
7.37
5.82
15.44
1.62
1.6
6.9
8.65
7.87
3.19
4.81
1.69
12.15
6.48
3.44
4.32
9.62
7.95
2.36
7.04
13.03
8.51
13.57
13.69
9.58
3.38
5.69
5.44
3.28
3.73
5.68
2.71
2.77
3.24
1.69
2.99
41.08
2.91
3.16
6.16
7.11
12.34
9.38
15.89
3.97
26
25.86
13.05
5.64
9.33
14.26
13.95
8.3
8.03
3.89
4.72
5.26
1.15
4.69
30.79
24.78
5.21
11.4
10.7
9.92
10.51
7.97
5.03
24.53
17.39
1.28
3.64
4.94
7.14
6.31
2.58
1.37
1.71
3.67
3.74
10.94
12.39
3.21
4.08
14.52
6.04
2.22
4.85
8.72
6.75
6.14
6.29
1.49
0.74
3.36
16.86
10.57
15.86
24.08
2.95
2.5
17.39
1.92
1.31
4.86
0.85
1.68
0.96
0.15
0.15
0.26
3.36
12.94
6.49
9.53
7.68
2.29
0.22
0.31
0.3
0.89
2.34
4.71
11.47
3.03
1.46
0.57
1.83
8.06
0.14
0.23
0.22
0
0
0
0.01
0.05
0.09
0.04
1.04
0.17
0.9
0
0
0
0
0
0
0
0.37
0.3
0.47
0.25
0.07
0.54
0.54
0.19
3.7
9.72
8.8
3.84
0.3
0.29
1.34
6.48
0.03
0
0
0
0
0
0.01
0.14
0.01
0.06
0.01
0.07
0.21
0.15
0
0
0
0.2
4.81
1.05
0
0
0.02
0
0
0
0
0
0
0
0
0
0
0
0
0
0
0
0
0
0
0
0
0
0
0
0
0
0
0
0
0
0
0
0
0
0.01
0.13
0.06
0.07
0.01
0
0
0.68
3.27
0.11
0.1
0.01
0
0
0
0.02
2.91
3.63
0.84
5.6
15.35
22.25
11.48
0.99
0.01
0.1
0.8
3.7
5.03
7.08
9.14
5.3
0.15
0.32
0.1
0.08
0.19
0.02
0.02
0.02
0.18
0.39
0.03
0
0.01
0.01
0
0.83
3.22
8.31
7.85
1.53
8.17
8.72
6.64
1.97
4.2
0.33
0.78
5.78
21.28
0.88
0.13
0.48
0.08
0.05
0.18
2.22
0.21
0.55
0.19
0.02
0.01
0.01
0.78
0.34
0.25
1.79
3.11
0.43
1.87
1.12
0.75
0.42
0.44
0.28
1.7
30.25
14.26
28.65
15.46
3.09
5.29
2.5
20.54
3.17
28.04
11.37
3.14
2.89
7.36
2.18
1.51
3.7
3.86
12.69
8.96
39.76
6.78
24.26
19.57
6.08
5.38
4.15
2.35
4.19
4.03
6.1
0.31
2.99
3.86
3.09
1.71
16.66
12.57
0.33
1.53
3.97
3.79
4.99
19.8
3.64
2.93
5.22
6.38
5.24
5.01
8.93
4.12
8.14
10.8
11.95
3.8
0.56
0.86
2.09
1.66
1.56
13.48
2.3
8.28
4
11.22
4.39
9.88
6.96
3.76
7.12
4.48
7.35
5.84
7.36
7.96
5.17
3.74
13.26
2.12
1.27
7.27
10.22
14.71
6.67
23.71
2.43
4.82
3.47
3.88
6.57
6.76
8.54
26.25
2.75
8.16
7.87
5.27
3.5
8.03
5.78
1.04
2.86
5.67
6.81
4.34
1.61
9.63
3.1
1.98
1.73
3.8
20.51
6.35
2.18
4.36
13.51
3.03
3.06
3.77
7.22
4.47
17.77
6.59
4.51
7.05
6.96
8.06
6.35
8.9
9.51
4.98
7.03
6.3
4.1
11.01
3.28
5.02
5.39
12.7
1.87
0.74
4.41
9.18
6.86
3.12
9.58
14.51
13.49
4.69
6.72
7.18
3.68
8.89
1.96
2.74
14.93
25.97
34.23
5.38
2.39
0.38
0.03
0.04
0.76
2.96
2.24
0.79
2.68
6.08
1.2
0.01
0.01
0.21
1.68
9.19
2.32
0.78
0.45
0.16
0.24
0.64
0.28
0.05
0
2.1
26.47
13.34
6.3
4.21
1.75
0.34
1.57
1.03
0.21
0.18
0.07
0
0
0
0.05
1.95
0.19
0
0
0
0
0.05
0
0
0.02
0.16
0.04
1.4
4.3
0.13
0.26
4.85
3.85
0
0
0
0
0
0
0.01
0
0.06
0.01
0
0
0
0
0
0
0.14
0.07
0.03
0
0.02
0
0
0
0
0
0
0
0
0
0
0
0
0.09
7.52
0.02
0.07
0.11
0.13
0.06
0.23
0.13
0.04
0.01
0
0
0
0
0
0
0.29
0.45
0.01
0
0.02
0.01
0.01
0
0
0
0
0
3.95
1.61
0
9.22
34.42
0.02
0
0
0
0
0
0
0.2
0.31
0.02
0.06
0
0.03
2.24
12.77
9.4
15.11
6.41
1.36
2.48
6.6
5.47
2.58
0.69
0.64
0
4.9
0.83
0.73
0.85
11.51
0.52
0.07
0.11
0.1
4.05
1.73
11.92
2.26
4.53
0.28
0.84
3.56
0.26
0.18
0.65
1.78
0.87
0.09
0.05
0
0.02
2.07
0.75
1.37
7.07
2.42
2.12
4.43
12.03
6.21
6.97
9.51
3.63
7.47
3.36
2.99
16.59
11.21
1.6
1.79
1.53
7.4
32.36
5.2
11.44
0.87
1.72
3.2
4.64
8.04
17.26
0.17
3.28
3.91
6.32
1.71
2.87
3.41
1.72
1.49
1.86
20.73
0.69
0.11
0.02
0.24
0.07
0.32
0.2
6.15
17.93
2.36
20.5
5.54
9.58
16.88
5.21
9.67
39.77
10.65
5.11
6.19
8.21
15.93
7.74
14.56
21.1
4.37
7.32
15.73
3.23
9.78
10.81
7.81
2
3.34
6.82
1.88
4.94
6.72
14.69
2.53
5.14
14.03
1.98
1.3
0.45
16.17
18.95
3.3
2.55
7.34
5.95
2.96
4.77
1.22
2.17
1.89
3.02
3.51
1.87
2.62
2.72
1.89
6.82
7.83
9.71
1.91
2.76
3.43
2.73
4.32
5.4
1.16
2.91
9.66
3.03
0.8
3.58
3.69
2.26
4.02
2.15
0.15
2.2
3.84
3.64
4.09
5.21
2.77
1.13
1.55
2.15
0
0.96
0.75
0.64
0.15
0.42
2.44
3.06
17.83
11.49
12.61
13.09
7.69
11.42
9.9
7.91
3.05
5.57
5.95
1.43
8.76
8.97
1.06
1.83
0.82
1.36
2.53
2.74
3.22
1.55
5.84
0.82
0.63
2.74
5.25
4.04
7.5
13.08
5.51
0.16
0.8
0.6
0.16
0.18
0.49
0.57
0.21
0.07
0.61
2.44
2.76
0.4
0.02
4.19
1.67
3.57
3.41
4.71
0.71
0.01
0.16
0.03
0.08
0.66
0.43
0.2
0.06
0.3
1.74
2.46
5.6
4.32
23.96
4
0.12
0.14
3.66
13.64
6.5
5.11
0.38
0.04
0
0.02
0.21
0.01
0.02
0.03
0.02
1.79
3.88
2.52
5.69
12.98
3.3
5.27
1.29
0.49
0.18
10.46
4.11
3.82
1.11
0
0
0
0
0
0
0.22
9.47
3.93
0
0.19
0.02
0
0.09
0.1
0.07
0
0
0.06
0.25
1.44
0.05
0.1
0.04
0
0
0
0
0
0.01
0
0
0
0.1
0.15
0.01
0
0.02
0.15
1.61
0.44
0.31
0.03
0
0
0
0
0
0
0
0
0
0
0
0
0
0
0
0
0
0
0
0
0
0
0.01
0
0
0
0
0
0
0
0
0
0
0
0
0
0.02
0.14
0.17
0.17
0
0.17
0.09
0
0.45
3.03
1.42
0.17
0.04
0.24
0.6
2.54
2.6
0.1
0.24
0.94
0.02
0
0.31
1.08
0.45
1.01
3.7
27.19
13.11
15.4
13.37
0.05
0.02
0.01
0.01
0.19
0.26
0.06
0.07
0.01
0.59
0.07
0.01
0.15
0.12
0.01
0
0.16
3.48
1.79
1.83
0.33
2.39
3.21
3.93
4.02
17.18
7.24
8.81
5.28
0.81
0.89
3.89
2.63
2.44
2.12
15.23
12.8
19.66
7.22
19.4
20.76
8.69
5.54
13.58
15.41
7.24
1.64
1.08
0.05
2.6
2.99
2.18
0.73
0.2
0.06
0.06
1.47
0.5
0.03
0.1
0.14
4.1
1.55
0.22
0.96
0.69
0.55
0.81
0.43
8.14
7.37
4.72
8
3.22
16.01
27.99
20.48
7.88
0.74
1.94
7.4
1.89
3.14
5.4
10.26
18.05
14.57
0.87
3.07
2.36
33.3
12.53
25.84
4.86
4.92
1.74
1.66
4.32
3.94
4.45
10.14
3.59
3.24
3.84
0.8
7.42
11.47
8.64
2.56
1.86
2.89
5.93
5.6
3.29
2.2
8.75
7.04
4.44
1.53
0.75
3.38
1.28
1.47
11.01
2.29
9.94
11.46
3.23
1.24
1.41
2.51
0.87
0.58
5.8
15.56
6.59
5.46
14.73
14.31
10.41
1.97
7.74
2.38
6.93
3.24
2.26
1.65
1.94
2.22
0.27
1.64
11.66
0.85
19.49
15.53
7.72
31.85
25.86
18.79
4.96
8.62
4.11
16.08
3.63
11.99
22.15
15.46
13.78
6.94
6.21
3.84
4.55
10.87
3.58
1.61
3.71
21.39
2.95
2
3.62
15.96
13.35
6.7
7.25
3.11
1.5
4.8
13.84
2.82
5.89
5.92
40.79
5.48
6.3
1.82
3.77
13.05
12
6.47
18.22
12.98
23.07
9.05
11.9
9.05
20.27
15.13
13.16
24.41
37.35
26.92
5.54
0.15
0.81
4.4
1.13
8.53
5.91
18.24
5.61
0.13
0.03
0.01
0.22
2
1.69
1.49
0.09
0.04
0.03
0.02
0.02
0.04
0.57
0.13
0
0
0.01
0.01
0
0.29
1.51
4.04
4.26
3.85
5.79
0.52
0.1
0.5
0.31
0.19
0.01
0
0.03
1.91
5.82
19.71
3.11
14.21
7.4
1.44
2.2
1.79
0.02
0.02
0.13
0.04
0.01
0.06
0.16
0.22
0.05
0.06
0.01
0.21
1.28
3.26
8.03
0.31
0.21
4.23
1.91
0.01
0
0.03
0.04
1.06
0.21
0.04
0.3
0.12
0.74
0.23
0.02
0
0.02
0.01
0
0
0.73
1.36
1.15
1.4
0.19
0.1
0.12
0.04
0.13
0.09
0.47
1.41
0.03
0
0
0
0
0
0
0
0
0.07
0.02
0.04
0.61
5.77
0.64
1.96
0.31
2.72
5.45
4.12
3.5
2.44
8.35
0.57
0.05
0
0
0
0.01
0.82
1.4
0.03
0.02
0.02
1.15
1.48
0.17
0.06
0.14
0.27
0.01
0.01
0.23
0.21
0.05
1.47
1.36
0.31
0.03
0.12
0.78
1.46
0.36
0.84
0.14
0.15
0.68
8.84
11.24
34.65
6.85
3.93
33.35
30.78
1.21
2.17
3.84
27.09
12.3
2.01
1.25
0.04
0
0.01
0.01
0.05
0.04
0.12
2.06
0.4
0.33
1.03
0.2
0.01
0.01
0.27
0.7
2.02
1.48
23.93
11.83
11.19
3.93
1.61
13.58
20.12
6.92
4.16
0.82
0.83
7.8
9.99
6.39
39.32
55.46
51.97
8.75
14.99
8.5
9.92
4.38
14.54
3.42
0.19
4.04
20.61
8.57
8.63
4.05
0.7
0.02
0.05
0.11
0.58
4.94
5.19
11.71
37.16
7.23
21.58
1.88
1.66
2.08
2.37
3.68
30.06
9.09
9
2.04
9.17
17.56
6.36
14.28
7.23
4.25
15.55
12.73
0.69
3.03
4.37
23.13
12.61
15.05
5.98
10.17
3.7
12.63
3.42
10.35
7.45
27.92
10.21
6.92
8.24
9.94
16.77
12.97
2.58
5.47
10.77
7.42
2.73
8.63
7.31
4.38
2.56
5.65
5.81
1.8
2.86
2.38
1.47
9.59
14.57
25.79
6.76
19.99
8.79
3.42
5.82
9.19
14.13
15.96
6.34
8.38
5.82
5.1
3.74
8.93
6.53
17.33
5.62
18.8
9.11
2.57
4.78
11.25
11.23
2.26
3.4
3.23
15.32
5.64
8.39
10.99
12.48
4.4
28
4.63
3.98
4.18
6.59
18.91
19.04
16.03
2.28
6.32
19.36
17.75
16.14
18.71
5.09
6.89
3.17
12.63
25.88
7.24
9.93
11.06
11.78
3.41
0.98
5.24
6.52
5.08
7.15
8.75
4.53
2.19
6.9
20.52
5.83
17.75
14.9
2.06
2.98
8.38
4.98
1.92
12.62
20.99
6.12
6.72
4.91
7.36
0.22
0
0.01
0.05
0.08
0.32
0.32
1.53
1.45
9.76
11.17
1.71
9.87
9.17
0.28
0.03
0.02
0.18
0.04
0.04
0.02
0
0
0
0
0.16
2.26
5.68
0.12
0.01
0
0
0.12
0.87
10.19
1.65
0
0.01
0
0
0
0
0
0
0
0
0
0
0
0
0.02
0.37
1.25
1.92
4.02
3.84
0.2
0.18
0.05
0
0.03
0.38
0.09
0.06
0
0
0
0
0
0
0
0
0
0
0
0
0.29
2.37
0.12
0.01
0.01
0
0
0
0
0.02
0.07
18
16.44
1.66
1.03
0.06
0
0
0
0.01
0.72
0.42
10.21
12.1
4.82
0.86
0.36
0.34
0.61
0.03
0
3.21
0.41
0.01
0.06
0.08
0.01
0
0.01
0
0
0.01
0
0
0
0
0
0.14
0.72
3.97
1.47
13.65
0.05
0.02
0.01
0.07
0
0
0
0.14
1.13
0.74
5.25
2.78
2.02
2.04
0
0
0
0.34
0.58
2.75
0.84
0
0
0.02
0.01
0
0
0.12
0.22
0.08
0.06
0.02
0
0.11
0.01
0.73
1.23
0.42
0.02
0
0
0
0
0
0
0
0.49
1.64
8.57
5.27
0.49
0.5
0.01
0.02
1.88
0.1
0.02
0.01
0.04
0.22
2.3
34.73
2.17
0.9
1.2
0.56
0.62
2.47
0.01
0.01
1.27
5.7
1.68
1.55
11.33
9.5
4.68
1.21
5.33
3.58
1.59
3.93
1.73
11.19
2.76
15.47
12.56
25.4
28.99
10.58
7.54
1.99
1.85
1.56
1.81
9.06
0.86
1.71
0.87
3.75
6.28
3.92
13.77
22.68
19.88
2.7
1.39
1.23
0.02
0.01
0.04
0.11
1.43
3.22
3.91
2.17
1.74
2.06
0.82
3.23
2.3
2.99
2.21
6.55
7.55
2.85
2.44
1.18
1.05
0.79
1.71
3.69
1.14
1.59
1.9
2.51
2.7
3.74
2.04
4.5
8.8
3.22
13.55
1.39
2.98
5.1
6.12
19.55
12.29
7.31
11.53
5.78
8.55
21.66
15.8
6.08
3.9
9.41
2.36
3.06
7.34
4.55
4.24
2.83
3.45
10.53
7.26
5.7
8.9
20.96
5.75
9.29
3.08
4.45
8.81
16.56
29.34
24.15
11.76
23.4
4.27
5.06
7.46
7.93
44.91
3.72
0.09
0.21
0.14
0.15
46.95
24.29
9.84
25.25
3.4
5.9
9.4
2.93
1.2
2.82
11.43
22.16
6.79
2.76
3.05
9.85
5.06
8.36
6.45
9.88
12.49
9.7
1.73
3.67
5.31
1.51
9.81
3.96
9.04
4.07
4.07
6.4
5.5
17.29
5.64
1.93
4.27
5.21
0.92
0.8
2.4
14.24
7.99
2.37
18.78
3.82
9.57
17.66
9.88
7.89
13.49
31.84
10.57
6.89
13.79
2.42
3.5
0.29
0.16
0
0
0
0
0
0
0.04
0.02
0.09
0.19
0.57
0.05
0
0
0
0.22
0.79
0
0
0.07
0.11
0.17
0.17
0.21
0.24
1.12
3.35
0.6
0.17
0.05
0
9.37
3.5
0
0.01
0.87
0.34
0
0
0
0
7.16
0.44
0
0
0
0.94
0
0
0
0
0.01
0
0
0
0
0
0
0.04
0.53
0.01
0.03
0.13
13.07
14.54
0.51
1.54
0.77
0.31
0.19
0.05
0.98
1.73
1.01
0.5
0.69
0.04
0.09
1.75
5.02
3.78
2.14
0.36
0.07
0.09
0.08
0.08
0.01
0.07
0.32
6.18
2.62
16.16
7.2
0.41
0.06
0
0
0
0
0
0
0
0
0
0
0
0
0
0
0
0
0
0.01
1.15
1.42
0.16
0.24
0.01
0.03
0
0.17
0.01
0.03
2.89
4.56
0.05
0.77
0.01
0.01
0.95
8.66
2.97
0.7
0.19
0.11
0.01
0
0.04
0.02
0.02
0.85
0.06
2.56
0.22
0.02
0.01
0.05
0.11
0.04
1.07
0.47
0.17
1.57
2.23
4.37
3.34
2.93
5.04
0.29
0.22
0.01
0.01
0
0
0
0.01
0.3
0.96
0.44
0.14
0.09
0.4
0.02
1.91
3.89
11.74
2.58
0.98
2.54
22.09
59
2.31
7.58
2.71
2.08
1.93
1.88
3.75
4.79
37.23
7.72
5.72
6.68
2.28
1.82
1.24
1.46
0.69
1.48
0.16
0.62
1.2
1.01
1.68
0.63
1.38
0.01
0.02
0.06
0.18
0.47
1.42
3.08
1.65
0.47
6.68
2.42
4.2
7.95
4.55
2.51
6.91
32.58
3.44
2.86
1.18
1.63
1.2
3.94
4.28
11.74
23.98
18.8
12.66
3.49
2.14
3.29
0.98
2.18
3.49
3.15
2.19
3.76
2.96
4
4.71
9.8
6.98
5.33
4.3
1.41
3.95
4
8.29
6.37
10
5.33
4.86
18.23
8.14
6.64
5.41
40.12
8.26
9.3
2
0.89
0.83
0.52
0.38
11.04
12.31
7.11
6.94
6.53
11.11
10.89
5.18
4.52
6.67
2.6
3.92
8.75
19.03
22.7
12.63
6.81
15.85
3.61
3.25
3.46
2.4
1.27
0.9
2.6
31.88
8.58
6.32
10.12
24.07
12.36
1.25
12.46
5.76
2.54
2.48
1.82
5.36
1.51
1.18
2.47
2.72
1.41
2.98
1.38
2.71
7.03
3.79
0.89
1.63
13.22
16.21
15.73
18.59
12.68
0.89
1.43
3.42
3.45
2
2.69
14.17
16.88
7.33
8.52
2.53
4.05
3.94
5.81
7.57
4.96
2.31
1.07
1.7
2.07
4.51
3.67
4.56
1.33
7.13
20.79
10.11
4.2
3.52
3.63
1.95
1.49
1.97
2.95
1.12
0.92
0.2
0.2
0.08
0.79
0.88
0.53
0.23
1.51
3.45
1.7
0.49
2.42
15.89
0.5
0
0
0.01
0
0
0
0
0.22
0.78
0.1
0.01
0.02
0.18
1.35
3.5
2.33
0.31
0.02
0
0
0
0
0.05
0
0
0.06
0.1
0.09
0.12
0.5
0.97
0
0
0
0
0
0.27
1.07
0.02
0.01
0.01
0
0
0
0
0
0.13
0.23
1.51
2.48
0.62
0.23
0.02
0.02
0.21
1.18
2.5
5.14
6.36
5.47
5.55
20.06
20.65
1.24
0.04
4.99
17.28
0.32
0
0
0
0
0.01
0.17
1.18
0.52
0.15
0
0
0
0.06
0.03
0
0
0
0
0.02
0.01
0
0
0.01
0.12
0.04
0.03
0.13
0.03
0.01
0
0
0
0
0
0
0
0
0
0
0
0
0
0
0
0
0
0
0
0
0
0.04
2.25
14.65
5.5
17.94
10.56
16.52
