19930101
0.62
0.08
0
0
0
0
0.42
1.98
1.67
0.33
0.03
0.46
1.04
1.05
1.58
3.42
4.2
2.29
4.8
6.48
0.92
0.36
0.57
2.21
3.43
0.65
0.1
0
0.13
0.16
5.15
8.28
3.37
1.45
1.63
0.36
0.33
0.49
0.41
0.24
1.14
2.61
0.48
0.41
0.29
0
0.01
0.02
0.1
0
0
0
0.02
0.09
0.5
2.15
3.25
3.32
1.04
0.99
0
0
0
0
0.17
3.32
9.3
0.52
0.16
0.22
0.13
0.45
0.04
0
0
0.01
0.68
2.81
0.27
0.23
5.54
5.02
0.23
0.95
2.94
4.76
3.87
1.91
1.69
3.59
1.1
0.57
2.68
6.84
4.08
4.84
6.19
6
0.84
2.3
1.67
7.97
12.51
2.13
4.77
10.72
7.54
3.25
3.75
8.64
6.37
12
11.94
10.35
12.61
14.19
9.07
8.1
17.53
15.92
3.63
2.72
2.43
0.98
2.55
10.14
7.11
11.04
7.5
13.54
14.48
11.2
19.81
11.34
5.22
12.51
11.15
10.13
14
14.29
10.99
13.73
7.81
2.47
4.12
7.86
11.86
6.75
1.72
3.62
19.14
13.7
15.3
16.62
14.45
15.98
20.34
24.49
18.27
10.84
11.75
13.42
14.72
9.94
7.58
20.76
11.47
24.72
13.79
15.12
12.11
17.19
19.48
17.74
39.29
14.73
6.37
7.69
7.98
14.12
8.28
7.68
33.24
9.37
3.76
14.6
4.94
9.22
3.43
7.04
9.06
7.82
11.19
12.79
7.38
11.92
8.63
13.8
17.87
13.73
5.78
8.03
9.54
10.53
5.9
7.86
18.08
23.46
13.48
5.41
3.18
8.31
6.79
7.37
9.07
5.75
8.27
17.82
16.74
4.61
9.16
9.13
15.27
15
26.18
10.19
2.16
4.32
5.68
3.98
15.29
14.5
10.88
8.15
8.18
5.91
13.7
8.01
1.7
6.54
12.43
10.47
18.74
9.57
4.64
7.05
9.3
13.28
8.98
9.19
4.92
2.1
3.61
4.8
9.46
8.08
9.1
7.9
11.02
9.53
6.47
7.98
4.02
4.21
2.66
8.78
3.08
1.25
6.23
5.55
12.54
6.53
8.83
7.96
12.62
16.89
12.95
7.94
9.27
5.6
3.26
3.88
0.39
0.21
3.33
17.42
2.01
2.65
0.41
0.98
0.69
0.31
1.56
1.57
0.61
7.1
10.82
8.71
11.28
10.02
12.12
4.88
2.38
0.42
0.03
2.88
1.69
0.41
0.43
1.71
4.93
3.73
2.53
0
0
0
0
0
0
0.87
0.55
0.35
0.13
0.14
0.28
2.15
1.57
0.13
0.01
0.01
0
0
0
0
0
0
0.01
0.03
0.12
0.25
1.46
0.35
0.02
0
0
0
0
0
0
0
0
0
0
0
0
0.06
0.45
1.67
0.95
0.06
0
0
0
0
0
0
0
0
0
0
0
0
0
0
0
0.01
0.12
0.1
0.01
0.05
0.01
0
0
0
0
0
0
0
0
0
0
0
0
0
0
0
0
0
0
0
0
0
0
0
0.06
0.04
0.05
0.09
0.01
0.02
4.2
1.53
4.31
3.91
0.64
0.24
0.08
0.05
0.03
0.21
0.15
0
0.06
0.78
0.44
0.1
0.83
2.48
7.64
3.37
0.79
0.39
0.89
2.78
0.91
5.78
1.19
2.36
1.65
3.33
2.38
3.06
0.85
0.71
6.05
1.11
1.81
1.52
2.29
1.14
9.61
9.36
3.82
1.21
0.73
1.25
0.97
1.62
3.33
1.85
3.86
0.05
3.69
5.69
4.81
1.15
1.12
2.12
3.65
5.8
10.69
9.58
13.74
21.26
7.4
5.59
4.56
1.98
3.78
3.77
15.34
11.35
12.06
13.61
11.53
11.39
7.3
0.98
1.59
8.24
4.96
6.69
1.74
5.4
8.88
17.91
20.97
11.12
9.4
10.73
12.53
16.51
22.59
10.71
4.67
2.12
2.83
1.33
2.17
1.93
0.74
1.25
3.42
3.19
5.69
5.82
4.99
4.63
7.46
3.95
8.77
11.17
5.74
12.98
16.57
6.18
13.85
12.91
9.42
7.33
19.77
33.28
26.89
18.81
17.59
18.02
16.9
11.85
9.13
9.66
4.77
6.16
4.22
9.94
4.64
2.6
9.55
7.91
6.3
6.96
9.12
17.36
8.31
13.75
11.3
11.6
17.15
24.16
18.46
27.59
19.08
14.7
8.44
7.36
9.55
11.04
10.78
8.69
5.58
3.26
6.24
5.53
9.3
7.02
9.67
17.88
11.42
5.69
20.17
11.13
4.81
3.37
12.13
15.3
17.5
8.79
12.12
6.3
9.85
17.23
14.33
12.02
6.7
8.84
7.14
10.42
8.09
15.96
8.55
7.74
5.2
5.01
8.03
4.64
3.08
8.04
17.9
10.48
13.4
24.79
8.44
11.64
12.96
10.85
13.56
10.38
11.52
15.17
9.25
12.46
6.29
3.6
8.74
3.3
7.28
9.44
9.38
7.16
12.46
12.04
4.46
2.99
11.55
8.86
6.7
4.4
2.66
0.87
0.07
0.04
0.06
0.47
0.52
0.69
0.84
2.97
1.23
3.92
5.47
6.81
4.44
0.79
2.28
5.51
3.1
0.53
0.24
0.01
0.02
0.01
0.03
0.01
0
0.01
0.2
1.08
2.29
0.9
1.05
1.19
3.8
5.29
0.03
0.02
0.01
0.12
0.03
1.99
3.43
1.42
2.05
0.28
0.29
1.23
0.39
0.18
0.11
0.01
0.5
19.34
8.99
0.28
0.26
0
0.11
0.01
0.01
0
0
0.23
0.02
0.06
1.16
1.93
0.05
0.16
0.12
0
0.02
0.01
0
0.02
0.04
0.03
0
0
0
0
0
0
0
0.01
0.01
0
0
0
0
0
0
0
0.01
0.02
0.04
0.03
0
0
0
0
0
0
0.03
0
0
0
0
0
0
0
0
0
0
0
0
0
0.1
0.1
0.06
0
0
0
0
0
0
0
0
0.72
1.85
1.14
3.57
5.89
1.59
1.22
3.09
1.84
0.96
5.21
11.24
4.63
7.79
0.97
0.07
0.1
0.35
0.24
0.01
0.04
0
0.09
2.05
13.46
0.21
0.26
0.15
0.31
0.38
0.82
1.27
1.14
1.3
1.04
4.17
0.95
2.44
0.21
0.32
1.3
3.85
1.61
0.67
0.7
13.11
9.33
2.75
0.73
1.02
0.22
0.2
1.68
2.29
0.54
0.02
0.37
0.68
2.22
2.57
3.75
3.52
2.11
1.53
0.99
0.93
0.89
0.59
2.16
4.63
8.32
10.92
13.75
10.34
10.92
9.38
16.23
14.92
19.18
13.22
9.92
4.31
4.13
5.25
4.92
2.6
2.97
6.23
7.84
10.24
11.71
2.8
0.34
0
1.96
7.62
21.73
12.44
7.16
13.24
4.28
5.11
6.85
4.61
3.53
7.78
2.66
0.02
2.14
5.99
3.1
8.98
14.1
14.71
11.94
4.21
8.28
5.6
16.34
9.06
0.13
0.69
0.86
0.84
0.62
16.78
27.73
12.19
8.16
13.93
3.95
11.52
6.78
14.37
8.72
10.63
9.22
12.18
10.71
12.73
12.95
15.59
17.87
11.77
10.38
10.26
14.44
11.58
8.6
11.03
4.17
7.04
5.61
5.29
8.51
6.48
4.44
4.74
14.05
6.5
4.22
6.92
7.67
3.05
2.31
6.31
1.75
15.98
10.97
8.21
5.69
9.04
9.82
6.38
12.93
10.53
12.53
11.44
13.67
6.35
20.78
23.88
12.06
15.36
18.6
6.47
16.65
21.3
11.21
9.75
10
4.27
3.04
9.06
11.95
4.18
3.34
3.64
6.57
7.71
8.9
3.53
7.84
5.95
8.31
9.63
7.15
8.11
12.58
8.65
7.17
8.72
18.74
17.61
14.57
5.58
8.13
5.74
4.57
3.49
8.39
8.86
12.21
10.74
6.17
8.86
9.87
5.48
5.03
7.15
24.02
30.49
21.67
13.37
6.49
1.09
0.54
2.15
4.57
2.61
2.04
4.02
6.13
1.56
3.07
4.9
6.23
7.66
6.34
6.73
4.24
2.17
2.05
2.61
2.49
0.69
3.89
6.69
5.87
6.26
5.61
2.79
1.15
0
0
0.21
0.25
0.22
0.23
0.53
3
1.5
0.41
0.48
1.18
6.04
3
0.01
0.02
0.01
0.15
0.2
2.06
2.33
1.2
0
0.02
0.02
0.17
0.43
0.68
1.46
0.54
0.09
0.12
0.16
0.01
0.06
0.06
0.01
0
0
0.01
0.06
0.13
0.02
0
0.02
0.28
0.25
5.49
0.18
3.74
0.35
0.28
21.83
34.34
2.72
0
0
0
0
0
0.01
0.01
0.25
0.44
0.12
0.19
2.33
2.51
0.35
1.78
4.85
3.39
0.98
0.56
0.13
0.11
0.25
0.22
0.51
0.06
0.02
0.01
3.95
11.17
13.61
1.39
0.14
0.57
1.25
5.8
2.67
0.67
0.12
0.68
0.74
0.71
0.27
0.02
0
0.03
0.04
0.02
3.37
0.82
0.71
0
0.01
0.01
0
0
0
0
0.02
0.22
0.39
1.24
0.39
0
0
0
0.05
0.08
0.97
1.85
1.11
0.11
1.54
2.35
2.31
1.46
0.67
1.09
3.59
7.98
0.91
2
0.92
1.93
2.48
3.21
3.48
1.36
6.08
6.73
9.91
17.53
18.61
16.29
11.03
15
3.08
8.3
13.24
16.19
15.61
7.31
1.7
5.4
1.91
1.71
0.99
0.39
0.8
5.49
8.81
2.08
1.12
0.96
0.08
0.12
2.38
2.2
2.48
3.97
6.94
5.35
5.34
8.67
8.2
7.4
6.2
7.17
3.54
5.52
14.92
21.31
9.37
4.9
1.09
0.67
0.03
0.15
1.59
4.11
17.03
24.21
21.31
28.83
7.88
17.72
9.74
3.78
5.21
9.63
20.21
15.15
18.36
5.64
9.51
12.6
12.92
7.56
9.31
8.29
11.27
10.39
15.51
12.55
7.9
12.24
2.8
5.82
9.26
14.03
8.66
8.88
11.4
16.44
14.72
12.89
11.36
13.89
22.34
11.91
13.23
14.89
18.15
8.45
22.06
4.94
28.68
13.68
19.29
10.88
10.88
11.77
11.77
10.79
15.33
15.25
13.51
13.67
16.18
15.56
12
5.82
16.31
22.87
22.65
13.05
10.46
13.69
21.38
16.08
13.93
27.13
24.61
15.84
16.24
8.54
14.35
14.48
6.74
9.5
5.6
13.64
13.06
20.7
4.72
28.92
23.37
21.29
10.54
10.91
4.6
10.74
22.78
6.19
6.06
13.25
12.94
4.43
6.48
11.68
15.62
9.8
14.3
14.32
11.12
13.41
9.77
9.62
10.73
14.45
16.64
22.96
19.53
11.2
10.18
14.87
14.31
12.71
11.34
16.76
15.11
12.57
11.59
23.22
11.63
7.83
14.86
10.93
15.23
5.04
8.08
12.72
5.71
9.34
15.34
11.53
10.16
9.09
7.78
6.74
12.04
12.98
3.01
5.86
9.75
8.22
11.54
15.02
3.21
0.29
3.66
6.66
7.91
6.62
10.35
18.02
16.75
16.81
7.28
0.63
0.21
0.1
0.06
0.25
0.53
0.55
0.33
0.06
0.29
5.47
4.07
1.26
1.03
0.79
3.93
1.28
2.17
0.29
0.03
0
0
2.61
5.14
0.39
0.79
0.43
0
0
0.59
0.04
0.19
0.36
3.01
0.97
1.88
2.65
1.01
0.65
0.74
9.97
9.97
11.27
4.27
0.92
0
0.01
0
0
0.01
0
0.02
0.04
0.13
0.31
1.41
0.23
0.29
0.14
0.83
0.38
0.55
0.03
0.05
0
0
0
0
0
0
0.04
0.07
0.54
0.11
0.38
0.21
0.03
0.02
0
0
0
0
0
0.01
0
0.3
0.3
0
0.03
0.02
0
0
0.01
0.22
0.16
1.13
8.95
1.04
1.28
0.73
1.26
2.81
0.72
0.42
0.78
0.42
1.95
0.79
0.77
2.33
1.94
0.03
0
0
0
0
0
0
0
0
0
0
0
0
0
0
0
0
0
0
0
0
0.01
0.03
0.02
0.11
0.09
0.02
0.78
0.11
0.02
0.05
0
0
0.07
0.01
1.19
4.32
1.9
0.1
0.12
0.35
0
0
3.72
7.79
5.9
4.78
1.11
0.07
0.12
0.74
3.45
4.6
9.33
3.9
2.25
4.72
3.32
6.84
4.34
10.05
6.2
9.56
19.44
9.06
12.72
9.86
6.85
5.23
5
3.34
0.98
0.87
0.43
0.61
0.1
1.68
11.26
13.12
9.56
4.93
5.35
4.15
6.37
10.66
12.64
18.25
12.31
8.77
4.19
0.02
0.82
8.71
7.52
1.56
2.86
0.07
0.26
4.47
12.88
10.52
5.43
3.92
7.14
12.17
5.64
13.89
12.23
10.15
10.5
6.83
10.84
14.09
17.94
7.6
5.21
8.07
17.74
12.05
20.34
12.33
11.66
13.62
12.96
25.18
26.53
8.03
6.13
9.33
11.08
13.4
4.52
19.58
30.66
5.44
6.13
16.79
7.73
25.47
14.35
11.02
6.66
8.67
11.35
9.15
12.59
10.46
9.19
15.13
16.35
16.62
11.71
8.9
7.05
12.34
6.36
5.36
6.86
7.14
3.79
5.22
7.11
7.43
3.33
4.15
5.49
3.29
1.41
6.15
8.34
5.7
8.4
6.84
6.28
10.42
9.44
8.92
11.7
13.14
13.36
13.17
15.52
9.56
15.67
15.1
15.82
14.34
7.89
18.91
10.22
11.4
14.74
11.77
6.49
7.28
7.4
8.7
8.54
4.64
5.67
11
4.61
7.97
3.95
9.45
15.86
2.34
8.65
11.79
3.7
2.99
2.58
2.71
6.88
4.36
3.46
3.34
12.21
5.92
6.78
9.1
9.43
5.22
9.28
14.88
8.63
8.43
9.6
11.08
15.24
12.03
24.41
12.35
21.24
18.22
7.66
3.78
8.36
12.31
4.36
3.61
3.9
2.24
2.62
5.92
6.89
7.98
12.47
13.82
8.49
10.97
12.64
4.4
0.91
0.36
15.03
14.8
8.58
18.08
17.77
24.65
15.16
16.46
18.09
6.69
27.9
19.76
11.69
7.25
19.24
6.45
3.51
0.17
0.33
0.18
0.43
1.61
1.54
0.34
0
0.02
1.74
4.75
4.73
2.58
3.07
4.61
7.62
11.25
1.61
1.34
0.38
0.19
1.35
9.52
6.3
4.71
2.61
2
1.59
1.01
0.03
1.1
2.29
0.05
0.34
1.43
1.04
0.69
1.13
0.37
0.46
0.7
0.9
0.07
0
0
0
0
0
0
0
0.01
0.12
0.01
0.09
0.5
1.32
1.08
1.94
0.8
0.03
0
0.52
2.99
4.28
4.69
2.48
0.05
0.25
0.21
0.08
0.7
2.95
3.81
1.47
1.53
2.33
2.47
1.96
0.44
2.81
2.05
1.84
1.65
0.11
0
0
0
0
0.04
0.17
0.08
0
0.19
0.01
0.47
0.24
0.13
0
0
0.02
0.34
0.76
2.92
5.57
1.49
3.8
4.32
6.76
3.77
4.47
1.88
2.81
3.98
2.51
1.21
0.44
0.24
0.2
0.83
1.9
1.46
0.4
0.56
0.34
1.6
1.96
2.44
1.16
1.57
2.29
4.38
2.17
0.19
0.24
0.11
0.37
1.33
0.3
0.07
0.13
1.35
3.97
2.45
0.43
1.06
2.49
0.63
0.08
0
0.02
0
0
0
0.08
0.07
0.01
0.02
0.59
0.38
2.38
5.91
4.28
4.02
0.23
0.21
1.63
0.65
0.05
0.41
0.19
0.21
0.1
3.1
4.05
5.89
5.39
2.14
2.06
4.17
6.01
4.02
6.75
23.62
12.46
10
11.16
6.74
4.81
5.79
5.37
7.83
3.72
12.36
7.55
17.43
18.4
9.87
1.11
0.88
0.72
0.55
2.07
3.04
5.5
4.92
0.22
0.09
0.04
0.33
0.4
6.94
12.5
15.29
10.49
14.96
22.57
4.5
5.56
8.31
24
9.99
14.12
6.91
8.83
12.35
10.94
7.4
17.51
9.44
2.74
7.19
20.19
12.74
16.12
22.91
15.07
41.52
54
1.7
3.32
13.55
31.31
10.6
12.04
15.42
30.31
11.99
14.92
15.73
17.95
17.94
13.62
10.72
6.91
7.2
11.9
9.25
8.71
13.34
11.36
16.5
25.13
16.34
13.36
11.23
13
15.22
10.64
6.81
9.68
14.73
12.32
25
27.53
23.23
17.61
16.27
11.56
11.23
6.93
7.58
11.03
12.95
12.98
23.6
15.04
13.19
6.54
8.89
8.74
5.74
4.04
16.75
11.67
10.93
13.67
7.05
6.85
7.8
10.39
6.14
11.32
1.81
4.09
2.29
4.87
6.49
4.66
2.28
3.37
4.94
5.53
10.12
9.7
10.59
4.53
8.65
11.7
18.41
11.03
11.05
10.88
8.23
4.26
10.06
10.73
5.96
5.64
9.7
6.86
5.6
6.24
18.22
20.3
19.37
22.21
29.57
8.9
14.64
17.1
13.72
17.94
10.62
9.02
19.35
15.63
19
8.92
0.4
1.76
10.38
8.47
9.48
11.88
11.62
14.08
10.7
7.02
9.59
6.42
6.51
2.98
0.26
0.01
0
0
0
0.3
1.41
0
0
0
5.29
2.69
17.21
22.93
25.98
1.97
0.41
0.05
0.02
0.12
0.1
0.14
0.08
0.01
0
0
0
0
0
0
0
0
0
0
0
0
0
0
0
0
0
0
0
0
0
0
0
0
0
0
0.07
0.19
0.49
0.08
0.04
0
0
0
0
0
0.01
0
0
0
0
0
0.02
0.01
0.03
0.04
0.25
0.38
0.18
0.99
3.85
8.88
0.2
0.25
4.4
1.9
0.69
2.98
0.87
0.69
0.16
0.06
0.01
0
0
0.01
0
0
0
0
0
0
0
0
0
0
0
0
0.04
0.01
0.31
0.05
0.72
0.46
0.05
0.87
0.05
0
0
0
0
0.14
0.55
0.04
0.03
0.1
0.05
0.2
0.09
0.46
2.15
2.39
1.51
1.68
0.76
0.39
2.43
2.41
1.83
1.15
1.35
0.47
0
0
0.02
3.67
1.02
0.51
0.65
0.29
0.35
0.08
0
0
0
0
1.13
1.5
0.79
1.3
1.27
0.71
0.42
0.21
0.16
0.16
0.3
0.73
0.62
0.4
0.11
0.45
1.4
2.45
1.54
1.35
3
4.2
4.74
7.28
1.64
0.44
2.21
4.2
4.45
5.04
5.36
5.67
3.58
14.92
9.88
15.88
8.12
0.53
6.45
8.88
4.98
6.99
7.61
7.5
7.73
17.28
10.25
6.44
3.46
15.12
18.22
6.21
6
10.83
8.58
9.1
10.48
11.42
10.72
10.72
16.58
18.88
11.15
9.4
5.45
4.75
14.41
7.42
15.52
9.96
8.01
13.62
8.97
6.94
8.59
14.47
4.45
3.23
11.28
4.45
6.91
7.28
14.33
15.63
14.37
11.22
22.59
14.48
10.7
13.02
9.14
13.97
25.73
22.95
7.17
11.64
11.33
8.37
21.15
15.94
3.12
5.48
7.32
16.37
8.1
7.31
6.23
5.2
8.52
11.02
4.37
9.48
7.16
8.65
12.08
6
4.47
5.94
9.17
10.49
7.8
13.5
12.74
8.61
11.73
6.6
5.9
8.22
8.4
8.38
14.86
5.43
7.72
4.46
6.01
10.44
13.48
10.91
10.07
16.61
7.26
6.34
9.43
7.21
2.75
0.45
3.83
4.79
6.68
5.44
7.35
5.31
4.4
3.17
5.38
6.24
2.56
4.14
7.34
7.13
8.89
9.26
8.47
8.92
5.32
1.73
1.26
2.09
4.41
1.35
3.07
6.27
6.57
9.9
6.33
5.04
10.84
7.38
6.52
10.24
7.5
2.62
5.43
3.46
6.87
7.93
5.67
8.72
7.93
8.51
12.53
14.87
11.99
11.32
13.24
16.65
15.19
10.13
9.92
9.97
5.39
8.56
6.16
9.8
13.33
13.21
13.45
8.83
6.12
0.82
0
0.02
0.08
0.15
0.99
4.65
5.28
2.72
5.1
2.04
0.14
0.03
0.32
0.04
0
0
0
0
0
0
0
0.13
1.6
1.53
1.05
0
0
0
0
0
0
0
0
0
0
0
0
0
0
0.01
0.03
0.01
0
0
0.12
0.86
0.27
0.25
1.7
2.01
0.02
0
0
0
0
0
0.13
0.74
0.3
0.05
0
0
0
0
0
0.03
0.18
0.35
0
0
0
0
0.2
0.02
0
0.01
0
0
0
0
0
0
0
0
0
0
0
0
0
0
0.08
0
0.01
0
0
0
0
0
0
0
0.03
0
0.13
0.14
0.04
0.02
0
0.11
0.26
0.09
0.01
0
0
0
0
0
0
0
0
0
0
0
0
0
0
0
0.01
0
0.01
0
0
0
0
0.01
0.1
0.2
0.16
0.32
0.05
0.02
0.05
0.01
0
0.01
0.01
0
0.04
0.17
0.28
0.13
0.01
0
0.01
5.47
2.48
0.19
0.01
0.01
0.12
1.45
0.78
6.41
3.57
10.8
5.53
5.01
3.12
0.58
0
0
1.46
4.84
5.72
1.13
1.99
1.39
0.46
6.38
9.13
14.41
8.45
8.27
14.54
11.72
3.21
11.43
8.05
6.69
1.56
3.3
4.64
4.86
5.47
13.14
12.43
11.92
15.86
2.97
7.86
10.75
13.52
15.07
3.65
1.93
0.5
4.88
1.12
1.11
2.48
2
0.88
5.21
5.23
4.4
8.8
5.77
5.64
6.08
3.97
7.49
3.66
9.25
18.52
24.09
9.64
11.08
6.23
10.42
13.7
10.55
9.08
5.25
1.96
2.4
6.03
9.93
9.44
11.78
6.9
6.18
2.87
21.5
13.03
9.81
10.49
12.03
13.4
16.6
18.26
21.59
7.68
4.76
3.97
4.1
4.91
6.11
11.42
9.99
4.05
4.74
6.1
14.5
5.47
8.02
9.38
6.87
8.43
6.42
7.27
4.68
1.9
9.05
18.76
15.07
16.26
11.16
1.83
3.41
1.09
1.69
1.66
1.54
1.22
0.83
1.45
1.24
6.1
5.94
3.15
0.62
5.62
7.72
12.91
11.3
16.5
18.98
6.5
7.5
7.87
7.79
7.74
4.46
8.95
6.38
9.91
14.51
2.24
4.59
6.35
3.88
2
6.71
12.3
6.99
6.88
3.9
5.36
5.32
1.46
11.21
7.27
7.06
6.34
5.16
7.79
8.07
11.5
5.94
8.41
7.38
3.63
5.8
5.46
11.75
15.93
19.11
7.19
4.81
3.06
12.03
7.71
8.61
4.01
3.41
2.11
1.17
2.82
10.18
8.4
6.9
8.22
15.15
12.57
16.93
9.48
4.72
2.71
0.58
3.38
6.83
2.25
0.31
4.7
5.2
3.6
0.09
3.02
0.69
0.02
0.11
2.72
1.75
1.55
0.26
0
0.01
0.01
0
0.04
2.49
2.53
4.73
4.44
2.09
3.97
0.17
0.46
0.03
0.08
1.2
2.48
0.29
0.01
0
0
0.02
1.13
1.68
0.85
0.12
0
0.01
0.04
0
0.04
0.11
0.18
0
0
0
0
0
0.22
3.9
9.53
2.59
2.19
0.81
0.74
0.76
0.57
0.37
0
0
0.12
0.18
0.05
0.02
0.01
0.03
0.01
0.13
0.03
0
0
0.01
0.01
0.09
0.11
0.25
0.14
0.04
0.12
0.75
0.74
0.61
0.84
0.86
0.54
0.36
0
0.03
0.03
0.1
1.41
2.47
2
0.6
0.65
0.59
0.78
1.64
1.11
0.37
0.18
0.01
0.1
0.04
0.2
0.09
0.52
0.05
0.55
2.12
1.38
0.93
1.61
1.73
4.59
0.59
0.15
0.62
0
0.04
0.11
0.21
0.09
0.08
0.1
0.12
0.05
0.33
0.12
0
0
0
0
0.01
0.43
0.65
1.03
9.55
0.2
8.13
5.53
1.13
1.98
4.68
4.6
2.17
7.41
3.86
7.76
1.95
7.32
13.23
9.61
12.24
2.87
1.27
5.76
2.02
1.63
0.6
0.2
0.86
3.12
1.58
0.15
0.87
3.4
5.23
6.89
2.84
3.98
2.98
0.64
1.46
1.04
0.67
0.36
0.37
1.65
1.11
0.94
0.16
0.55
3.03
2.8
0.49
0
2.24
4.52
2.95
2.74
3.94
2.2
1.47
1.22
2.11
2.08
5.12
1.34
0.78
4.9
2.1
4.74
9.59
8.59
9.72
14.3
9.4
2.7
2.59
2.08
2.7
0.48
0.32
1.21
5.32
5.8
13.9
20.54
22.78
27.98
18.43
28.19
6.68
11.41
20.78
16.72
3.97
6.25
5.53
25.82
9.89
9.68
9.62
1.92
0.55
9.7
6.12
7.68
9.59
6.73
24.76
5.62
4.27
4.3
2.93
2.57
1.85
1.46
1.12
0.48
0.62
18.12
6.18
6.07
4.4
3.96
2.32
5.23
12.57
7.81
5.62
1.08
1.48
3.48
3.49
5.96
10.24
4.55
4.22
3.63
3.25
9.46
5.51
3.71
4.3
3.38
4.95
4.41
4.63
5.76
6.05
6.06
10.76
5.44
3.31
1.46
8.86
11.37
8.89
6.59
8.25
4.63
4.73
2.1
2.34
3.6
4.75
5.67
5.52
2.85
0.62
2.98
2.93
8.84
11.81
8.48
1.32
3.79
3.64
4.39
6.61
12.55
15.32
6.28
3.51
8.99
10.71
10.94
12
11.48
8.71
6.54
1.98
6.05
3.72
5.33
7.43
6.02
2.63
2.04
9.28
4.26
2.44
2.4
2.68
2.19
2.02
4.4
5.39
3.2
1.96
2.69
1.58
4.62
4
4.44
0.19
0.07
0.09
0.26
1.15
1.42
0.57
0.3
0.74
0.71
0.54
0.43
2.27
7.36
10.58
15.9
15.76
19.15
10.73
2.5
0.68
2.36
9.17
7.14
3.82
0.09
0.4
0.28
0.8
2.61
1.02
0.01
0.21
0.12
0
0.02
0.09
0.01
0
0
0.39
0.67
6
0.57
0.13
0.43
0.42
2.82
16.18
5.08
0
0
0
0
0
0
0
0.01
0.02
0.01
0.04
0.01
0.01
0.05
0.52
0.24
0.69
0.08
0.01
0.02
0.12
0.24
0.31
0
0
0
0
0
0
0
0
0
0
0
0
0.61
0.92
0
0.03
0.32
0.52
2.37
3.71
1.88
2.06
2.78
3.52
1.85
1.05
1
3.45
3.88
4.54
7.3
5.81
4.52
1.31
0.01
0
0.09
0
0
0
0
0
0.01
0.06
0.01
0
0.03
0
0
0
0
0
0.02
0.01
0.06
0.06
0.01
0
0.02
0.01
0
0.01
0.11
0.48
0.51
0.34
0.35
0.85
0
0
0.32
0
0
0.01
0.11
1.08
1.33
5.26
3.72
3.69
1.24
3.03
1.8
2.76
1.45
1.68
2.52
1.48
0.34
0.35
0.37
1.07
8.39
11.5
4.2
2.23
0.63
4.29
6.1
2.97
4.1
3.19
11.33
2.4
10.54
5.74
6.27
4.54
7.26
14.2
15.32
9.89
5.78
0.57
2.74
0.6
6.65
0.44
0.32
0.28
0.24
0.29
3.94
4.74
7.68
23.92
10.08
0.03
0
0
0
0
0.61
0.49
0.36
0.59
1.07
3.99
7.62
2.94
4.79
6.7
1.01
0.81
0.16
0.06
0.01
0.8
0.35
0.09
0.49
6.27
9.67
3.3
2.83
5.45
3.39
0.21
0.25
0.72
0.66
0.48
0.46
1.87
3.8
5.51
2.48
4.68
9.84
5.4
3.66
10.36
6.81
5.9
10.89
7.62
6.22
7.47
4.68
6.62
18.28
13.18
32.26
16.53
3.41
4.5
1.96
1.58
4.22
1.48
1.14
5.03
10.45
6.59
2.41
8.59
7.81
2.51
1.28
2.5
9.79
12.78
9.84
6.66
3.95
5.29
7.56
4.57
3.91
0.84
1.72
3.85
0.78
1.62
1.47
5.09
2.4
19.13
27.48
13.26
15.61
17.58
4.17
2.05
3.04
2.7
2.32
5.12
4.59
3.31
3.47
7.25
7.61
5.24
2.5
4.42
4.37
4.87
4.44
4.47
2.95
2.69
4.82
4.09
5.23
6.66
9.2
8.13
6.14
7.36
12.66
7.92
1.52
0.95
0.95
0.3
0.61
9.82
5.58
8.09
4.73
5.93
6.42
6.49
3.07
5.43
7.64
1.53
0.71
0.71
2.07
1.99
2.92
3.9
3.05
2.19
4.31
3.63
3.82
4.15
3.97
4.24
10.56
15.32
18.42
10.92
26.91
4.66
0.24
0.01
0
0
0.08
2.5
7.18
4.56
0.32
0.01
0
0
0.04
0.15
0.44
6.16
1.26
1.57
0.45
0.11
0.07
0.12
0.25
0.28
5.49
3.59
2.79
1.33
4.21
4.45
6.22
5.57
4.31
1.11
0.45
0.63
4.27
1.45
0.05
0
0
0
0
0
0.2
0.42
0.72
1.31
1.06
0.18
0.09
0.05
0.03
0.07
0.03
0.01
0.01
0.04
0.07
0.01
0
0
0
0.02
2.8
0.86
0.86
1.62
1.45
0
0
0
0.03
0.04
0.61
1.93
1.19
2.18
0.77
1.14
1.36
1.46
0.87
0.27
0.86
0.05
0
0.01
0.72
2.52
1.48
0.72
5.52
3.28
0.09
0.32
0.18
0.08
1.25
0.06
0
0
0
0
0
0
0
0.02
0.03
0
0
0.04
0.05
0.04
1.11
1.78
1.09
1.01
0.98
0.02
0.02
0.01
0.03
0
0
0
0
0
0
0
0
0
0
0
0.02
0.01
0.05
0.02
0.07
0.21
0.41
0.93
1.23
0.52
0.09
0
0
0
0
1.54
3.45
7.61
8.1
1.88
0.32
0.32
0.1
0.02
0.03
0
0
0
0.01
0.01
0.72
3.06
2.96
1.83
1.31
3.74
5.59
5.56
7.18
4.63
6.81
4.25
15.63
5.99
3.68
5.38
2.48
2.38
5.08
6.32
0.37
0.08
0.05
0.01
0
0
0
0
0
0
6.98
7.03
5.69
6.54
4.44
1.86
1.8
1.34
2.11
3.05
1.11
0.35
0.18
0.68
0.29
0.3
0.11
0.06
0.56
0.25
0.02
0.07
0.07
0.17
0.25
0.38
0.05
0.01
0.07
0.17
0.85
2.52
1.36
0.13
0.25
0.25
0.35
0.44
0.46
0.85
0.23
1.43
3.18
1.13
0
0.32
2.22
7.19
10.07
8.28
5.13
8.79
6.96
5.01
2.07
1.63
0.67
0.96
1.54
1.92
2.69
3.85
3.28
1.36
2.1
21.9
16.89
30.84
29.49
16.24
4.14
1.26
1.3
1.13
2.21
5.15
8.21
9.08
14.97
9.39
1.56
1.33
1.22
1.72
1.25
2.85
7.56
3.94
3.23
2.87
3.46
2.81
2.48
1.85
1.67
3.26
2.58
3.43
2.77
3.25
4.18
6.99
4.22
4.05
5.88
11.71
11.95
14.92
6.17
8.73
11.45
5.93
2.16
10.3
7.11
7.3
5.58
7.32
8.29
4.11
5.97
6.89
2.45
4.41
6.9
3.29
17.03
14.72
12.77
10.15
5.64
6.89
3.22
5.52
6.26
8.52
8.72
8.21
8.76
5.89
1.07
1.41
1.28
0.94
0.75
5.59
14.46
7.63
9.79
6.72
5.75
4.06
5.82
5.23
3.29
2.77
2.03
6.44
4.6
4.52
2.74
1.97
2.63
3.17
4.41
6.88
8.28
8.15
8.2
4.5
3.97
2.85
4.78
2.37
3.54
0.5
0
0
0
0
0.13
0.34
0.13
1.32
2.01
1.73
1.7
1.54
1.58
2.37
1.64
0.42
0.5
0.31
0.07
0.16
0.58
0.03
0
0.05
0
0
0
0
0
0.2
0.02
0.04
0.31
0.16
0.17
0.7
5.08
8.55
4.4
0.03
0
0.04
0.01
2.01
1.75
2.55
0.74
0.12
0.23
0.46
0.08
0.05
0.07
1.8
1.27
0.78
0.58
0.92
0.63
2.46
2.56
8.65
6.12
9.33
6.77
3.38
2.36
0
0.05
0
0
0
0
0
0.03
0.15
0.9
4.67
6.41
0.03
0
0
0
0
0
0
0
0
0
0.11
0.33
0.32
0.06
0
0
0
0
0
0.07
0.68
1.19
0.99
1.16
1.6
0.11
0.08
0.17
0.09
0.09
0.13
0.15
0.14
0.02
0.01
0
0.01
0.02
0.08
0.04
1.05
1.83
1.08
0.46
1.65
1.18
1.74
1.51
0.33
0.11
0
0
0
0
0
0.01
0.02
0.04
0
0
0
0
0
0
0
0.1
1.31
1.6
0.19
0.44
0.05
0
0
0
0
0
0
0
0.02
0.23
0.46
0.2
0.06
0.38
0.6
0.57
0.06
0.02
0.03
0
0
0.03
0.01
0
0.04
0.58
3.05
4.98
6.45
5.36
2.68
2.91
3.56
6.04
5.08
8.78
5.22
3.26
2.27
4.11
4.01
3.17
2.15
1.49
1.05
1.16
2.15
4.76
3.37
3.4
1.93
1.32
0.59
0.04
0.31
0.33
0.68
1.47
3.41
7.48
6.81
2.41
1.08
0.4
0.4
0.42
0.51
0.32
0.24
0.14
0.65
0.33
0.43
0.56
1.68
2.38
1.38
0.38
0
0.06
0.38
3.18
2.89
2.88
2.03
3.28
5.09
6.37
6.91
10.88
8.26
9.08
6.65
4.47
7.75
5.9
1.53
1.2
1.73
1.64
1.2
2.51
4.36
3.97
4.55
3.58
3.55
0.73
1.47
2.56
3.05
9.06
16.09
14.19
7.19
4.25
5.74
7.7
3.64
1.45
6.38
1.51
2.1
1.59
2.29
3.43
3.6
3.93
1.56
6.2
5.36
12.68
10.67
2.65
8.64
6.06
4.52
9.33
8.92
7.74
6.44
7.68
6.07
5.91
4.17
5.06
10.22
8.77
5.45
3.77
7.42
3.46
2.24
3.08
1.97
4.38
11.79
9.82
5.84
5.55
4.97
7.01
12.81
13.6
8.25
6.16
3.25
2.73
1.66
1.41
2.85
5.57
5.51
7.77
5.02
4.42
4.87
3.98
6.4
7.05
2.58
0.17
0.06
0.08
0.07
0.07
10.74
11.53
8.74
10.39
9.2
4.79
5
8.98
5.48
5.05
6.77
7.6
6.73
3.88
4
6.24
8.98
4.38
4.31
1.96
5.2
5.81
10.4
7.69
11.01
6.14
0.55
8.89
5.31
8.07
5.79
4.29
3.65
1.63
3.17
4.22
5.6
4.38
3.78
9.53
5.07
5.21
4.41
5.51
5.53
0.39
0
0
0
0
0
0
0
0
0
0
0
0.01
0
0
5.32
11.73
5.81
3.87
0.21
0.02
0
0.01
0
0
0.12
1.73
2.55
0.41
0.91
0.29
0.02
0.17
1.83
3.19
1.74
7.26
6.02
0.85
0
0
0
0
0
0
0
0.01
0.01
0.07
1.6
3.42
3.12
3.96
1.35
0.96
0
0
0.06
0.27
1.92
1.15
0.08
0.08
1.58
2.37
2.39
1.25
3.04
0.97
0.46
2.54
1.78
3.69
5.96
0.03
0
0
0
0
0
0
0.09
0.08
0.02
0.01
0.2
0.73
0.8
0.76
0.5
2.64
1.38
1.36
0.32
1
0.1
0
1.2
1.51
2.22
4.61
1.21
0.26
0.29
1.62
0.5
0
0
0.05
0.01
0
0
0.24
1.38
0.08
0
0
0
0.06
0.56
1.78
0.07
0.14
0.01
0
0
0
0
0.01
0.01
1.26
1.98
3.46
0.81
1.11
0.47
0.77
0.09
0.35
0.95
9.14
3.33
1.11
2.62
0.65
1.5
4.78
5.47
6.78
4.14
4.63
11.8
9.68
10.77
13.39
7.72
3.47
3.16
3.28
2.31
0.48
0.31
0.12
0.09
0.02
0
0
0
0.01
0
0.2
0.43
0.15
1.16
0.83
2.33
2.16
1.58
0.87
1.63
7.05
4.5
10.94
5.02
7.01
11.62
15.95
15.62
10.18
6.46
5.59
5.97
0.83
5.1
5.12
13.82
17.58
11.57
6.82
12.31
9.96
11.21
8.45
8.14
3.71
0.85
1.47
1.68
1.49
1.04
2.5
1.77
6.43
7.38
6.27
13.17
11.45
2.25
1.1
12.32
5.73
1.19
1.78
0.45
1.55
6.07
4.55
4.74
9.16
7.28
5.67
7.13
6.39
6.69
4.5
3.31
3.14
2.67
2.67
1.88
4.58
3.73
4.06
3.68
7.23
4.56
3.94
4.17
2.78
4.32
6.9
4.3
4.95
2.89
6.18
4.52
6.98
4.83
7.77
4.32
8.81
10.98
13.3
5.33
9.25
5.78
4.11
2.9
4.37
5.56
4.64
5.08
9.04
4.77
5.03
10.57
9.93
10.59
13.05
9.11
6.64
6.48
10.93
7.87
4.86
5.13
8.76
4.74
3.11
7.29
2.07
3.81
2.25
2.35
4.29
5.44
4.86
3.35
6.12
4.81
11.92
7.26
14.17
14.82
8.7
4.5
5.05
2.81
9.65
3.34
5.2
4.52
8.55
6.24
6.6
1.39
0.99
0.54
1.58
1.81
2.98
4.12
4.01
6.04
4.22
5
4.6
5.48
4.87
9.65
10.78
5.69
5.64
15.2
17.96
4.57
4.54
4.04
3.98
2.98
9.48
8.1
5.35
7.21
5.67
2.15
1.33
1.04
1.62
0.95
0.29
0.43
0.71
0.63
0.78
14.45
9.06
11.93
8.08
8.28
0.84
0.03
0
0.03
0.21
0.05
0.31
0.76
0.4
1.68
0.48
0.01
0.02
1.07
2.88
0.88
0.21
1.29
1.62
2.13
0.24
0.64
1.11
1.02
0
0
0
0
0.16
0.06
0.08
0.01
0.13
1.1
0.94
3.19
1.52
1.1
0.73
0.5
0.01
0
0
0
0
0
0
0
0
0
0
0
0
0
0
0
0
0.05
0.03
0
0
0
0
0
0
0
0
0
0
0
0
0
0
0
0
0
0
0
0
0
0
0
0
0
0
0.01
0.21
0.2
0.11
0.24
0.18
0.33
0.43
0.59
0.13
0.08
0.18
0
0.01
0.02
1.19
0.28
0
0
0
0
0
0
0.03
0.02
6.98
0.29
0.2
0
0
0
0.05
0.16
0.02
0
0
0.75
2.83
0.34
2.28
0.51
1.38
1.48
12.63
12.86
0.95
0.33
0.47
1.62
0.9
1.46
1.35
0.37
0.28
0.26
0.1
0.01
0.09
0.29
0.02
0.35
2.36
1.91
3.18
3.67
4.37
5.55
2.52
0.69
1.77
3.2
5.24
1.35
2.98
3.15
9.36
7.2
3.51
7.58
3
10.25
26.39
2.25
8.94
16.19
9.01
0.63
0.61
1.36
0.4
0.07
0.21
3.61
5.23
6.39
7.14
1.78
1.8
1.35
5.34
2.19
2.03
4.21
3.69
2.4
1.84
2.91
3.04
3.56
3.62
1.47
5.42
6.23
7.15
0.34
4.34
11.81
11.16
17.23
1.11
9
5.15
6.86
9.51
3.11
1.96
0.19
2.46
5.32
2.84
7.75
8.97
6.05
3.46
6.81
8.96
14.2
8.33
7.1
11.17
5.02
5.32
12.38
9.18
7.96
5.87
8.82
9.03
7.9
5.33
8.69
5.44
5.49
9.55
3.54
8.17
10.09
7.13
9.31
3.83
10.87
10.36
9.27
9.71
16.24
11.53
11.61
5.89
6.3
10.18
17.56
21.02
31.89
9.11
10.21
7.34
7.89
7.77
8.42
13.24
8.95
17.32
19.22
25.39
20.71
22.09
22.72
16.95
15.17
15.67
11.89
2.89
7.69
4.09
4.69
8.12
6.17
12.21
9.89
11.92
15.12
21.27
21.53
20.76
16.17
8.53
10.03
6.85
5.1
6.05
3.5
7.64
15.2
12.97
12.78
11.28
8.39
11.13
8.44
8.1
18.62
15.21
8.37
18.1
30.28
6.42
8.6
9.31
8.03
10.37
5.63
5.06
14.86
9.63
7.67
10.64
4.54
7.7
5.51
3.37
1.04
8.73
10.38
11.22
11.92
17.08
10.11
10.85
11.64
14.63
4.78
9.55
5.28
11.62
11.11
7.97
5.59
3.65
10.23
6.33
14.9
9.23
5.61
8
6.22
8.1
7.58
10.07
12.58
8.9
8.47
5.08
8.84
5.59
10.04
12.4
7.7
10.68
2.79
6.66
6.37
7.43
2.27
4.26
11.3
2.77
1.18
1.3
0.49
1.33
4.28
10.06
10.43
6.59
12.94
10.43
4.8
4.56
2.86
0.86
0.03
0
0
0
0.01
0.84
2.06
4.08
1.09
0.25
0.57
3.15
3.74
0.69
0.03
0.09
1.06
5.21
3.94
7.09
4.28
1.48
0.41
0.35
0.56
0.6
0.61
0.03
0.25
1.83
6.31
6.25
4.93
6.89
3.36
0.69
0.07
0.06
0
0
0.14
0.17
0.01
0.02
0.03
0.1
0
0
0.01
0.08
0.25
0.49
0.25
0.07
0.28
2.57
1.45
1.04
2
0.44
0.01
0.06
0.1
0.05
0.02
0.02
0
0
0
0
0.12
1.48
6.51
12.05
6.89
2.9
0.23
0.09
0.16
0.13
0.04
0
0.17
0.08
0.72
1.46
1.38
0.32
0.13
0.2
3.84
3.07
3.62
6.1
0.83
2.79
2.29
2.03
3.75
0.49
0.06
0.1
0.07
0.11
0.38
7.36
5.68
2.17
6.36
4.48
2.33
1.83
1.45
2.69
1.39
0.08
0
0
0.01
0
0
0.04
0.04
0
0
0.02
0.53
0.67
1.01
0.76
0
0.01
0.03
0.6
0.82
15.06
1.6
7.05
5.36
6.62
12.89
4.45
4.46
4.48
13.73
13.87
4.87
0.87
1.7
4.56
1.97
0.01
1.87
4.48
6.55
6.83
3.58
2.03
7.95
16.33
5.31
6.36
3.9
2.73
1.59
9
5.53
3.18
5.82
1.24
1.63
1.88
2.72
2.82
1.28
8.38
1.32
3.35
6.32
4.37
2.15
0.82
3.37
1.42
4.93
13.43
5.58
5.19
4.36
6.57
6.54
20.63
8.75
14.33
14.2
8.52
14.08
9.6
7.12
3.65
0.85
1.48
6.88
16.33
20.55
9.14
6.08
7.47
13.22
9.68
18.94
9.12
7.58
6.17
4.31
3.46
4.47
6.01
1.74
2.93
7.05
10.8
5.19
3.4
5.59
11.98
2.73
17.5
15.67
9.94
6.17
6.93
6.83
4.61
6.43
10.21
13.01
10.16
8.52
9.45
6.83
7.44
6.51
10.83
7.09
2.19
16.04
19.81
20.22
20.14
12.57
6.94
7.24
9.15
9.16
19.23
22.67
9.62
9.09
9.94
10.84
19.74
20.59
14.84
9.06
10.71
14.46
13.47
18.2
13.79
5
4.75
10.67
5.96
6.73
4.39
4.75
7.07
5.44
6.89
9.22
8.83
7.88
15.07
11.93
12.71
10.44
17.73
10.56
11.51
9.04
11.01
9.66
11.26
13.79
13.98
9.59
13.47
18.77
11.78
12.1
7.21
6.31
9.59
9.1
13.72
11.88
8.46
7.35
7.15
12.22
8.67
9.83
17.98
6.47
6.89
3.93
5.41
5.4
5.19
12.13
16.86
20.69
9.78
13.8
11.8
4.4
7.46
8.51
6.14
3.16
12.6
10.16
8.39
8.81
5.94
6.15
0.62
0.03
0.13
0.11
0.3
0.01
0
0
0.04
2.99
9.1
5.88
3.82
7.5
7.87
9.59
5.96
0.39
0.06
0
0
0
0
0
0
0
0
0
0.02
0.49
0.47
0.03
0.46
9.18
4.32
8.52
2.76
0.02
4.46
4.71
0.32
0.01
1.16
0.09
0
0
0
0
2.17
1.87
0.29
0.49
0.06
0.1
0
0.02
0.03
0.31
0.57
0.09
0.01
0
0
0
0.03
0.02
0
0
0
0
0
0
0
0
0
0
0
0
0
0
0
0
0
0
0
0
0.02
0
0
0
0
0
0
0
0
0
0
0
0.01
0
0.39
0.97
11.65
2.84
2.48
1.21
0.68
0.61
0
0.57
0.92
0.19
0
0
0
0
0.03
0.06
0.01
0
0
0
0.01
0.92
1.19
1.59
0.14
0.07
0.01
0
0
0
0
0.01
0.01
0
0.19
0.46
0
0
0
0
0
0.01
0.1
0.04
0.01
0
0
0
0
0.01
0
0.01
0.12
0.43
0
0
0
0.08
1.8
2.29
3.37
1.17
0.09
0.05
0.02
0.02
0.01
0.08
0.37
0
0
0.25
0.62
1.4
2.58
1.63
2.42
15.39
7
7.33
3.11
5.69
4.35
4.28
10.66
18.56
8.57
2.75
4.9
7.42
6.26
1.2
0.44
0
0.22
0.43
1.8
11.09
6.15
9.04
10.74
7.55
3.24
1.1
1.72
5.54
3.16
4.02
5.25
7.14
12.37
5.97
7.96
6.47
6.05
9.12
10.87
8.98
8.96
10
11.02
5.31
1.57
1.82
3.93
2.24
3.53
2.71
5.57
5.51
5.78
3.54
9.11
13.95
6.65
6.21
8.68
11.39
10.06
7.05
9
16.16
18.36
4.48
8.35
4.88
6.23
9.24
2.34
6.39
5.76
7.27
3.55
5.5
15.29
7.86
11.18
6.96
4.91
5.79
5.69
6.58
3.56
3.89
2.2
1.23
2.45
3.45
2.65
3.62
7.26
4.73
5.41
5.02
3.58
3.79
3.14
15.33
18.39
12.24
14.16
8.85
10.55
7.93
9.87
9.23
11.32
19.31
21.98
12.08
10.63
19.57
8.35
5.4
12.81
7.54
8.43
9.2
12.71
6.14
8.32
11.23
12.43
12.07
9.08
6.17
11.83
8.85
10.25
10.08
12.36
7.19
7.05
7.67
12.88
8.48
5.91
20.31
9.26
10.05
11.51
17.67
6.09
7.83
9.77
6.33
11.58
8.02
7.18
9.33
5.28
5.11
7.15
5.48
11.27
8.53
9.56
14.41
9.11
8.45
8.94
6.74
8.81
4.85
6.92
11.61
10.51
7.57
3.18
10.54
5.67
8.2
3.77
2.88
3.45
2.34
1.94
2.83
4.15
5.76
2.14
0.54
0.65
2.11
0.31
0.54
2.81
9.17
8.71
8.49
5.69
14.96
2.94
3.19
0
0
0.01
0
0.06
0.28
1.45
2.19
2.35
2.38
3.46
6.3
2.72
25.05
14.21
8.25
21.56
22.42
12.59
2.9
8.84
13.61
6.04
11.55
15.82
1.58
0.02
0.09
0.01
0.03
0.09
0.01
0
0
0
0
0
0
0
0
0.02
0
0
0
0.03
0.71
0.42
0.03
2.26
3.51
1.77
0.18
0.05
1.15
0.77
0.69
0.03
0
0
0
0
0
0
0
0
0
0
0
0
0
0.04
0.14
0.01
0
0.02
0.19
1.35
0.04
0.38
0.22
0.01
0
0
0
0
0
0
0
0.18
0.02
0.01
0.01
0.13
0.39
1.12
0.74
1.09
2.01
1.1
4.32
2.28
4.9
1.99
5.12
3.98
3.84
2.31
2.5
0.78
0.24
0.01
0.06
0.27
0.28
0.7
1.31
0.19
0.04
0.02
0.07
0.57
1.46
1.83
2.62
3.56
4.32
0.41
0.12
0.01
0.06
0.18
0.18
0.33
0.31
0.07
1.73
6.1
6.75
0.63
0.92
0.17
0.15
0.06
0.18
0.15
1.11
1.41
2.63
3.35
0.07
1.06
2.15
2.97
11.5
2.32
4.34
2.11
1.39
1.85
1.21
2.64
1.2
1.69
4.15
11.63
6.97
5.6
2.76
3.31
5.3
3.61
1.52
4.41
11.18
7.24
8.15
7.18
5.55
8.26
16.12
3.66
4
4.63
12.48
9.68
9.62
0.47
5.92
2.17
0.48
0.63
0.11
0.77
6.9
6.8
12.31
4.68
4.1
0.28
0.03
0
0.02
0.02
0.07
0.16
1.02
1.44
3.38
3.59
5.36
1.29
3.1
3.72
2.24
1.65
3.71
5.85
0.42
11.41
10.25
20.55
10.37
11.78
6.46
1.27
0.2
0.51
2.08
7.94
8.38
12.98
22.5
6.35
1.52
0.86
2.85
0.64
1.31
6.04
5.45
4.19
7.21
6.14
11.6
6.54
6.84
9.12
4.42
5.15
6.85
5.37
10.77
4.68
5.45
4.35
3.16
7.75
7.65
4.22
5.36
5.01
5.27
3.95
6.13
4.33
12.84
6.83
5.99
5.15
5.24
7.5
15.89
12.87
5.31
3.57
4.08
6.93
10.87
9.81
12.75
14.35
6.4
14
9.24
2.8
4.41
7.21
6.16
6.49
8.92
10.88
15.82
5.75
8.46
9.85
11.05
10.15
13.55
14.42
12.87
13.19
7.07
8.54
1.34
1.05
0.75
0.61
1.03
8.73
10.24
10.86
11.34
7.17
10.44
17.57
9.99
8.89
5.26
6.3
14.68
13.12
7.03
9.03
10.34
7.18
8.05
8.58
4.95
29.08
11.85
13.93
18.79
2.47
2.77
2.49
4.43
2.5
5.28
3.8
5.7
2.48
2.28
5.42
10.45
12.99
10.47
11.42
10.69
5.81
10.13
3.91
11.51
5.96
6.7
3.67
6.47
10.59
6.56
15.75
16.57
29.71
6.47
21.46
8.25
4.85
0.93
2.87
3.46
3.19
6.02
5.3
2.5
3.12
3.45
3.42
10.01
2.1
4.78
1.36
2.42
2.38
2.37
0.46
0.01
0.35
0.57
0.15
0
0
0
0
0
0
0
0
0
0
0.01
0.45
0.51
0.68
0.18
0.06
0.24
0.49
0.01
0
0.02
0.82
1.52
2.27
3.02
2.8
0.52
0.55
0.82
0.68
0.38
0.37
2.49
1.28
7.82
4.96
4.91
4.19
2.81
0.16
0.29
0.1
0.06
0.22
1.51
0.19
0.69
0.82
0.47
1.53
1.08
5.25
2.42
2.45
1.26
0.18
0.01
0.27
0.22
0.27
0.15
0
0
0
0
0
0
0
0
0
0
0.31
0.55
0.95
3.39
1.85
2.03
0.58
0.03
0.05
0
0
0.15
0.09
0
0
0
0.01
0.18
0.17
0.41
1.4
1.81
3.31
5.04
3.61
2.19
3.55
0.87
0.79
0.97
1.47
5.1
2.65
5.82
1.54
0.4
1.47
0.35
0.96
0.84
1.24
1.84
2.22
3.67
0.32
1.69
2.07
2.31
1.54
2.58
2.15
1.22
1.67
0
0
0
0
0.02
0.02
1.2
2.17
3.6
6.44
7.29
4.67
0.68
0.87
0.68
0.04
1.22
3.35
1.81
6.75
1.17
5.43
5.02
4.77
8.13
4.67
0.02
1.33
1.46
1
0.57
5.13
6.05
2.61
2.37
3.72
6.29
6.68
12.29
5.2
5.03
4.99
1.87
2.59
2.02
5.35
3.31
2.62
2.3
3.29
2.25
1.22
4.32
10.8
9.26
6.73
9.19
11.89
14.31
23.62
28.76
18.65
6.77
4.84
5.89
9.5
13.56
10.18
13.19
10.3
9.8
3.47
6.23
14.31
2.21
9.09
7.61
17.64
10.41
15.21
9.12
7.32
9.42
8.53
8.07
13.49
15.51
15.46
15.26
13.86
10.77
11.64
8.99
2.23
14.64
6.64
4.42
8.86
8.48
15.33
8.65
5.46
23.56
18.97
18.47
33.46
20.4
4.53
5.97
4.41
8.69
4.61
17.02
23.29
14.36
11.87
14.96
1.91
0.63
2.13
2.88
3.11
8.58
7.72
6.63
5.47
12.26
16.92
8.28
10.17
15.53
4.36
4.02
17
9.62
18.86
28.27
13.93
8.16
16.28
12.11
9.2
6.88
8.57
6.6
8.42
8.43
11.29
14.5
16.11
15.39
7.97
5.36
10.45
13.72
6.5
8.48
8.48
6.26
9.62
7.38
6.66
7.23
5.89
10.92
6.06
7.59
6.32
5.96
9.35
5.56
6.55
13.52
10.6
11.43
9.93
7.21
8.45
10.82
8.96
6.82
11.2
9.18
6.02
10.65
31.49
9.79
7.25
9.55
8.83
8.93
8.04
7.87
6.79
6.62
8.89
7.68
12.27
17.04
6.89
8.7
6.21
5.8
9.03
8.35
9.97
4.1
7.95
7.33
12.02
6.78
1.74
1.95
2.75
2.22
0.06
0.02
0.16
1.57
0.61
1.32
2.23
3.86
4.89
3.15
0.17
0.06
1.88
4.16
4.7
2.49
3.86
9.84
8.03
7.54
3.57
0.37
0
0.01
1.07
0.07
0
0
0.04
0.37
1.05
1.19
2.29
5.8
7.37
3.75
3.39
0.33
0
0
0
0
5.96
12.59
7.69
3.81
3.24
4.06
0.24
0.1
0.03
0.1
0
0
0
0
0
0.38
2.16
5.45
1.37
2.6
0.24
0
0
0
0
0
0
0
0
0
0
0.06
0.21
0.47
0.38
2.55
2.74
1.37
3.78
1.83
0.63
0.37
1.36
3.81
1.74
0.01
0
0
0.01
0
0.04
0.34
0.21
0.16
0.15
0.13
0.01
0.04
0.08
0.29
2.37
0.48
0.53
1.2
0.58
0
0
0
0
0.03
2.11
9.16
4.41
2.51
0.01
0
0
0
0
0
0.07
0.03
0.01
0.04
0.04
0.17
0.2
0.11
0
0
0
0.01
0.01
0.07
0.15
0
0
0
0
0
0.01
0.04
0.03
0.48
0.21
3.16
1.54
0.8
3.47
6.94
6.84
2.41
3.91
11.16
5.8
0.5
0.62
0.61
0.49
0.15
0.06
0.01
0
0.01
0.06
0.26
0.13
0.05
0.05
0.14
0.02
0.78
3.73
3.35
5.88
10.16
4.28
9
5.16
1.76
3.91
7.26
4.62
4.9
3.96
0.96
1.46
0.77
4.34
6.53
3.41
4.62
5.45
3.74
1.88
6.72
4.45
4.04
5.47
3.46
0.84
3.33
2.61
2.35
1.67
3.75
6.11
8.02
7.08
11.85
16.54
8.01
1.94
4.13
7.12
7.52
11.87
12.86
9.19
4.57
4.33
2.79
5.71
11.18
3.88
11.39
5.21
8.38
11.4
8.51
30.37
7.08
4.06
11.15
13.7
8.16
5.8
12.76
15.09
25.46
10.73
6.64
10.56
9.53
13.17
3.44
4.94
4.26
7.2
5.49
5.65
7.45
2.01
4.32
4.72
7.5
10.64
3.8
8.62
11.01
10.43
4.27
1.35
6.08
7.81
3.42
4.36
3.72
1.34
1.98
3.82
4.34
5.08
4.09
3.95
7.55
9.51
8.55
13.76
6.68
4.36
5.65
3.36
8.24
11.93
11.66
5.72
4.55
8.47
4.9
1.65
0.86
0.74
0.71
0.78
5.99
4.45
6.83
3.33
5.96
5.94
6.17
7.71
4.68
4
7.57
7.29
7.66
3.83
4.34
2.33
1.62
1.35
1.54
1.91
6.01
4.33
8.22
3.22
6.86
10.19
7.24
5.5
10.63
6.58
6.18
8.82
4.12
8.93
7.13
8.08
8.67
7.18
5.93
6.39
4.57
3.42
4.37
5.95
5.3
4.02
4.45
6.43
4.83
2.92
2.88
3.94
7.43
3.55
5.95
1.86
0.17
1.01
1
1.18
0.89
0.95
1.41
1.67
1.03
1.5
1.78
1.93
4.21
2.36
0.8
11.31
9.7
7.51
0.1
0.02
0.03
0
0
0
0
0.06
0.12
0.02
0.14
3.74
0.55
2.35
1.01
2.8
3.91
7.76
6.84
7.82
8.42
3.09
4.02
9.03
7.46
6.37
0.59
0.11
0.07
0.21
0.15
0.47
0
0.02
0.18
0.04
0.23
0.48
0.67
0.92
1.81
0.47
0.78
1.49
1.04
1.38
0.2
0.1
0
0
0
0
0.01
0
0.01
0.37
0.1
0
0
0.02
0.31
1.5
0.66
0
0
0
0
0
0
0
0
0
0
0
0
0
0
0
0
0
0
0
0
0
0
0
0.23
0.18
0.16
0.19
0.23
0.04
0.02
0
0.01
0.02
0
0
0.14
0.43
0.15
0.01
0
0
0
0
0
0
0
0
0
0
0
0
0
0
0
0
0
0
0
0
0
0
0
0
0.3
0.01
0
0
0
0.02
0.03
0.04
0.02
0.04
0.02
1.62
2.34
1.94
4.14
1.55
0.1
0
0
0
0
0
0
0
0
0
0.03
0.09
0.04
0.23
0.11
4.28
2.26
5.45
3.27
0.48
2.16
2.76
4.73
4.87
3.65
8.75
2.16
2.04
2.44
2.43
3.15
1.22
2.07
1.56
0.64
2.73
1.59
3.64
1.74
1.01
2.53
11.46
22.25
4.84
9.08
2.72
2.24
3.68
5.32
4.64
4.88
6.57
6.62
7.74
3.97
0.85
1.46
2.92
1.59
1.47
7.39
9.79
9.86
8.49
7.56
5.25
7.82
8.58
6.04
7.5
12.54
16.96
16.08
8.5
6
1.53
4.13
1.67
1.24
2.09
4.27
3.99
0.79
1.93
1.69
3.35
3.86
4.45
5.99
2.79
3.31
3.65
2.56
2.38
2.59
4.5
6.76
4.73
4.82
4.4
8.14
4.64
8.1
6.74
7.28
6.71
5.68
3.45
8.69
7.37
2.74
4.51
2.03
3.2
2.29
6.07
9.18
7.01
4.42
4.78
4.45
8.61
4.67
7.52
3.2
8.25
13.66
11.76
8.55
14
7.41
7.57
4.7
6.95
3.45
11.51
9.93
6.08
4.79
11.95
27.25
13.83
10.01
9.98
11.93
11.91
12.1
11.56
15.99
7.81
7.88
7.63
9.5
15.43
15.84
20.78
13.13
10.43
19.47
19.23
8.45
16.63
10.01
12.5
8.69
3.57
3.17
2.38
3.78
4.81
5.63
7.59
10.86
6.97
6.06
2.17
7.05
16.92
5.32
4.28
7.99
8.57
6
7.07
4.8
2.54
3.77
3.82
3.08
3.13
21.24
22.92
14.66
7.3
19
10
11.91
8.33
8.02
10.62
8.19
5.47
3.41
7.73
8.53
9.62
10.23
12.88
7.67
2.58
1.28
2.13
5.37
4.75
5
1.6
0.99
2.84
3.21
6.05
2.52
0.05
0
0.13
0.64
0.51
2.7
0.69
2.05
1.96
4.36
0.36
0.07
0.16
1.71
4.57
6.27
4.72
6.28
7.86
1.09
2.9
1.89
1.87
1.66
3.65
3.44
0.11
0
1.94
3.14
2.09
1.35
1.27
0.25
0.6
0.18
0.09
0.25
0.17
0
0.02
0.21
0.43
0.43
1.67
5.13
0.98
0.41
0.06
0.2
1.24
2.67
2.11
2.16
0.02
0.01
0
0
0
0
0
0
0
0.01
5.7
2.58
1.18
0.14
0.59
2.29
3.18
3.41
0.12
0
0.04
0.03
0.11
0.04
0.01
0
0
0
0
0.15
7.43
6.14
6.99
2.52
2.49
1.25
1
0
0.02
0.07
0
0
0
0
0
0
0
0
0.02
0.03
0
0
0.05
0.06
0.1
0.83
0.86
1.73
2.46
0.35
0.85
1.73
0.53
0.02
0.02
0
0
0
0
0
0
0
0
0.06
1.27
1.11
0.89
0.14
0.04
0
0
0
0.01
0.14
0.06
0.28
0.05
0
0.02
1.87
2.26
1.63
2.67
3.98
5.4
15.02
7.07
2.76
2.74
6.11
9.73
2.6
6.16
8
6.69
3.34
2.79
1.67
1.98
1.59
3.31
3.73
2.3
4.5
0.35
0.08
0.17
5.58
9.21
8.27
4.36
8.09
12.89
4.02
0.44
0.49
0.34
1.48
2.78
2.57
9.31
23.9
17.47
5.76
14.98
5.75
4.63
3.26
2.41
5.85
2.51
2.98
1.47
2.17
3.25
14.42
3.4
19.28
18.85
14.67
8.74
17.66
10.28
14.18
9.44
22.64
18.2
14.47
17.89
6.67
32.43
30.75
51.17
58.84
30.13
26.44
20.01
18.71
8.64
19.03
6.08
3.22
7.78
5.64
9.19
14.24
32.96
8.44
22.59
11.18
8.37
20.21
20.56
13.79
32.56
6.94
5.52
7.27
8.69
4.36
4.93
8.97
11.77
10.73
10.47
11.82
10.27
3.88
2.8
9.46
12.19
19.3
16.24
10.38
17.63
8.87
9.57
6.59
6.97
9.17
18.07
18.54
11.11
21.76
5.64
15.16
16.53
8.24
21.74
15.55
8.69
9.38
4.32
2.93
7.56
16.86
12.68
18.86
13.65
15.53
11.36
5.4
9.89
14.04
16.16
7.17
4.31
5.52
11.45
14.22
10.69
11.23
5.46
6.9
5.34
8.94
7.98
5.73
12.91
8.06
10.02
5.8
21.57
21.82
7.54
7.44
15.96
12.81
6.27
9.4
4.25
9.14
5.36
10.08
5.44
11.18
5.49
5.38
7.12
7.07
13.78
11.4
8.07
8.69
13.3
2.91
2.58
2.54
4.7
3.9
6.82
6.14
11.1
11.14
7.26
7.97
4.15
2.25
6.15
10.37
5.72
5.84
6.6
5.91
3.4
6.68
10.22
9.3
5.26
5.56
7.87
9.08
12.06
4.08
18.73
7.99
6.72
4.62
3.78
6.81
8.94
5.76
7.85
7.07
4.85
0.49
0.2
0.17
0.49
1.31
3.74
5.24
1.13
0.07
0.01
0.09
0.05
0.01
0.19
5.85
3.94
2.76
1.84
1.68
0.34
0.28
1.75
4.81
1.45
1.14
2.17
7.76
18.97
16.72
11.48
2.91
0.38
1.97
2.57
3.24
0.15
0.23
1.15
0.36
1.32
0
0
0.01
0
0.01
0
0
0
0
0
0
0
0
0
0.01
0.1
0.06
0.15
0.02
0
0
0
0
0
0
0.01
0.04
0.23
0.03
0.13
0.01
0.02
0.15
0.08
0.11
0.2
0.37
0.02
0.03
0.01
0.13
0.41
0.85
1.45
2.09
0.52
0.55
0.34
0.18
0.08
0.22
0.08
0.11
0.14
0.32
0.01
0
0
0
0
1.58
0.07
0
0.12
0.12
0.07
0.19
0.44
0.54
0.23
0.15
0.83
0.49
0.34
1.09
0.33
0.34
0.07
0.01
0.17
0.32
0.98
2.37
1.96
1.71
0.51
0.91
1.52
1.84
1.35
3.23
0.73
0.79
0.21
0.2
0.82
0.67
6.71
6.5
6.12
1.71
3.41
1.15
4.52
7.7
1.64
17.67
8.61
5.4
6.08
1.71
0.01
0.08
0.11
0.19
0.18
0.47
0.9
2.1
0.98
1.86
7.85
5.38
9.9
9.47
23.49
25.32
11.81
17.42
23.63
16.71
3.2
2.71
9.05
15.78
5.02
14.22
10.38
13.06
5.52
3.41
2.89
3
1.06
0.93
3.75
5.73
12.69
8.45
3.75
7.56
11.07
10.72
8.11
8.35
9.52
15.54
12.85
5.14
11.75
7.18
13.13
16.37
31.81
12.35
9.65
4.83
6.9
2
3.87
14.38
20.6
13.34
17.66
18.66
19.27
33.71
9.47
17.51
14.62
11.37
7.36
4.28
5.95
8.98
13.65
9.24
7.32
7.3
8.5
5.83
3.44
3.67
2.36
6.98
2.57
9.43
12.8
3.93
5.63
14.15
12.46
10.63
4.27
6.84
10.93
23.01
12.84
9.47
11.91
10.65
9.92
3.87
8.18
9.91
5.8
7.4
7.17
12.47
6.41
13.6
6.46
14.56
14.59
10.3
8.67
4.6
5.19
7.36
7.64
10.22
7.24
8.05
5.79
10.49
6.12
6.14
6.56
4.39
7.5
9.46
8.26
5.13
8.13
17.19
7.84
13.97
8.53
8.03
7.37
7.41
4.23
5.13
4.68
7.67
8.07
6.22
7.56
8.43
8.41
9.35
14.07
12.52
10.22
16.77
19.16
13.58
5.13
8.43
4.36
7.47
6.8
6.1
7
7.08
9.71
22.05
7.72
10.68
11.29
1.76
7.55
20.13
3.88
5.3
10.78
4.52
2.75
12.07
13.41
12.83
11.44
8.53
4.22
5.78
11.53
20.32
11.66
16.64
15.75
18.71
13.86
13.57
16.18
12.77
20.68
18.4
11.25
24.51
27.76
13.55
17.17
10.58
6.14
15.4
15.32
10.17
10
12.61
4.84
12.78
12.31
5.02
1.98
0.18
7.84
4.83
7.63
6.23
0.54
0.11
0.48
0.04
0
0.09
0.07
0.05
0
0.5
0.45
0.12
0.12
0.13
0.06
0.01
0.66
0.03
0.68
0.3
0.05
0.19
0.96
3.52
6.9
6.07
1.52
0.56
1.72
0.11
0.07
1.2
6.08
5.15
5.94
4.11
2.73
1.2
0.95
1
4.25
1.38
0.11
0.06
0.17
1.02
4.64
1.38
0.92
0.32
0.4
0.78
0
0.01
1.84
2.85
3.45
2.57
0.13
0.01
0.75
2.79
5.36
6.37
0.36
1.15
3.12
0.39
0.36
0.06
0
0
0
0
0
0
0.01
0
0
0
0.82
0.02
0.04
0.04
0
0
0
0
0.23
1.03
1.01
0.28
0.01
0
0
0
0
0
0
0
0
0
0
0
0
0
0
0.37
0.01
0.04
0.48
0
0
0.01
0
0.01
1.08
1.46
3.57
0.31
0.12
0.02
0.03
0.26
0.17
0.04
0.09
0.11
0
0
0
0
0
0
0
0
0
0
0
0
0
3.57
1.09
0.04
0
0
0.22
0.75
9.03
10.01
9.79
6.05
3.7
4.79
2.44
1.09
0.18
0.68
1.34
0.15
0.5
0.23
0.01
0.11
0.18
0.28
0.54
5.93
1.48
2.45
1.14
0.06
0.14
0.57
1.76
2.98
3.1
0.23
0.04
0.52
0.2
0.05
1.32
0.53
0.98
9.75
3.52
0.63
0.16
0.01
0.02
0.1
1.03
7.31
15.34
6.63
22.05
1.83
10.53
6.68
7.93
5.61
10.94
0.79
2.44
2.5
0.13
0.94
1.61
0.51
0.92
3.06
13.58
18.52
22.15
14.28
12.22
5.05
6.8
8.17
1.28
2.23
3.42
4.88
0.1
0.09
2.98
4.08
6.03
5.87
14.88
13.81
12.2
6.59
7.16
6.29
4.14
13.06
20.67
10.3
8.68
13.11
13.29
44.29
5.15
23.71
19.09
22.21
5.33
7.7
11.55
4.72
1.61
2.35
7.33
2.57
5.49
2.47
1.63
3.17
6.48
15.8
6.24
8.85
6.83
6.73
4.23
10.08
18.59
28.25
10.37
21.62
38.62
9.3
63.29
27.37
9.94
3.77
24.19
4.77
4.29
14.03
20.65
2.56
6.78
14.8
8.76
3.71
12.03
11.99
6.06
15.59
9.79
7.07
6.15
6.78
3.52
8.91
8.45
10.58
6.78
8.43
3
13.86
3.38
4.2
13.85
10.45
12.93
0.83
1.21
4.55
10.4
9.92
2.83
1.6
1.91
3.24
14.62
6.9
6.87
15.25
3.76
0.97
0.81
1.24
9.85
8.81
6.28
0.82
4.21
8.1
4.26
2.36
2.65
8.67
7.14
7.51
1.93
2.54
3.55
12.7
13.64
5.55
4.83
0.82
1.24
2.68
6.92
42.91
5.31
3.46
0.26
0.28
2.88
1.58
0.03
0.01
0.19
0.08
0.83
2.32
1.68
0.83
0.55
0.13
1.03
0.35
0.34
0.14
0.16
1.34
2.37
2.66
6.41
2.34
5.02
0.97
2.63
4.67
2.01
6.7
0.3
0.63
1.9
2.55
3.29
4.87
0.12
0.03
0.15
0.62
1.46
0.55
0
0
0
0.18
0
0.7
9.84
0.94
0.78
0.71
0.06
2.54
4.16
0.35
0
0.28
1.39
1.9
0.07
0.28
1.71
2.48
0.47
0.61
0.78
0.57
0.11
0.07
0.15
0.11
0.15
0
0
0
0.52
1.04
1.7
1.75
0.05
0.04
0.15
0.24
0.12
0.05
1.16
0.92
0.08
0.38
0.83
2.91
0.39
0.18
1.24
2.54
2.26
2.07
6.39
1.03
0.57
0.36
0.1
0.13
0
0
0
0
0
0
0.07
0.15
0.04
0.07
0.13
0.03
0.01
0
0
0
0
1.83
0.48
0.58
0.97
1.37
0.2
0
0.01
0.03
0.45
5.38
22.11
0.44
0.01
0
0.32
0.27
4.65
4.22
2.09
0.45
0
0
0
0.07
1.89
5.99
1.16
5.02
3.86
0.78
2.07
2.05
0.09
0.34
0
0
0.08
0.21
0.11
3.75
5.43
3.03
0.17
3.92
9.48
13.77
0.69
0.51
0.21
0.61
0.44
1.21
0.57
4.97
13.88
7.29
3.53
0.82
1.15
4.46
0.27
0.76
6.27
1.99
10.45
15.77
11.39
2.65
9.26
20.78
12.92
0.61
5.65
0.36
0.31
0.17
0.85
0.52
3.42
12.89
9.04
3.82
26.15
6.52
11.81
9.95
9.63
30.09
31.99
6.25
18.87
11.48
58.73
2.78
5.24
14.36
4.42
2.16
5.24
26.2
12.96
1.64
2.54
6.26
5.36
4.29
8.73
30.04
48.58
10.5
11.46
2.9
1.54
6.31
1.66
0.41
3.35
6.04
5.51
4.06
8.06
3.48
8.04
13.13
10.47
1.93
6.04
29.16
3.52
1.95
3.16
5.87
1.62
20.14
19.04
11.44
10.25
14.2
3.29
4.69
18.71
11.69
10.42
8.11
4.39
5.08
16.86
7.06
7.02
6.71
6.47
12.85
4.14
15.39
6.7
12.24
15.37
14.46
12.96
5.27
14.34
22.13
6.82
5.41
7.77
4.19
6.16
8.3
2.35
4.31
55.27
3.82
6.57
5.75
9.67
15.04
16.69
12.96
4.22
16.94
29.43
23
7.46
24.43
21.66
29.77
18.43
5.42
4.3
4.66
5.02
4.91
14.06
48.06
26.7
7.61
7.59
14.75
15.53
9.29
8.37
5.83
29.38
17.53
3.41
10.87
9.8
9.6
14.23
3.73
1.02
2.22
3.72
5.52
14.83
12.44
4.29
11.5
28.01
7.53
2.17
4.09
12.54
10.76
8.68
7.37
2.4
0.49
5.74
12.51
9.27
23.98
27.41
3.39
3.11
10.42
5.18
3.27
5.38
0.77
1.53
1.11
0.1
0.01
0.06
1.03
18.01
9.2
11.21
8.7
2.46
0.29
0.04
0.1
0.31
1.09
5.43
15.76
4.31
0.91
0.5
1.05
2.36
0.02
0.1
0.07
0
0
0
0
0
0.01
0
0.28
0.1
0.08
0
0
0
0
0
0
0
0.5
0.4
0.54
0.2
0.01
0.29
0.69
0.09
2.17
6.67
9.68
3.61
0.05
0.19
0.35
3.24
0.13
0
0
0
0
0
0.01
0.05
0.01
0.02
0
0.12
0.25
0.02
0
0
0
0.15
2.21
0.08
0
0
0.01
0
0
0
0
0
0
0
0
0
0
0
0
0
0
0
0
0
0
0
0
0
0
0
0
0
0
0
0
0
0
0
0
0
0
0.01
0.01
0.03
0.01
0
0
0.27
2.26
0.09
0.01
0.03
0
0
0
0.12
7.57
15.61
1.52
3.89
12.35
9.89
7.23
0.54
0.01
0.07
1.86
3.2
1.95
4.68
4.02
2.74
0.04
0.53
0.42
0.2
0.05
0
0.01
0.02
0.4
0.08
0.01
0
0.05
0.01
0
0.05
3.22
5.13
4.04
1.35
3.16
5.04
4.71
1.95
3.47
0.15
0.8
4.73
17.64
1.17
0.21
1.33
0.11
0.07
0.22
2.6
0.02
0.27
0.26
0.02
0
0.02
0.36
0.19
0.85
3.53
4.29
0.14
1.52
0.95
0.78
0.47
0.27
0.03
0.94
13.9
17.84
17.5
12.16
3.11
4.16
1.94
7.97
2.41
9.31
7.52
0.9
1.81
2.93
1.16
0.91
3.62
9.44
12.95
8.89
45.77
7.77
16.59
15.39
8.85
2.07
3.7
2.45
3.76
4.32
4.61
0.28
6.72
6.77
6.72
1.63
49.32
25.32
0.18
2.2
7.57
5.15
5.57
25.16
2.53
3.45
4.53
8.11
21.26
11.4
10.26
4.26
8.23
14.54
13.57
5.4
0.77
2.85
2.82
4.52
2.93
19.35
2.56
15.48
7.25
11.39
8.59
7.06
8.28
5.61
3.38
10.31
11.62
9.64
19.82
10.86
8.27
3.86
21.33
1.93
2.37
9.41
13.74
24.86
10.06
42.51
5.24
7.16
11.01
11.99
13.43
18.67
14.79
25.47
2.43
13.17
29.72
3.53
3.36
8.83
9.46
2.04
7.31
12.72
11.98
5.86
4.51
16.64
8.43
8.62
6.35
4.43
7.42
6.17
1.42
4.09
30.19
4.5
6
7.16
16.56
7
26.45
6.16
13.49
12.55
14.84
14.01
8.6
17.24
9.84
11.66
13.19
4.41
4.58
11.89
2.89
9.59
16.62
16.32
2.51
1.02
6.62
9.92
10.36
5.77
10.56
13.79
14.11
8.26
4.57
4.31
5.92
10.33
1.88
1.72
6.29
15.08
33.98
6.29
2.19
0.05
0
0.01
0.5
2.15
2.26
0.96
3.29
11.99
2.19
0
0
0.18
0.88
18.29
0.97
0.2
0.31
0.02
0.03
0.1
0.08
0
0.05
0.4
8.44
4.45
3.31
2.98
2.79
0.13
1.33
1.17
0.83
0.5
0.24
0.03
0
0.01
0.01
0.84
0.01
0
0
0
0
0.38
0
0
0.54
0.36
0.09
0.71
2.41
0.01
0.2
4.71
1.27
0
0
0
0
0
0
0.02
0
0.03
0
0
0
0
0
0
0
0.01
0.07
0.19
0.51
0.79
0
0
0
0
0
0
0
0
0
0
0
0
0.03
1.68
0.23
0.03
0.01
0.01
0
0.01
0.01
0.38
0.17
0
0
0
0
0
0
0.63
0.55
0.01
0
0
0
0.01
0
0
0
0
0
4.58
1.87
0
3.29
13.88
0.58
0
0
0
0
0
0.01
0.15
0.32
0
0.04
0
0.32
3.75
12.55
9.69
13.83
6.49
1.42
3.35
4.46
2.16
4.93
0.78
0.28
0.08
2.55
1.42
0.37
0.41
2.77
1.37
0.16
0.42
0.21
1.62
1.79
7.45
1.62
3.18
0.33
0.13
0.87
0.2
0.06
0.37
2.25
1.59
0.05
0.11
0
0
5.34
0.94
1.47
5.75
1.94
7.06
7.84
10.41
4.48
6.25
3.8
3.54
6.69
1.98
1.49
3.51
3.77
0.5
0.49
0.4
5.8
11.63
5.15
10.97
2.68
2.29
2.56
8
7.13
8
0.12
2.54
3.29
3.69
1.57
2.7
2.46
1.44
1.66
3.8
17.74
0.84
0.14
0.02
0.04
0.04
0.45
0.19
7.16
25.16
4.43
19.93
9.29
9.69
9.89
2.15
18.1
28.38
8.87
18.61
9.01
10.79
21.38
13.44
16.7
20.21
5.76
5.86
17.48
6.55
16.29
17.35
9.12
1.96
3.8
10.73
3.59
11.64
23.68
29.49
2.54
8.76
11.73
3.4
1.49
0.93
17.37
18.58
3.3
6.87
14.47
7.05
9.03
10.15
1.58
2.65
5.66
15.21
9.4
4.36
7.88
3.95
5.36
15.49
15.91
15.86
3.88
4.87
8.76
12.87
8.78
14.68
3.47
8.89
27.55
3.82
1.02
7.37
5.37
2.36
5.77
3.37
1.05
1.58
2.43
6.38
7.22
7.08
9.77
3.25
2.18
2.3
0.09
3.32
1.48
1.1
0.52
1.3
5.91
4.78
18.3
14.37
25.3
28.11
10.09
12.61
21.65
18.51
4.25
4.47
12.12
2.01
15.27
10.8
2.8
6.11
4.06
2.29
5.61
5.05
3.75
1.22
2.48
1.95
1.63
3.16
4.9
5.81
17.48
17.02
10.53
0.28
1.18
1.12
0.27
0.32
2.06
4.29
0.13
0.1
0.56
0.97
3.39
0.07
0.01
4.94
3.18
3.41
2.24
3.8
0.14
0
0.09
0.02
0.02
0.59
0.24
0.13
0.01
0.2
2.21
7.82
5.02
3.54
10.71
4.38
0.12
0.29
1.87
7.41
2.99
1.15
0.14
0.02
0
0
0.09
0
0
0
0.03
1.84
4.95
2.01
5.77
7.09
3.04
2.01
0.6
0.04
0.05
9.57
4.35
2.35
1
0
0
0
0
0
0
0.17
5.38
2.03
0.02
0.94
0.13
0
0.03
0.22
0.36
0
0
0.08
0.21
0.81
0.23
0.04
0.02
0
0
0
0
0
0.06
0.05
0
0
0.21
0.84
0.04
0
0
0.11
0.98
0.09
0.17
0
0
0
0
0
0
0
0
0
0
0
0
0
0
0
0
0
0
0
0.01
0
0
0
0
0
0
0
0.01
0
0
0
0
0
0
0
0
0
0.01
0.09
0.23
0.72
0.03
0.46
0.23
0.01
0.44
5.03
0.46
0.83
0.05
0.44
0.84
3.31
2.62
0.1
0.46
1.65
0.01
0
0.05
0.22
0.14
2.69
4.34
16.34
7.25
16.03
9.16
0.12
0.02
0.02
0.02
0.12
0.12
0.11
0.06
0.08
0.28
0.18
0.04
0.28
0.16
0
0
0.18
1.24
3.63
2.12
0.72
2.53
1.14
4.32
8.88
24.96
11.45
13.51
6.16
1.43
1.99
7.98
5.42
2.45
2.06
19.76
9.65
12.2
24.66
6.99
12.96
5.72
6.84
5.46
9.81
7.96
2.07
1.35
0.02
0.92
2.37
3.64
1.91
0.49
0.03
0
0.28
0.65
0.01
0.05
0.02
2.01
0.76
0.05
0.22
0.52
0.44
0.68
0.21
10.68
6.47
3.27
8.07
2.72
7.63
11.44
23.2
3.54
0.91
3.83
3.62
3.68
5.23
13.96
10.22
13.98
8.37
0.53
1.97
3.13
19.37
34.55
36.29
11.09
9.52
3.84
6.98
18.68
2.25
11.27
8.54
11.8
6.08
11.89
1.61
12.01
9.31
11.18
5.68
1.91
4.07
10.13
11.73
9.16
5.18
11.42
4.65
3.07
3.6
3.79
3.89
4.51
4.11
7.63
4.33
6.94
14.54
2.63
1.17
3.85
4.02
1.46
4.39
10.53
12.32
3.9
7.35
19.16
24.25
19.8
4.71
13.92
5.82
13.12
4.29
1.96
2.82
5.47
4.81
1.65
3.56
8.48
2.96
22.42
10.77
5.07
16.31
28.64
11.8
7.21
19.61
9.67
18.07
3.62
6.99
20.25
18.94
27.03
6.96
4.11
4.06
12.46
19.9
4.89
4.49
7.39
16.19
11.44
2.18
3.51
30.38
18.92
14.18
16.92
4.16
1.94
6.69
10.2
3.06
5.35
5.32
13.77
6.37
8.6
5.48
5.89
15.1
14.72
7.38
21.68
16.87
5.38
4.31
13.16
10.9
13.19
14.34
9.71
14.37
18.46
6.77
3.23
0.19
0.88
1.91
1.69
3.59
4.12
7.15
2.36
0.09
0.11
0.07
0.26
2.02
0.52
0.22
0.05
0.15
0
0
0.01
0.01
0.95
0.05
0
0
0
0
0.11
0.68
0.85
1.31
3.73
2.79
3.19
0.46
0.05
0.11
0.91
0.45
0.03
0.01
0.1
1.64
5.88
31.72
4.15
11.38
8.78
3.04
8.52
1.19
0.07
0.04
0.06
0.06
0.04
0.03
0.06
0.04
0.04
0.06
0.01
0.37
1.27
1.01
3.99
0.77
0.27
1.93
0.48
0
0.03
0.08
0.01
0.15
0.08
0.04
0.2
0.12
0.42
0.05
0
0
0
0
0
0.04
0.43
0.53
0.57
0.34
0.13
0.28
0.64
0.02
0.04
0.01
0.07
0.25
0.02
0
0
0
0
0
0
0
0.01
0.16
0.18
0.1
0.16
0.77
0.17
0.28
0.16
1.26
0.78
0.96
0.7
0.75
5.39
1.21
0.05
0
0
0
0.04
1.36
0.89
0.17
0.05
0.13
0.67
1.5
0.35
0.1
0.72
0.19
0
0.12
0.35
0.6
0.11
1.17
0.94
0.38
0.17
0.31
0.61
0.57
0.28
0.53
0.28
0.17
0.45
6.59
2.53
3.92
2.12
1.94
17.49
24.26
1.54
1.33
4.2
19.02
12.79
0.91
0.51
0.04
0.01
0.01
0.01
0.09
0.07
0.17
1.11
0.25
0.56
1.34
0.51
0.19
0.12
0.39
1.66
3.86
0.83
15.97
12
20.63
5.06
2.01
10.37
20.59
8.28
4.14
0.99
0.93
4.67
4.7
8.91
29.02
28.7
19.58
12.2
12.84
5.18
4.14
5.4
9.64
6.5
0.64
6.66
24
3.55
11.69
2.94
0.36
0
0.05
0.14
0.53
4.24
5.62
7.07
26.08
14.88
22.97
3.13
5.32
2.56
3.83
3.5
47.94
11.33
15.78
3.48
12.77
22.91
17.81
10.25
19.4
10.46
15.62
5.22
1.18
2.8
5.34
27.62
13.87
33.03
8.58
4.66
4.27
7.03
7.93
12.15
13.03
38.46
12.4
8.3
22.11
6.26
7.62
26.62
8.59
13.35
21.83
22.31
4.85
14.21
9.21
7.27
6.18
11.86
8.75
1.99
5.16
10.78
2.95
14.71
24.25
31.6
13.82
20.19
14.75
5.46
8.14
22.32
21.64
21.24
31.55
16.91
18.66
5.18
5.04
12.52
13.91
11.2
8.79
29.16
15.04
3.88
3.62
11.87
13.95
6.16
4.3
8.6
13.03
4.1
14.58
9.7
6.99
11.55
35.88
8.51
4.09
5.36
7.8
23.13
29.77
26.97
2.76
6.25
30.75
11.4
15.69
16.24
7.14
7.08
6.77
20.88
16.72
12.27
18.84
21.97
14.9
11.23
6.88
4.04
9.51
10.17
6.32
9.79
7.15
3.6
22.81
15.47
6.12
19.94
15.71
2.84
3.61
9.39
4.16
0.9
4.08
4.8
6.55
4.24
6.31
8.58
0.05
0.01
0.01
0.04
0.02
3.81
0.84
0.76
2.17
13.85
20.36
5.31
11.98
10.56
0.93
0.06
0.06
0.01
0
0.06
0.08
0
0
0
0
0.01
1.92
6.3
0.05
0
0
0
0.03
0.22
3.88
0.97
0
0.03
0
0
0
0
0
0
0
0
0
0
0
0
0.01
0.16
0.62
2.27
8.86
4.56
0.09
0.3
0.36
0.16
0.2
1.19
0.3
0.01
0
0
0
0
0
0
0
0
0
0
0
0
0.19
0.79
0.11
0.03
0.03
0.03
0
0.18
0
0.02
0.11
4.89
8.61
4.91
7.32
0.18
0.01
0
0
0.1
1.48
0.44
9
7.92
2.21
0.31
0.2
0.77
1.25
0.09
0
1.19
0.89
0
0.01
0.02
0
0
0
0
0
0
0
0
0
0
0
0.31
1.03
5.13
2.12
6.95
0.42
0.04
0.02
0.03
0
0
0
0.25
0.97
2.73
4.88
3.02
2.4
2.63
0.03
0
0.01
0.68
1.59
3.07
2.72
0.01
0
0.22
0.37
0
0.14
0.26
0.11
0.09
0.08
0.01
0
0.07
0.02
0.32
0.98
0.09
0
0
0
0
0
0
0
0
0.44
0.44
3.3
3.39
0.8
0.24
0.02
0.07
3.09
1.39
0
0
0.01
0.03
6.69
17.65
9.76
1.37
2.25
1.2
0.04
0.16
0
0
1.67
4.21
1.92
2.03
16.64
12.2
8.1
3.28
12.98
3.05
3.59
10.97
1.79
7.67
2.79
8.81
29.82
34.75
14.03
9.03
2.59
2.69
7.69
4.65
3.77
19.28
6.91
2.04
1.04
9.5
13.71
4.17
12.11
19.14
19.82
3.71
2.42
1.96
0.02
0
0.05
0.15
1.45
13.07
7.17
2.24
3.57
2.64
1.39
4.83
3.25
4.22
3.59
12.04
31.54
8.78
3.34
1.38
1.91
1.06
4.43
9.47
5.09
4.1
4.66
17.25
2.44
4.29
2.99
9.26
14.94
3.17
24.85
4.31
4.99
6.29
15.19
46.32
29.66
11.52
10.36
8.17
11.96
34.97
22.46
13.18
7.84
10.48
3.14
4.03
10.77
7.95
8.94
2.7
7.23
14.44
8.63
6.07
13.87
19.07
15.1
9.43
6.77
10.61
18.75
9.58
21.44
17.24
10.19
24.45
20.67
4.74
8.52
14.1
31.94
1.27
0.12
0.85
0.31
0.73
13.02
5.39
3.7
17.81
3.47
3.09
3.44
2.8
3.15
3.36
24.42
22.59
4.14
4.51
2.22
11.57
9.93
6.96
11.05
6.87
7.77
19.85
1.8
7.01
7.26
1.09
6.79
11.51
3.72
2.51
4.15
11.1
5.31
8.13
4.04
2.35
5.93
3.29
2.78
1.34
1.23
7.52
6.91
4.4
8.13
3.49
12.55
21.39
6.9
21.79
9.41
10.14
3.86
4.84
4.2
1.56
2.59
0.23
0.05
0
0.03
0.03
0.01
0
0.04
0.55
0.06
0.01
0.06
1.04
0.08
0.02
0
0.1
0.83
3.32
0
0
0.03
0.1
0.23
0.32
0.16
0.46
1.37
3.15
0.87
0.22
0.04
0.02
0.69
0.29
0
0.01
0.2
0.12
0
0
0
0
38.02
13.46
0.44
0.08
0
0.05
0
0
0
0
0
0
0
0
2.57
0.05
0.05
0.09
0.8
0.07
0.14
0.09
3.73
4.65
0.61
2.04
0.9
0.07
0.2
0.05
0.19
3.72
1.56
1.94
8.74
0.32
0.98
1.91
3.23
2.5
1.75
0.12
0.05
0.18
0.08
0.18
0.15
0.34
0.63
3.4
1.8
8.92
7.69
1.07
0.05
0.03
0
0
0
0
0
0
0
0
0
0
0
0
0
0
0.01
0.02
0.57
1.26
0.71
0.76
1.3
0.49
0.1
0
0.06
0.02
0.02
2.44
2.44
0.02
1.09
0.25
0.01
1.08
11.86
4.5
0.67
0.18
0.25
0.03
0
0.02
0.01
0.03
0.27
0.04
1.29
0.21
0.02
0.04
0.25
0.01
0.06
0.07
0.18
0.42
1.54
1.22
3.85
2.94
4.14
2.47
0.34
0.21
0.02
0.02
0
0
0
0
0.38
2.12
0.92
0.05
0.03
0.2
0.02
2.17
3.76
13.19
9.5
1.47
3.36
20.34
59.86
9.12
11.32
2.73
1.98
1.63
2.53
4.6
6.34
61.28
6.75
4
3.87
3.35
2.15
2.64
0.9
0.36
0.81
0.05
0.23
0.85
1.17
2.75
0.76
0.85
0
0
0.02
0.12
0.3
1.17
4.11
0.65
0.3
4.67
2.65
4.94
6.29
2.83
4.48
22.67
23.29
8.24
4.08
1.52
1.84
1.69
4.41
2.95
16.3
21.4
13.71
8.41
5.21
5.9
8.55
1.9
2.07
4.82
5.88
2.93
5.88
7.79
8.83
9.18
17.96
10.15
4.57
3.61
1.49
2.66
6.23
9.68
4.97
13.24
7.93
7
28.7
13.76
3.25
4.68
74.48
12.71
20.03
6.94
1.75
1.82
2.26
2.13
24.91
11.35
9.41
8.53
7.67
15.29
11.82
7.42
10.86
10.11
4.72
7.91
9.93
20.89
38.71
14.68
16.65
23.31
4.4
5.85
11.39
4.54
3.34
3.91
12.61
27.38
11.51
6.88
9.49
25.27
12.31
1.37
14.45
8.53
5.15
5.37
3.84
13.71
3.23
7.06
6
4.73
7.67
2.9
2.02
2.73
3.25
5.23
2.15
4.52
5.74
11.61
12.44
15.77
18.41
1.52
2.95
7.67
4.97
3.3
3.03
12.53
9.92
4.7
4.91
3.55
2.31
2.87
9.32
7.77
3.18
3.06
4.04
4.17
1.81
5.88
3.18
4.89
2.76
12.06
15.69
10.73
5.71
1.63
2.44
2.6
2.41
1.17
2.47
1.32
4.97
0.52
0.16
0.05
0.86
0.67
0.64
0.44
0.61
1.01
0.41
0.27
0.75
15.56
0.12
0
0
0
0
0
0
0
0.24
0.36
0.02
0
0
0.19
1.49
3.75
2.4
0.18
0.02
0
0
0
0
0.01
0
0
0.44
0.18
0.11
0.22
0.81
0.56
0
0
0
0
0
0.19
0.07
0
0
0
0
0
0
0
0
0.13
0.1
0.77
1.59
0.34
0.08
0.01
0.01
0.04
0.61
2.42
1.47
1.04
1.51
2.72
4.42
2.7
0.01
0
3.63
1.09
0.06
0
0
0
0
0
0.02
0.08
0.07
0
0
0
0
0.02
0
0
0
0
0
0.02
0
0
0
0
0.02
0
0.01
0.11
0
0
0
0
0
0
0
0
0
0
0
0
0
0
0
0
0
0
0
0
0
0
0
0.01
1.76
4.62
3.68
5.88
2.01
4.64
