19930101
0.6
0
0
0
0
0.01
0.36
1.54
1.56
0.15
0.07
1.07
2.83
3.96
4.64
4.3
7.84
6.03
14.21
6.42
0.94
0.37
0.67
2.06
10.13
2.18
0.39
0.02
0.65
0.84
5.71
7.84
1.1
0.42
1.03
0.65
1.31
4.38
3.56
1.31
2.19
9.15
0.76
3.2
1.31
0.03
0.14
0.14
0.06
0
0
0
0
0.01
0.14
5.74
8.01
7.37
1.56
0.3
0
0
0
0
0.08
7.01
11.76
0.21
0.1
1.31
0.34
0.43
0.01
0
0
0
0.8
1.9
0.04
0.05
19.13
15.14
0.12
1.33
4.57
6.92
2.22
1.51
1.18
1.9
0.47
0.72
3.81
7.17
3.07
4.29
5.75
3.23
0.56
1.84
1.35
12.21
12.87
3
4.92
14.4
7.48
4.21
8.73
17.92
12.01
12.15
16.97
17.8
16.47
18.41
20.05
7.9
18.36
19.06
6.44
8.52
5.56
2.78
6.56
11.06
6.39
9.5
18.94
16.76
24.03
20.67
27.73
17.41
6.17
6.89
10.61
16.78
13.12
15.09
8.05
15.41
11.07
4.76
8.34
9.18
12.12
10.24
2.07
5.97
21.77
16.63
16.57
15.5
11.84
9.07
19.37
15.25
10.26
12.05
9.53
13.44
13.67
9.94
5.2
14.33
9.53
15.69
9.96
9.58
12.94
19.29
18.45
17.06
21.2
20.39
3.27
6.96
8.22
13.44
6.69
5.97
27
8.09
2.03
10.77
5.26
6.34
1.69
6.17
7.37
7.93
8.64
10.23
5.87
11.34
9.98
13.38
18.18
14.47
4.98
9
6.52
9.55
7.19
6.96
19.7
29.61
18.4
5.91
1.81
7.62
4.46
2.97
7.73
5.18
9.18
15.6
22.24
9.14
5.31
3.84
12.06
13.19
22.15
14.43
2.86
3.8
2.92
6.41
20.24
22.5
12.88
10.8
9.35
5.95
14.06
12.61
1.16
6.19
11.87
10.41
20.5
9.17
4.13
5.04
9.07
11.34
9.68
5.01
3.98
2.26
3.19
2.83
8.06
10.61
11.7
6.66
8.41
10.45
2.62
4.02
1.29
1.73
1.44
7.55
3.01
0.95
3.55
3.78
10.88
3.47
8.37
10.41
15.77
20.92
17.29
6.22
6.27
7.87
5.48
6.07
0.52
0.73
3.92
11.1
2.17
6.11
1.1
1.12
1.42
2.52
7.45
6.16
1.27
7.82
14.57
11.39
13.76
15.18
24.49
6.53
2.8
0.55
0.03
2.02
1.63
0.49
0.85
2.97
5.38
3.5
1.79
0.01
0
0
0
0
0
1.1
0.37
0.18
0.13
0.07
0.72
3.42
1.13
0.08
0.01
0.03
0.01
0
0
0
0
0
0.09
0.04
0.07
0.12
1.27
0.29
0.01
0
0
0
0
0
0.01
0.02
0
0
0
0
0
0.01
0.46
2.85
1.09
0.01
0
0
0
0
0
0
0
0
0
0
0.01
0.02
0.03
0
0
0.02
0.16
0.08
0
0.02
0.02
0.03
0
0
0
0
0
0
0
0
0.03
0.01
0.07
0.01
0
0
0
0
0
0
0
0
0
0
0.05
0.26
0.65
0.97
0.08
0.19
2.3
1.37
3.45
4.05
0.65
0.94
0.95
0.55
0.35
2.33
0.87
0
0.02
0.88
0.51
0.46
2.78
10.57
11.38
7.5
2.68
0.62
1.48
2.62
1.25
6.71
2.34
5.94
2.29
2.32
2.27
2.83
1.44
0.64
4.06
2.61
6.47
5.28
5.74
3.52
17.32
17.46
4.39
1.32
3.57
3.13
1.37
3.03
6.46
4.84
3.86
0.4
6.89
14.83
11.72
1.22
2.77
4.59
4.23
5.05
13.15
11
17.64
24.18
9.69
8.14
5.38
3.04
7.89
6.32
22.9
13.36
11.72
13.08
7.92
20.16
14.03
3.1
3.41
13.24
5.79
11.9
1.05
7.48
10.96
18.84
33.54
19.89
9.7
12.89
15.62
14.73
16.08
9.86
3.72
5.55
5.36
4.84
5.7
1.97
1.6
2.84
5.19
5.24
5.26
5.84
6.65
4.53
4.71
4.09
5.48
10.51
5.17
9.69
13.76
4.65
12.76
6.61
7.59
6.19
12.02
24.65
21.57
14.68
10.62
9.92
13.5
10.6
6.33
9
6.72
6.59
5.27
9.26
5.08
2.98
8.22
6.33
6.52
8.1
15.3
20.02
11.72
12.83
8.42
9.33
8.63
13.75
13.58
22.61
20.25
11.58
8.63
4.51
10.13
6.89
5.06
4.64
3.98
1.72
5.72
10.09
6.91
8.4
6.66
22.59
10.18
7.9
14.33
15.61
6.13
2.55
7.8
11.26
16.5
12.17
9.4
6.52
8.88
13.84
12.04
15.27
6.72
9.43
10.75
13.37
12.75
15.26
11.71
8.7
2.71
3.01
5.52
2.26
2.01
4.6
9.34
9.25
9.69
20.84
7.85
9.38
10.79
10.71
13.53
18.14
13.82
16.8
9.81
8.97
4.69
3.28
6.45
2.77
5.74
6.52
5.9
3.16
8.28
10.08
3.61
1.06
9.74
13.2
11.33
7.11
3.9
2.67
1.07
1.07
1.5
5.13
3.14
4.2
5.49
4.61
5.43
6.9
7.64
6.49
4.05
1.17
2.14
7.99
6.79
4.47
0.93
0.16
0.14
0.2
0.21
0.1
0
0.04
0.88
2.07
3.48
1.24
3.4
2.42
2.01
2.93
0.54
0.35
0.28
1.02
0.58
5.51
5.42
2.94
1.85
0.64
1.54
2.17
0.5
0.07
0.05
0.11
0.44
16.79
4.84
0.42
0.63
0
0.01
0
0
0.03
0
0.06
0.01
0.18
2.49
1.62
0.05
0.25
0.11
0
0.02
0
0
0.01
0.11
0.12
0
0
0
0
0
0
0
0.13
0.13
0
0
0
0
0
0
0.06
0.01
0.01
0.03
0.01
0
0
0
0
0
0
1.04
0
0
0
0
0
0
0
0
0
0
0
0
0
1.39
0.99
0.61
0.06
0.03
0
0
0
0
0
0
0.45
0.83
0.84
3.61
8.95
3.92
1.85
8.82
4.39
2.72
9.38
14.19
3.83
9.23
0.14
0.25
0.42
1.89
1.17
0.12
0.02
0
0.39
1.64
11.9
1.56
0.9
1.22
1.43
2.51
6.31
10.52
7.07
7.9
4.85
11.32
8.04
6.26
0.16
1.31
2.67
2.92
1.34
0.18
0.82
10.11
12.34
2.3
0.5
3.55
1.73
0.65
3.49
9.9
0.84
0.13
1.12
1.42
6.16
11.31
18.8
13.56
5.3
4.29
3.08
1.76
1.66
1.56
5.28
13.63
16.16
17.53
13.55
18.81
15.88
5.75
8.97
19.19
20.34
25.21
20.31
13.69
9.76
13.84
11.97
2.18
2
4.55
9.49
14.31
17.11
1.46
0.63
0.02
3.88
7.61
23.69
16.22
7.13
13.71
8.87
5.19
9.33
5.21
5.62
9.58
3.05
0.13
2.33
7.4
5.35
11.38
15.69
15.92
11.79
5.76
16.04
12.81
36.84
11.16
0.24
0.33
0.46
0.65
0.44
10.57
26.1
8.75
6.59
8.1
3.86
8.48
5
12.6
7.96
11.78
8.07
11.85
9.67
12.98
14.67
13.6
14.97
10.79
10.12
10.56
20.68
6.07
6.91
8.93
4.66
6.28
3.58
6.35
8.56
8.24
7.58
7.57
17.81
11.61
5.44
7.07
7.64
2.62
2.7
5.35
1.25
7.52
9.1
8.76
6.01
7.26
8.62
5.29
9.02
4.97
10.45
5.92
7.61
3.86
14.7
20.52
7.91
12.85
16.05
4.59
19
21.46
13.2
11.65
7.07
3.83
2.02
5.63
12.63
2.3
3
5.07
6.56
5.68
8.27
2.55
4.86
4.27
6.37
9.47
4.58
7.65
9.66
6.11
7.48
7.5
10.57
18.73
18.92
6.54
8.1
6.37
3.75
3.34
10.3
9.46
11.93
9.63
2.75
7.07
11.01
4.35
5.4
5.89
21.05
24.82
16.95
10.59
6.53
2.46
1.51
4.27
7.47
5.47
3.64
5.03
8.64
3.29
5.15
7.1
8.01
11.72
7.85
8.78
4.7
3.18
1.97
2.59
1.48
4.04
4.8
6.35
5.84
6.6
7.87
4.55
2.02
0.03
0.01
0.06
0.34
0.33
0.88
1.42
6.24
2.25
0.18
0.54
3.48
9.39
5.1
0.12
0.13
0.14
0.06
0.07
0.82
1.8
0.96
0.04
0.01
0.02
0.43
0.9
0.87
0.98
0.19
0.05
0.03
0.15
0.02
0.08
0.08
0
0.01
0
0.05
0.24
0.43
0.13
0
0.09
1.6
1.15
2.81
0.87
3.32
0.15
0.07
36.14
61.66
6.12
0
0
0
0
0.05
0.06
0.06
0.24
0.55
0.05
0.27
2.74
2.1
0.16
1.65
8.75
3.97
1.98
0.51
0.41
0.31
0.53
1.53
3.43
0.38
0.2
0.06
1.82
6.73
6.1
0.19
0.04
0.88
3.47
8.39
3.84
0.28
0.43
0.82
0.42
0.42
0.04
0.01
0.01
0.16
0.32
0.19
1.97
2.28
0.65
0
0
0.04
0.01
0.01
0
0.01
0.06
1.46
1.36
3.82
2.78
0.03
0
0.08
0.49
0.88
1.65
3.81
3.01
0.34
3.06
4.35
4.32
3.98
1.65
3.07
9.84
26.15
0.76
1.49
0.19
3.99
3.63
5.21
3.86
2.07
9.55
7.98
12.29
19.77
28.2
22.61
11.98
15.35
0.72
8.07
11.09
32.56
32.3
13.41
6.64
11.13
5.79
8.62
4.06
1.31
1.65
11.77
18.31
2.84
2.28
1.34
0.12
0.22
10.06
8.1
14.16
11.38
20.29
18.72
16.22
21.47
4.03
6.59
2.53
4.6
6.87
9.21
19.43
28.96
15.14
4.14
2.4
1.45
0.32
0.35
3.02
4.86
18.48
17.58
18.25
21.36
6.45
13.79
8.17
5.66
6.58
12.9
19.2
17.28
32.25
11.56
6.73
13.33
13.35
9.32
15.44
12.04
13.79
10.57
18.94
18.63
4.53
11.15
2.85
5.21
8.57
12.48
8.07
8.36
10.21
11.71
14.74
14.59
8.47
12.59
20.38
17.54
17.23
25.23
34.27
12.35
17.59
5.05
12.08
9.7
10.95
10.94
13.33
10.25
13.14
9.34
10.1
11.84
13.35
9.21
12.73
14.43
7.55
5.97
11.51
17.03
23.14
11.62
12.38
14.13
20.83
13.31
12.35
19.53
20.6
16.25
9.83
7.62
11.02
12.26
2.31
5.17
4.52
8.1
9.92
17.11
5.51
27.5
23.21
25.86
14.48
6.55
3.79
8.67
20.18
4.29
2.69
7.72
7.84
2.83
7.19
12.14
13.31
10.94
12.06
13.13
13.2
11.11
14.63
13.07
14.5
12.64
19.67
23.03
18.24
14.32
11.59
18.03
17.01
20.7
16.07
21.73
14.67
9.87
11.54
24
13.21
7.65
13.85
11.8
19.45
4.99
7.81
15.07
5.65
10.67
16.71
13.59
14.59
9.15
8.29
2.24
6.83
16.64
3.33
9.52
12.71
11.91
18.7
18.75
1.76
0.14
2.94
10.81
9.71
8.85
9.89
14.61
16.14
15.75
9.01
2.3
1.46
1.57
0.62
1.84
2.04
2.44
0.95
0.45
1.65
4.38
4.1
3.06
2.8
0.89
6.22
2.81
3.61
0.63
0.18
0.01
0.01
2.53
3.05
0.45
1.26
0.42
0.02
0
0.15
0.06
0.04
0.18
1.13
0.31
3.19
3.05
1.13
0.24
0.42
13.91
15.03
12.61
2.97
0.77
0.03
0.11
0.06
0.05
0.09
0
0.01
0.02
0.06
0.19
2.18
0.21
0.25
0.02
1.17
0.43
0.78
0.04
0.05
0
0
0
0
0
0
0
0.05
0.4
0.28
0.92
0.62
0.06
0.03
0
0
0
0
0.01
0.3
0.09
0.56
0.66
0
0
0.01
0
0
0
0.89
0.46
0.59
10.18
1.52
1.46
0.33
1.48
6.59
1.25
0.56
0.52
0.3
1.43
0.68
0.65
3.39
4.48
0.07
0
0
0.01
0
0
0
0
0
0
0.02
0.04
0.01
0.01
0.01
0
0
0
0
0
0
0
0.01
0.01
0.03
0.18
0.31
1.12
0.05
0.26
0.54
0.01
0
1.01
0.1
2.69
7.71
0.8
0.01
0.44
0.03
0
0
3.68
6.98
4.91
3.65
0.86
0.03
0.11
0.16
2.65
7.83
9.83
6.46
3.3
4.73
8.9
11.05
6.85
17.16
10.53
14.36
16.51
16.2
27.11
14.52
15.63
12.64
12.31
8.36
1.25
0.42
0.63
0.32
0.18
0.83
17.63
24.13
14.22
9.48
9.91
3.29
14.64
16.5
15.48
21.99
19.43
13.72
5.89
0.29
2.95
7.63
3.11
1.78
2.07
0.05
0.51
5.91
9.71
12.72
6.36
9.4
9.37
10.81
4.38
23.06
16.27
14.74
7.88
6.2
8.33
14.37
16.85
8.9
4.48
12.43
14.96
10.73
22.98
13.66
9
12.78
6.34
16.81
18.89
4.19
3.99
6.49
15.28
10.08
4.73
23.86
33.55
7.21
9.05
13.24
6.92
12.03
9.39
5.45
4.35
6.16
7.92
10.22
9.1
6.94
6.85
14.94
16.09
11.87
6.44
8.76
5.87
14.33
5.71
7.8
8.38
5.17
4.08
5.84
4.66
5.73
3.19
1.96
2.9
1.32
0.56
2.79
5.89
5.44
8.59
6.13
5.25
13
8
14.12
10.29
10.82
8.67
9.22
10.25
5.53
12.89
9.41
14.48
14.83
6.27
19.2
11.64
4.98
8.15
7.77
2.87
4.7
3.07
5.68
6.62
1.99
5.49
13.01
4.14
9.75
3.64
8.8
14.39
1
5.65
10.34
3.05
2.85
1.63
2.02
5.11
2.69
2.76
3.48
8.14
4.9
7.82
7.04
4.34
2.43
4.94
11.57
7.07
5.14
6.14
9.14
12.43
8.63
18.27
11.18
16.63
18.32
7.31
3.97
8.38
9.83
3.96
4.15
6.58
2.66
2.99
5.35
7.61
4.78
17.73
23.39
10.58
11.02
18.84
9.75
0.8
1.12
11.94
18.68
13.63
18.75
25.29
31.11
16.44
28.48
23.13
20.19
47.63
31.99
30.22
11.7
29.01
8.44
4.27
0.65
0.33
0.97
2.91
2.42
1.84
1.4
0.06
0.12
3.67
5.73
8.42
6.17
0.87
7.74
16.16
15.05
3.27
6.23
1.17
1.72
5.67
21.97
16.79
14.54
5.52
4.44
1.79
0.5
0.24
1.57
1.34
0.59
2.01
5.31
2.11
2.41
2.21
0.28
0.45
1.1
1.82
0.2
0.04
0.01
0
0
0
0
0.01
0.12
0.16
0.05
0.4
1.36
4.09
3.18
5.18
1.08
0.19
0
2.83
10.06
8.59
7.56
4.71
0.06
1.03
0.18
0.36
1.24
10.04
7.5
2.24
3.72
5.14
5.72
4.52
1.41
4.07
3.49
4.14
2.1
0.04
0
0
0
0
0.1
0.67
0.16
0.01
0.09
0.04
1.52
0.76
0.76
0
0
0.04
1.97
3.7
8.83
13.43
1.81
10.8
9.96
9.51
6.87
8.77
6.24
10.64
6.64
3.65
0.98
1
0.46
0.47
1.17
3.38
2.78
0.52
0.37
1.41
1.69
0.77
0.49
2.66
6.07
3.93
8.74
2.05
0.75
0.42
0.42
0.22
3.45
0.34
0.09
0.06
0.91
4.9
3.6
1.55
2.99
4.61
0.82
0.03
0
0
0
0
0
0.23
0.14
0.01
0.07
1.06
0.9
2.28
13.79
5.29
9.26
0.51
0.43
1.15
0.51
0.59
5.8
2.74
2.63
1.15
8.38
11.82
14.41
16.67
4.13
1.27
3.35
2.46
3.17
8.09
31.72
15.96
7.15
23.86
10.85
8.84
8.67
8.16
10.09
7.76
12.29
9.38
15.72
21.01
10.35
2
1.45
1.07
1.27
2.31
1.73
8.57
7.09
1.08
0.14
0.02
1.96
2.1
9.84
10.58
8.93
6.57
8.54
14.66
5.12
6.72
7.28
20.98
12.38
19.89
6.03
6.55
7.49
9.94
4.96
16.22
6.52
1.95
9.3
15.41
4.66
8.43
18.54
14.76
27.82
25.84
3.39
10.42
26.39
30.49
13.47
13.38
15.02
19.18
4.8
14.96
14
13.61
13.9
11.87
8.93
4.03
2.31
8.41
10.3
6.77
11.25
10.6
17.18
16.08
12.21
9.89
10.9
11.34
13.46
5.49
3.91
7.22
7.4
6.31
24.38
28.26
25.87
18.54
12.45
10.14
9.98
4.96
4.41
8.18
8.47
9.93
21.35
12.93
5.24
6.85
9.92
9.15
7.26
6.09
14.28
6.89
6.47
5.14
8.58
5.9
6.29
5.86
4.64
5.43
1.02
2.78
1.75
3.59
5.26
3.23
1.39
1.92
2.31
2.99
9.02
6.02
9.02
4.14
7.33
14.86
12.63
9.84
5.63
4.52
5.03
8.17
9.04
9.41
6.33
6.06
5.88
8.53
7.67
7.1
28.95
29.13
20.49
16.42
30.45
7.31
16.44
21.63
21.59
27.35
11.91
7.08
15.05
13.01
8.75
8.66
1.89
2.44
7.81
11.4
13.39
17.5
19.27
14.22
10.75
10.62
10.29
7.14
12.94
4.35
0.33
0.11
0
0
0
0.16
0.93
0.1
0
0.01
6.23
2.93
21.5
25.66
27.3
3.08
1.14
0.66
0.3
0.68
1.2
0.9
0.28
0.02
0
0
0
0
0
0
0
0
0
0
0
0
0
0
0
0.06
0
0
0
0
0
0
0.01
0
0
0.01
0.3
0.48
0.66
0.11
0.05
0
0
0
0
0.01
0.01
0
0
0
0
0
0.01
0
0.01
0.01
0.45
0.61
0.23
1.48
5.25
3.58
0.02
0.05
3.18
0.93
1.16
6.08
4.37
2.37
0.48
0.12
0.04
0
0
0
0
0
0
0
0
0
0
0
0
0
0
0
0
0
0.02
0.01
0.74
0.15
0.01
0.19
0.02
0
0
0
0
0.12
0.47
0.04
0.02
0.03
0.21
0.58
0.5
1.41
6.94
6.81
2.43
3.53
3.43
2.09
6.02
6.85
5.91
3.65
3.91
0.96
0.16
0.04
0.33
5.08
3.28
2.11
2.11
0.29
0.54
0.25
0.02
0
0.01
0.02
3.79
6.01
3.22
3.22
5.89
3.98
2.56
1.45
0.99
1.7
1.71
1.8
1.91
1.42
0.42
0.39
3.61
5.85
3.09
5.13
8.69
9.86
7.33
11.92
3.51
0.16
0.71
2.75
4.2
4.49
5.19
5.53
5.22
11.31
10.79
18.87
6.82
4.67
8.37
12.16
7.52
4.69
5.66
6.56
7.68
8.87
6.63
5.33
2.42
9.65
12.46
5.79
4.81
7.64
10.38
7.22
9.22
8
7.22
6.33
12.84
27.65
7.99
8.07
3.36
3.39
9.53
4.3
7.46
4.58
4.47
8.36
6.42
3.26
4.09
8.87
5.26
3.71
8.54
3.47
4.66
3.55
8.32
9.96
5.71
7.7
10.96
5.87
8.46
8.35
5.93
9.68
15
18.22
4.31
8.56
11.1
11.84
15.16
14.64
3.25
2.53
4.84
10.19
5.71
4.89
5.99
2.63
5.24
9.58
5.9
12.21
7.6
11.81
12.03
4.58
3.96
5.82
6.83
9.39
7.8
11.72
10.94
5.56
10.55
6.98
7.49
10.19
7.93
8.91
11.85
8.13
8.33
3.71
4.48
7.31
13.12
9.01
9.91
17.35
4.76
4.64
7.61
6.72
2.28
0.26
3.31
1.73
3.89
4.1
7.36
4.25
4.65
5.65
5.96
3.92
2.24
3.49
6.78
7.13
7.56
5.99
4.15
3.73
2.08
1.31
0.48
0.96
2.37
0.66
2.97
6.72
8.43
9.65
6.01
3.98
8.42
5.33
4.04
6.25
8.73
2.58
7.3
5.11
9.93
7.13
5.77
7.71
7.61
9.22
12.84
17.8
14.86
12.18
12.04
15.11
9.38
7.93
12.89
8.75
5.42
15.88
8.97
16.9
24.47
13.17
13.51
8.94
6.83
1.48
0
0
0.02
0.09
0.56
3.16
4.66
3.92
5.62
2
0.13
0.59
1.33
0.11
0
0
0
0
0
0
0.04
0.58
2.65
1.2
0.81
0.09
0.03
0
0.02
0
0
0
0.04
0
0
0
0
0
0.02
0.08
0.43
0
0
0
0.26
0.68
0.41
0.14
0.47
1.12
0.21
0
0
0
0.03
0.01
0.16
0.77
0.17
0.03
0
0
0
0
0
0.02
0.05
0.07
0.02
0
0
0
0.23
0.01
0
0
0
0
0
0
0
0
0
0
0
0
0
0
0
0
0.58
0.04
0.07
0
0
0
0
0
0
0
0.03
0
0.05
0.13
0.11
0.02
0.02
0.17
0.91
0.23
0.01
0
0
0
0
0
0
0
0
0
0
0
0
0
0
0.04
0.12
0.03
0.1
0.01
0.03
0
0
0.01
0.13
0.17
0.1
0.2
0.13
0.15
0.16
0.03
0.01
0.04
0.03
0
0.22
0.25
1.02
0.19
0.01
0
0
2.95
2.47
0.05
0.01
0.03
0.11
1.73
0.87
3.31
1.21
5.4
3.79
3.25
2.41
0.35
0
0
0.47
9.95
7.49
2.79
2.94
1.68
0.81
13.13
17.23
11.1
4.28
6.48
10.88
7.04
3.69
13.01
8.13
7.74
1.87
5.34
3.52
8.15
4.92
13.16
12.79
13.64
14.23
1.67
9.34
12.7
13.83
12.21
2.95
4.16
0.19
1.41
0.34
0.34
1.18
0.74
0.35
2.82
2.68
2.82
7.01
3.32
4.98
2.51
3.49
5.57
2.3
3.34
6.61
11.23
4.06
3.77
4.25
7.74
7.94
3.91
5.93
7.47
2.55
4.03
8.04
6.29
3.83
3.47
2.37
2.26
0.73
8.71
5.83
4.73
8.34
11.76
9.94
7.32
8.95
10.24
6.74
4.25
2.99
2.7
2.34
3.75
6.86
7.43
4.45
4.61
5.14
7.68
2.72
4.33
5.71
3.77
3.35
4.14
5.05
2.84
2.45
4.78
9.57
6.74
9.73
5.75
0.9
1.92
0.81
0.83
1.07
0.78
0.6
0.4
0.71
0.64
2.98
3.59
2.08
1
4.65
7.48
11.12
10.28
20.28
17.86
5.01
4.29
4.99
5.86
6.07
5.03
6.14
4.16
10.44
5.19
1.77
3.49
4.2
3.04
1.2
2.39
6.31
3.89
4.08
2.72
3.53
2.32
1.5
7.88
4.22
5.66
5.2
3.09
3.9
4.99
7.7
7.71
9.25
8.29
3.71
2.96
2.82
8.77
6.38
7.82
4.08
4.29
3.21
7.84
4.18
4.52
3.1
1.03
1.73
0.83
2.49
8.58
10.8
7.02
10.31
17.01
16.15
18.11
11.02
9.4
3.18
0.73
2.42
3.56
1.48
0.71
4.19
5.42
4.08
0.38
1.15
0.98
0.15
0.23
3.34
2.05
1.78
0.28
0.03
0.07
0.01
0.06
0.44
2.75
1.11
6.94
8.24
2.5
2.7
0.06
0.19
0.02
0.04
0.49
0.76
0.42
0.28
0.05
0.07
0.29
4.12
3.33
1.04
0.17
0.01
0.01
0.02
0
0.02
0.04
0.06
0
0
0
0
0.02
0.38
4.01
12.43
4.73
2.07
0.6
1.17
2.95
1.39
0.2
0
0
0.1
0.18
0.04
0.01
0
0.01
0
0.07
0.01
0
0
0
0
0.07
0.07
0.08
0.1
0.19
0.28
0.59
0.92
0.97
1.7
1.29
1.47
0.39
0
0
0
0.02
0.52
1.51
6.22
2.53
1.85
0.46
1.5
1.76
1.19
0.38
0.54
0.02
0.03
0
0.12
0.03
0.26
0.52
1.25
5.07
2.05
1.46
1.67
1
5.25
0.38
0.11
0.45
0
0.02
0.11
0.19
0.21
0.69
0.51
0.84
0.2
0.35
0.05
0
0
0
0
0
0.04
0.24
0.37
6.84
0.45
4.4
6.86
2.16
3.3
6.96
8.12
4.15
4.84
3.1
8.16
1.44
8.44
11.06
13.64
22.79
6.92
3.3
13
4.13
3.12
2.05
0.29
1.57
7.02
1.75
0.4
1.55
5.14
7.2
12.35
6.49
8.45
2.59
2.19
5.3
5.58
3.81
1.76
1.69
7.71
6.78
5.84
0.91
1.51
8.06
4.4
1.09
0.02
4.64
6.53
4.49
4.71
4.96
3.62
3.62
3.63
6.92
5.31
9.43
2.19
0.39
6.71
4.27
5.91
10.38
7.27
7.55
11.04
12.27
6.26
4.16
3.34
2.24
0.28
0.62
3.03
7.13
7.52
10.98
16.21
17.71
21.05
13.93
16.77
8.64
12.88
13.75
7.53
6.48
10.52
6.14
23.08
4.76
18.93
17.31
2.29
0.31
4.96
3.72
9.07
7.6
5.85
20.48
4.16
4.36
4.31
4
3.55
2.57
1.54
0.74
0.33
0.39
5.81
3.83
4.4
6.42
2.55
1.59
4.46
13.54
8.82
7.31
0.95
1.28
2.34
4.14
5.89
4.66
4.12
4.39
3.25
2.12
5.16
3.22
1.48
2.23
2.14
3.43
2.54
2.2
3.98
3.75
5.7
13.51
8.5
4.92
1.38
7.87
7.86
9.48
5.65
6.1
2.23
1.9
0.65
1.19
1.8
4.21
3.31
6.29
2.98
1.07
1.79
1.64
5.97
7.18
1.78
0.44
2.15
2.2
3.46
3.83
8.65
12.56
3.29
3.75
9.29
6.33
6.82
7.02
6.06
4.44
7.38
1.9
5.5
7.34
5.56
3.56
2.73
1.13
1.36
5.59
1.52
1.59
1.03
0.98
0.45
1.68
3.25
4.05
1.77
0.94
2.15
1.34
5.63
3.1
2.37
0.06
0.03
0.03
0.1
0.87
0.83
0.17
0.11
0.94
0.93
0.4
1.71
4
6.25
7.11
14.44
11.83
10.67
13.49
3.27
0.79
2.48
7.52
9.73
3.44
0.16
1.03
1.6
2.54
4.1
2.96
0.21
0.92
0.14
0.01
0.25
0.91
0.1
0
0
0.21
0.99
4.44
0.19
0.06
0.3
0.52
3.44
9.88
1.54
0
0.01
0.01
0.04
0
0
0.05
0.11
0.25
0.11
0.15
0.04
0.04
0.32
1.67
0.4
0.57
0.03
0.02
0.03
0.24
1.06
0.92
0.02
0
0
0
0
0
0
0
0
0
0
0
0.54
0.49
0
0.01
0.45
1.61
2.96
3.44
2.05
2.41
6.93
4.9
2.79
1.6
2.02
3.67
3.38
5
7.71
5
4.76
1.5
0
0
0.04
0
0
0
0
0
0.01
0.07
0.01
0
0.02
0
0
0
0
0
0.02
0.01
0.02
0.05
0.01
0
0.01
0.01
0
0.04
0.12
0.95
1.25
0.66
0.45
0.37
0
0
0.38
0
0
0
0.15
3.05
2.83
2.91
6.95
14.76
2.76
1.69
1.27
4.32
4.33
5.13
5.69
0.71
0.07
0.06
0.17
0.48
5.15
11.64
9.88
5.85
2.72
3.59
5.16
4.67
2.72
4.03
12.22
2.62
13.43
7.81
5.89
4.56
6.21
11.49
16.53
10.08
7.35
0.81
3.45
0.12
5.55
1.75
1.17
1.47
0.67
1.33
7.59
4.73
11.61
31.74
7.62
0.08
0.02
0
0
0.01
0.88
0.71
0.52
0.71
1.67
7.62
13.86
5.16
9.09
10.95
5.9
8.02
1.22
1.08
0.47
2.91
0.75
0.17
2.37
3.31
4.36
3.51
4.9
7.36
4.12
0.53
0.91
2.99
2.18
2.25
1.41
2.96
2.9
4.05
1.73
5.05
4.96
3.45
2.02
7.4
3.73
4.38
7.05
4.26
2.51
2.61
4.16
6.09
5.41
8.99
23.79
7.87
6.62
6.84
2.61
2.32
7.73
3.63
0.74
11.78
14.98
7.45
7.45
19.6
5.72
2.5
1.35
3.05
4.74
8.14
6.89
3.5
1.86
2.8
4.12
4.9
4.54
1.18
1.22
2.58
0.57
1.35
0.72
3.77
0.93
11.71
13.77
7.57
7.36
11.57
2.92
1.35
3
1.63
1.57
2.02
2.84
1.96
0.92
4.06
6.72
7.02
3.11
6.35
4.6
3.97
2.89
3.52
1.87
1.79
4.69
3.5
3.86
3.94
7.01
5.84
5.89
5.84
8.58
6.02
1.98
1.64
1.96
0.44
1.28
4.97
2.34
5.71
3.36
4.46
5.78
5.4
0.94
4.34
9.69
1.03
0.59
0.34
0.91
0.74
2.34
3.6
2.17
1.33
3.61
2.07
3.16
4.19
3.71
3.09
9.85
8.9
17.74
11.03
17.4
16.03
2.77
0.26
0.01
0
1.14
5.69
5.87
2.97
0.2
0
0
0.01
0.4
1.04
1.11
4.69
2.61
2.7
1.08
0.85
1
1.44
2.67
2.7
6.62
4.6
1.31
2.99
4.24
4
6.12
4.97
3.25
1.34
0.6
3.17
4.77
1.92
0.47
0
0
0
0
0
0.35
0.5
1.06
0.52
0.64
0.18
0.01
0.01
0
0.01
0.05
0
0.02
0.15
0.19
0.06
0.04
0.02
0.02
0.24
3.19
0.62
2.14
1.5
0.81
0.09
0
0.1
0.49
0.66
1.11
2.4
2.13
3.75
1.26
2.58
3.14
3.59
2.18
1.4
5.37
0.71
0.1
0.01
0.76
5.25
2.07
1.34
5.82
8
0.16
0.49
0.55
0.04
1.52
0.11
0
0
0
0.02
0
0
0
0.03
0.03
0.02
0.04
0.49
0.56
0.48
1.98
1.87
0.64
1.07
1.48
0.28
0.27
0.14
0.41
0.02
0
0
0
0
0
0
0
0
0
0
0.1
0.04
0.34
0.19
0.52
0.9
0.36
0.35
1.25
0.86
0.07
0
0
0
0.01
1.44
3.56
6.18
5.85
1.69
0.23
0.41
0.04
0.03
0.05
0
0.01
0.05
0.13
0.07
0.94
3.7
6.14
3.03
1.98
3.28
6.35
6.29
8.14
5.44
5.02
4.69
18.44
9.82
7.12
6.53
4.54
5.84
11.26
13.71
0.46
0.23
0.07
0
0
0
0
0
0
0
6.86
7.24
6.44
10.18
9.95
7.48
8.22
6.93
7.19
12.23
5.66
3.01
0.94
4.94
2.42
2.61
1.74
0.15
3.2
1.86
0.01
0.26
0.38
0.44
0.83
3.08
0.56
0.23
0.72
2.83
2.62
5.38
3.37
0.57
0.31
0.27
0.21
0.5
0.95
0.61
0.16
0.73
1.72
0.77
0.04
0.4
3.1
10.19
16.96
18.6
4.02
5.07
3.86
2.27
1.39
1.47
0.54
1.33
2.01
2.39
2.73
3.77
2.58
1.26
2.24
13.21
15.23
17.93
22.07
9.53
3.79
0.64
0.8
1.01
1.63
2.69
6.18
5.74
8.47
5.94
1.27
0.88
0.9
1.09
0.73
2.5
6.57
3.4
3.19
1.22
1.74
1.51
1.54
1.48
0.84
1.68
1.52
1.73
1.94
2
3.2
5.66
3.03
2.86
3.42
4.93
7.09
7.94
7.79
7.48
8.73
3.67
3.82
7.72
4.98
4.22
3.88
4.04
4.36
0.86
3.84
4.76
2.03
4.59
6.78
6.35
20.98
13.01
13.19
10.16
4.37
4.32
1.79
3.62
6.36
6
4.5
4.3
5.35
4.47
0.54
0.6
0.45
0.53
0.5
4.68
12.09
6.04
8.38
5.36
4.36
2.5
3.29
2.78
2.33
1.68
0.79
5.8
3.87
2.36
1.43
1.04
0.98
1.32
1.95
5.18
4.86
6.13
5.87
4.27
3.47
2.43
2.33
1.48
2.94
0.74
0.1
0.08
0.06
0.06
0.32
0.31
0.28
1.22
1.51
2.28
2.99
2.62
2.77
3.94
2.58
1.06
1.34
0.5
0.17
0.13
1.83
0.28
0.01
0.09
0.01
0.01
0
0
0.01
0.28
0.11
0.04
0.33
0.17
1.94
4.73
6.64
8.55
2.22
0.14
0
0.03
0.16
2.47
1.68
6.81
3.06
0.16
0.17
0.41
0.13
0.02
0.15
1.35
1.67
1.8
1.29
2.42
1.07
2.63
2.03
12.8
7.21
12.07
6.3
4.12
2.38
0.02
0.16
0
0
0
0
0
0.03
0.33
0.91
5.48
7.1
0.12
0.01
0
0
0
0
0
0
0
0.05
0.09
0.31
0.17
0.03
0
0
0
0
0
0.01
0.08
1.38
1.33
1.99
2.44
0.55
0.97
1.68
1.01
1.02
0.63
0.35
0.64
0.28
0.02
0.01
0.08
0.21
1.01
0.56
3.39
3.44
3.06
2.55
8.17
1.24
0.96
0.7
0.24
0.08
0
0
0
0
0
0.14
0.25
0.53
0.07
0
0
0
0.01
0.04
0.01
0.01
0.68
1.41
0.72
0.28
0.03
0
0
0
0
0
0.02
0.01
0.07
1.01
1.75
0.75
0.22
0.97
1.39
1.62
0.4
0.19
0.35
0.03
0.05
0.02
0
0
0
0.12
4.67
7.62
8.01
6.63
4.65
3.36
4.89
9.78
4.16
10.86
7.58
6.48
3.52
7.11
6.65
6.7
5.58
4.97
2.58
4.66
5.09
12.66
6.38
7.3
6.15
4.3
2.57
0.22
1.43
1.47
2.37
3.65
10.2
15.19
14.76
3.97
3.5
1.41
1.14
1.24
1.04
0.79
0.5
0.23
0.44
0.61
0.64
0.92
1.33
2.11
0.77
0.3
0.01
0.05
0.28
2.77
3.14
2.3
2.28
2.59
5.86
3.64
5.96
8.46
8.65
9.29
5.09
4.01
7.14
4.88
1.3
0.79
1.57
1.81
1.03
1.79
2.73
2.72
2.53
2.41
1.86
0.21
1.25
2
2.2
4.54
8.67
8.44
6.15
5.76
3.57
5.08
1.38
1.06
4.1
1.32
1.41
1.51
1.78
1.37
3.37
1.82
1.17
6.11
4.9
5.27
3.18
1.44
3.63
2.42
3.74
6.01
6.83
5.44
4.54
5.41
5.16
4.15
3.29
2.58
7.99
7.57
3.76
3.32
5.92
2.15
2.03
1.68
1.74
1.58
6.71
5.87
5.81
5.07
4.39
6.34
10.11
13.12
7.26
5.42
3.43
4.12
1.88
1.47
2.49
4.55
5.09
6.13
2.51
4.03
2.75
2.29
3.48
3.47
1.86
0.27
0.16
0.2
0.13
0.13
10.02
9.67
5.35
9.25
8.02
3.05
2.84
7.58
3.59
3.54
5.88
5.17
3.27
3.89
2.25
3.71
4.58
2.54
1.83
0.87
3.39
4.57
7.36
4.44
8.35
4.39
0.42
8.19
5.24
10.13
3.28
2.39
2.77
1.52
1.56
2.06
6.01
3.66
3.58
9.54
8.7
6.65
6.35
7.69
9.05
0.88
0.03
0
0
0
0.02
0.01
0.04
0.07
0.04
0.03
0.02
0.22
0.09
0.03
8.31
10.43
12.27
5.54
0.53
0.21
0.05
0.13
0.01
0.01
0.14
0.85
1.08
1
0.9
0.25
0.05
0.77
1.71
2.27
1.82
12.45
11.08
1.5
0
0
0.01
0.01
0.01
0
0
0.01
0
0.01
1.29
2.26
2.49
2.27
1.41
0.67
0
0
0.05
0.37
2.52
1.37
0.07
0.09
1.91
2.55
4.26
3.39
6.75
1.68
0.88
2.41
2.13
4.3
6.93
0.02
0
0
0
0
0
0.02
0.11
0.1
0.01
0.02
0.48
1.33
1.46
2.08
0.53
2.05
1.57
0.89
0.3
0.58
0.04
0
0.7
1.53
2.36
8.97
3.84
1.67
1.61
3.24
0.42
0
0
0.01
0
0.05
0.01
0.7
3.46
0.1
0
0
0
0.02
0.49
0.45
0.01
0.01
0
0
0
0
0.01
0.17
0.27
1.14
1.61
5.68
2.79
4.43
1.22
1.66
0.5
0.97
2.02
13.61
6.45
2.64
4.36
0.57
0.45
3.08
5.17
7.25
3.38
3.6
10.77
13.26
13.17
13.77
6.12
1
2
2.69
1.16
0.61
0.73
0.22
0.07
0.01
0
0
0
0.01
0
0.91
1.32
0.88
3.69
1.74
4.48
6.46
6.29
3.18
4.03
9.9
5.41
19.19
10.58
14.84
20.72
30.57
31.88
19.51
12.05
6.56
7.97
1.72
10.08
6.31
11.77
23.24
14.32
6.26
11.72
16.06
19.36
15.5
14.03
5.74
3.47
4.33
4.38
4.24
3.25
4.79
2.78
13.5
14.23
11.6
17.4
11.17
2.8
2.84
21.02
8.65
2.19
2.69
1.08
1.48
1.6
1.96
2.97
5.41
5.02
2.31
3.78
3.62
4.52
3.15
1.82
1.49
1.24
0.87
0.67
3.76
2.65
2.43
3.14
5.27
1.55
2.34
1.89
2.46
2.7
2.56
2.39
3.78
3.74
4.41
4.03
6.72
4.53
5.59
4.2
7.09
8.66
10.3
6.84
8.71
4.83
2.78
2.2
3.82
4.41
3.44
2.18
5.54
2.39
3.87
6.94
6.02
6.18
10.69
8.69
4.53
1.76
5.89
5.26
2.89
4.33
6.63
5.3
3.85
5.37
1.93
3.71
2.16
1.63
3.28
2.55
2.5
2.07
2.35
2.19
11.94
6.96
12.3
13.15
10.23
3.07
3.46
2.46
4.89
2.16
3.97
2.73
5.44
3.64
4.7
0.8
0.34
0.2
0.88
1.57
2.01
2.43
3.04
2.57
2.56
3.24
5.6
5.19
5.68
9.13
5.61
3.01
3.29
10.87
12.23
3.24
4.21
3.46
3.73
2.54
6.58
6.8
3.89
5.46
5.42
2.88
2.34
1.87
1.89
1.12
0.18
0.2
0.27
0.32
0.39
15.59
11.72
14.1
12.64
10.21
1.87
0.2
0.02
0.22
0.85
0.27
0.9
0.92
0.34
2.67
1.22
0.02
0.13
2.68
5.1
1.33
0.76
1.92
1.62
2.06
0.7
1.32
1.4
0.95
0.02
0.01
0.01
0.06
0.41
0.62
0.28
0.06
0.28
0.58
0.74
6.88
3.89
3.63
1.99
1.04
0.02
0
0
0
0
0
0
0
0
0
0
0
0
0
0
0
0
0.1
0.06
0
0
0
0
0
0
0
0
0
0
0
0
0
0
0
0
0
0
0
0
0
0
0
0
0
0
0
0.05
0.06
0.03
0.08
0.23
0.43
0.33
0.93
0.57
0.11
0.15
0.01
0.03
0.07
0.85
0.17
0
0
0
0
0
0.01
0.32
0.26
16.23
1
0.42
0
0
0
0.04
0.14
0.01
0
0
0.5
2.12
0.24
2.65
2.97
3.61
1.78
6.91
27.56
2.48
1.09
1.18
4.81
3.86
3.37
2.85
1.35
2
0.84
0.1
0.07
0.46
1.58
0.01
1.51
8.27
6.31
9.32
9.5
7.78
8.35
2.98
1.15
1.83
10.03
6.13
2.36
4.16
7.07
10.29
13.83
10.53
11.25
7.09
8.9
22.04
3.32
13.05
18.55
19.84
1.97
3.25
4.87
1.71
0.35
0.63
11.42
7.01
7.74
6.29
1.66
1.22
1.41
2.85
3.1
5.87
12.51
11.29
11.02
6.92
4.04
8.47
7.99
6.56
4.63
13.37
15.05
10.7
1.18
12.11
18.45
16.86
24.82
4.34
13.21
4.82
9.46
7.5
5.68
5.01
0.47
3.32
10.76
6.24
12
13.69
9.36
5.49
9.95
12.6
14.28
13.5
8.63
11.15
5.58
5.22
8.89
9.18
5.34
6.88
5.18
7.75
3.81
4.99
9.47
4.98
5.92
8.09
4.07
7.3
9.66
8.2
6.22
3.54
11.38
7.59
6.58
5.4
8.75
8.83
7.89
2.49
4.92
7.4
10.14
12.66
21.9
9.37
8.17
5.96
5.28
5.08
5.16
6.46
4.28
13.45
13.44
18.98
20.15
18.12
17.41
16.94
11.02
13.27
12.39
4.24
9.64
6.65
5.71
5.56
3.47
7.42
9.34
11.37
9.47
15.53
14.84
19.41
13.06
5.49
12.22
8.15
5.67
3.11
3.45
8.99
15.91
9.81
14
8.1
7.56
4.94
3.43
1.58
9.13
14.7
6.84
9.77
13.59
4.46
6.84
6.64
5.87
6.88
3.35
5.4
10.69
8.32
6.43
9.16
5.08
6.69
6.82
7.91
1.16
10.26
14.64
11.08
12.89
15.71
8.26
9.17
7.79
11.2
4.43
9.16
2.88
10.29
6.68
5.94
3.92
3.71
10.87
3.98
16.31
6.26
4.37
8.11
5.15
10.13
9.88
16.84
19.78
13.71
10.83
3.53
6.59
4.97
9.3
8.58
8.31
7.04
2.36
4.41
6.3
8.22
2.75
7.03
14.02
6.18
2.73
4.4
3.7
5.34
4.45
11.66
11.9
7.13
12.28
10.68
9.24
6.26
2.17
1.52
0.04
0.01
0
0
0.04
0.63
1.05
1.68
1.37
0.44
2.08
4.38
2.21
1.12
0.19
0.69
2.88
8.62
10.4
6.29
5.05
2.17
0.27
0.62
1.16
2.06
1.9
0.08
0.74
4.55
5.66
5.98
5.64
7.43
3.27
0.72
0.08
0.09
0.01
0.01
0.85
0.79
0.15
0.27
0.28
0.8
0.08
0.06
0.02
0.28
1.72
2.75
1.59
0.77
2.57
3.79
2.87
1.52
2.54
0.51
0.05
0.1
0.13
0.05
0
0
0
0
0
0
0.23
1.99
2.73
6.79
7.22
7.17
2.34
0.42
0.61
0.25
0.08
0
0.15
0.06
0.6
3.73
2.77
2.44
1.42
1.96
8.22
4
4.74
15
2.34
4.39
1.01
2.1
7.46
0.65
0.09
0.11
0.09
0.21
0.38
4.39
1.67
0.29
1.93
2.23
5.57
1.48
1.09
4.37
3.42
0.16
0.09
0.09
0.09
0.06
0.02
0.23
0.1
0
0
0
0.27
0.52
0.82
0.52
0
0
0.01
0.37
0.71
13.88
6.72
8.22
7.56
13.52
9.17
3.95
2.76
4.7
8.63
10.92
3.73
0.67
2.24
5.12
1.2
0.01
1.07
2.13
2.87
5.18
2.78
1.82
9.16
10.59
4.88
10.18
9.98
11.81
7.13
22.09
11.24
9.72
8.83
2.81
2.76
4.35
5.41
6.08
2.52
9.5
0.89
6.18
9.09
5.85
3.54
2.71
2.78
1.34
4.3
19.52
15.2
10.99
7.14
9.02
6.09
19.9
12.88
21.18
17.14
12.1
17.55
16.5
6.22
4.66
0.52
2.22
5.47
17.78
18.69
10.53
8.13
7.49
13.44
13.05
21.89
15.57
14.22
9.84
7.46
3.92
3.62
4.13
1.85
1.08
5.51
6.48
3.78
2.84
5.27
8.7
3.6
14.31
9.86
6.87
4.33
2.72
5.62
5.68
4.38
6.03
8.75
7.67
7.4
6.92
6.24
4.93
3.67
5.76
4.44
1.5
7.42
13.8
16.06
15.61
9.53
4.25
2.61
5.39
5.1
14.03
16.66
7.34
4.37
8.38
11.55
13.49
18.37
8.37
7.35
10.99
14.12
12.64
16.73
11.7
6.4
5.6
13
7.44
8.43
3.99
3.65
4.26
3.9
2.99
7.93
8.79
9.37
9.61
10.16
11.57
10.39
14.98
15.47
15
7.75
11.01
14.87
7.37
12.41
13.4
10.27
18.05
18.09
12.2
10.58
7.03
4.92
9.49
5.8
9.2
9.01
9.03
5.23
6.18
11.42
12.25
14.55
25.37
5.24
4.62
3.22
3.88
4.7
5.27
15.33
16.95
28.22
11.13
15.21
10.99
3.51
5.75
10.24
5.91
4.28
16.03
21.07
13.17
9.48
6.33
6.38
1.03
0.03
0.53
1.1
1.53
0.17
0
0.01
0.27
3.26
7.45
5.09
1.65
8.63
11.62
13.84
5.1
1.41
0.45
0.02
0.02
0
0
0
0.01
0.06
0.01
0
0.03
0.89
0.9
0.06
0.58
10.55
5.43
7.89
3.16
0.14
5.8
4.4
0.75
0.62
1.57
0.11
0
0
0
0
1.6
1.87
0.91
0.61
0.25
0.16
0.02
0.03
0.07
0.14
0.29
0.07
0.01
0
0
0
0.46
0.43
0.1
0.12
0.05
0
0
0
0
0
0
0
0
0
0
0
0
0
0
0
0
0.01
0.03
0.01
0
0
0
0
0
0
0
0
0
0
0.02
0
0.07
0.41
9.47
3.22
2.9
1.11
0.76
0.62
0
0.16
0.31
0.15
0
0
0
0
0.04
0.14
0.03
0
0
0
0
0.96
4.24
5.85
0.68
0.15
0.07
0.01
0.04
0
0
0
0
0.01
0.13
0.23
0
0
0
0
0
0.05
1.08
0.58
0.19
0
0
0
0
0.07
0.07
0.13
0.09
0.24
0.02
0
0
0.01
0.26
2.62
3.71
1.44
0.68
0.76
0.33
0.36
0.15
0.48
0.84
0.04
0.07
1.19
3.62
6.18
10.3
7.93
8.46
20.85
8.96
6.88
1.21
5.82
5.17
5.11
11.21
30.47
12.8
6.41
10.92
11.3
10
3.1
1.62
0.27
1.12
2.37
15.32
19.62
10.7
13.56
14.76
11.67
7.35
2
4.62
14.47
8.86
5.77
4.85
5.57
9.78
5.94
8.05
7.46
6.96
7.29
10.12
6.09
11.45
12.37
10.74
4.88
1.43
1.1
3.03
1.95
2.9
1.7
2.95
2.69
2.38
1.63
6.1
7.56
4.31
2.88
4.65
10.93
6.95
5.81
6.62
7.59
17.01
6.26
7.43
2.65
6.21
5.46
1.82
3.16
5.23
6.84
3.75
3.88
8.65
5.94
6.62
5.17
3.34
3.51
4.01
3.75
1.71
0.88
0.98
0.7
0.8
1.79
1.91
2.21
3.58
1.79
4.32
5.23
2.48
2.81
3.09
16.78
20.28
7.21
10.06
9.5
6.81
5.94
6.14
6.61
8.34
12.65
14.38
9.85
8.49
16.05
8.35
5.05
8.9
4.91
6.81
6.69
8.35
5.19
7.46
9.02
8.09
10.46
7.95
5.92
8.57
6.86
8.1
8.15
10.43
5.79
7.6
7.04
8.59
6.42
7.39
14.79
9.92
7.78
9.4
10.09
4.73
8.72
8.22
9.14
14
6.95
5.64
7.59
5
5.12
12.88
10.21
7.79
9.02
7.34
12.3
7.36
9.97
7.53
8.14
6.37
3.37
8.15
8.61
9.49
12.84
3.91
14.74
8.57
9.8
7.49
5.46
6.31
4.24
3.2
4.47
5.27
6.14
3.46
1.39
1.37
6.24
1.79
3.51
7.03
8.42
10.73
11.45
7.24
16.19
3.69
2.35
0.02
0.01
0.01
0.01
0.04
0.32
2.23
2.58
3.1
3.48
5.58
8.13
5.91
40.51
16.41
14.8
39.75
37.27
24.05
8.7
17.79
30.92
11.51
11.42
12.53
1.32
0.08
0.77
0.05
0.01
0.02
0.01
0.01
0
0
0
0
0
0
0.01
0.09
0.03
0
0
0.04
0.7
0.34
0.13
1.74
2.84
1.65
0.29
0.06
0.45
0.43
0.76
0.12
0
0
0
0.01
0.01
0
0
0
0
0
0
0
0
0.02
0.05
0
0
0.05
0.42
1.35
0.04
0.28
0.06
0.04
0
0
0
0
0
0
0
0.18
0.05
0.03
0.05
0.16
1.43
1.56
0.49
0.59
2.58
1.95
4.7
3.55
4.95
1.84
4.57
2.98
3.05
1.63
1.79
0.85
0.48
0.01
0.04
0.47
0.07
0.42
0.59
0.11
0.01
0
0.02
0.37
0.68
0.78
1.47
1.23
1.65
0.4
0.02
0
0.01
0.03
0.12
0.11
0.07
0.17
1.76
7.78
6.36
1.01
0.87
0.09
0.07
0.1
0.07
0.02
0.43
0.98
1.48
1.28
0.13
0.49
0.67
1.36
10.49
2.11
2.79
2.3
1.23
1.94
0.98
1.47
0.44
0.56
3.92
8.11
6.89
10.07
4.78
8.38
8.29
6.47
2.9
7.5
14.54
11.97
8.13
9.12
8.06
9.7
23.77
2.03
5.45
4.06
11.34
6.63
6.75
0.53
2.47
3.42
1.21
1.2
0.55
1.43
5.6
5.97
10.26
4.83
4.04
0.92
0.34
0.04
0.25
0.31
0.09
0.54
3.46
5.8
7.3
7.58
13.41
2.01
7.3
8.21
5.34
6.26
7.19
8.54
1.36
11.99
6.13
11.17
4.76
9.08
6.33
1
1.37
0.92
2
5.92
7
10.05
11.79
5.59
2.3
1.75
4.8
2.85
2.57
2.65
2.16
2.18
4.47
2.93
12.6
6.32
5.67
7.74
2.91
3.85
4.67
2.62
5.44
2.98
4.33
3.08
5.42
4.97
3.96
4.1
3.75
4.31
1.95
1.75
4.59
5.52
10.7
7.29
4.41
1.5
3.75
7.38
12.88
12.3
3.2
2.36
3.65
5.14
5.99
9.16
11.18
15.96
8.32
11.27
7.52
1.56
2.74
2.94
3.51
5.54
7.94
9.41
15.22
6.7
10.37
10.32
7.96
9.09
10.49
8.94
8.8
10.42
5.48
7.13
0.38
0.34
0.41
0.26
0.49
5.21
6.07
6.05
11.7
4.35
4.75
11.78
6.41
7.24
3.25
2.82
9.6
11.48
6.73
7.84
10.37
8.26
9.05
9.39
5.05
17.41
7.44
15.66
12.86
2.75
3.26
3.03
2.95
2.39
4.84
3.85
4.02
3.44
2.8
4.51
10.11
13.11
10.46
10.7
11.71
7.51
9.86
3.13
10.16
6.17
6.57
5.61
7.22
7.66
6.39
21.23
17.85
25.85
13.74
20.04
8.17
4.38
1.49
5.33
5.12
4.06
7.72
6.16
3.44
3.58
4.25
5.28
12.77
4.28
5.02
2.15
2.89
1.55
1.29
0.08
0.1
2.35
3.09
1.25
0
0
0
0
0
0
0.04
0.01
0.04
0.02
0.21
0.22
0.29
0.32
0.21
0.07
0.12
0.25
0.04
0
0.03
1.61
2.39
3.72
4.77
3.69
1.05
0.91
1.15
1.24
0.49
0.53
2.82
2.14
9.35
5.75
7.87
8.31
2.38
0.23
0.14
0.04
0.03
0.14
1.1
0.18
1.04
0.73
0.36
2.18
1.44
10.76
6.07
12.64
6.68
2.09
0.42
3.32
2.37
2.85
1.53
0.01
0
0
0
0
0
0
0
0
0
0.43
0.51
0.78
3.47
1.96
0.64
0.25
0.02
0.03
0
0
0.03
0.07
0
0
0
0.01
0.28
0.23
1.11
2.28
3.89
4.82
3.83
5.07
3.57
4.19
1.34
0.78
1
2.73
4.03
2.46
4.33
1.05
0.67
1.65
0.34
0.79
0.89
1.31
4.52
5.33
10.04
1.14
3.95
2.83
4.47
2.23
5.16
4.43
2.53
2.51
0
0
0
0
0
0
0.48
7.42
6.16
11.09
9.07
7.07
1.52
1.76
2.54
0.32
4.5
9.6
4.39
15.39
4.33
12.53
13.48
7.44
11.1
3.65
0.19
2.61
3.26
1.13
0.33
6.05
13.14
7.57
8.32
9.33
15.87
19.49
19.76
6.62
11.43
10.35
4.32
6.46
6.77
9.97
9.42
8.26
5.07
6.45
4.34
3
4.26
10.09
13.46
10.62
15.02
16.93
18.66
26.28
33.62
25.06
6.73
8.74
7.81
16.25
14.84
10.43
11.37
9.2
8.42
6.03
6.45
7.96
1.65
8.85
8.64
17.06
9.14
11.35
8.45
8.28
5.61
8.39
6.81
13.2
20.7
13.07
11.8
16.29
11.96
8.89
9.72
2.7
15.79
3.62
4.99
7.7
5.59
10.47
6.62
6.48
21.19
12.55
19.49
23.44
20.1
8.53
3.35
5.95
10.04
7.07
12.84
16.29
12.56
8.21
9.61
2.07
0.67
2
1.81
2.28
5.29
4.77
6.35
3.4
7.63
12.35
6.76
8.29
16.82
2.89
4.39
12.47
14.13
15.62
24.73
11.41
6.06
10.22
5.2
4.16
8.38
9.26
8.5
5.72
6.42
6.06
7.49
12.18
13.61
6.12
4.06
6.68
11.96
3.47
4.92
6.22
5.53
10.1
8.54
6.09
8.47
4.15
10.84
5.12
6.81
9.42
9.09
9.64
6.92
5.62
9.4
7.44
6.25
7.26
7.06
8.82
11.31
10.79
6.96
7.94
6.67
5.65
6.52
17.49
6.15
8.54
5.72
8.04
9.81
8.5
7.66
5.93
5.43
8.45
6.66
11.34
11.88
3.26
8.35
6.36
9.17
12.85
6.89
10.28
4.71
6.85
7.96
10.47
7.23
1.02
2.42
3.04
2.39
0.06
0
0.65
3.7
1.46
2.85
3.59
4.77
5.44
3.01
0.45
0.12
1.73
5.2
6.39
3.25
4.24
9.56
8.2
7.59
3.95
0.54
0
0.01
0.5
0.05
0
0
0.09
0.55
0.84
1.24
1.62
3.69
8.21
3.1
1.73
0.22
0.01
0
0
0.02
7.02
10.47
8.75
4.36
2.86
1.78
0.17
0.01
0.01
0.04
0
0
0
0
0
0.69
1.24
4.1
1.42
2.81
0.34
0.03
0
0
0
0
0
0
0
0
0.01
0.31
0.83
0.76
1.21
3.29
3
1.55
2.64
2.37
0.61
0.22
0.98
4.8
2.01
0.01
0
0
0
0
0.04
0.33
0.14
0.12
0.26
1.04
0.08
0.33
0.63
1.73
0.79
0.23
0.48
1.06
0.23
0
0
0
0.03
0.36
2.4
2.71
4.25
1.9
0
0
0
0
0
0
0.07
0.13
0.11
0.19
0.1
0.53
0.69
0.29
0
0
0
0
0.08
0.2
0.23
0
0
0
0
0
0.02
0.06
0.05
0.4
0.2
4.14
2.18
2
6.48
9.83
9.84
5.02
6.45
12.69
12.35
1.79
2.28
2.48
0.91
0.94
0.06
0.01
0
0.01
0.04
0.51
0.4
0.22
0.17
0.77
0.11
1.57
4.53
2.95
3.57
7.05
7.58
4.9
2.66
1.66
5.34
6.23
5.55
8.35
7.13
1.34
3.11
3.2
6.26
8.49
4.6
6.07
9.64
6.54
3.1
10.8
9.31
7.3
9.94
4.82
3.35
8.34
6.18
6.02
3.65
5.59
7.47
15.05
10.75
10.62
12.86
4.22
2.52
3.78
7.43
7.4
13.36
14.45
11.03
7.01
7.29
3.12
4.29
10.78
3.68
11.47
8.38
11.73
15.76
14.48
22.56
5.79
3.49
11.55
8.67
5.32
3.47
9.81
8.83
7.7
10.55
4.86
11.25
7.78
9.2
3.13
3.65
3.35
3.1
3.07
2.63
4.53
1.89
1.96
1.86
4.81
5.68
2.02
7.11
5.61
6.76
3.07
1.22
4.73
8.19
6.33
5.28
6.67
3.62
4.2
1.43
1.84
1.42
2.06
2.52
3.58
7.15
7.79
10.25
8.6
3.59
4.16
2.54
5.39
8.02
5.68
3.36
1.82
5.66
1.98
1.04
0.31
0.4
0.25
0.25
2.4
2.3
3.65
1.83
3.47
3.54
4.8
5.05
4.02
3.52
4.28
7.18
7.5
5.11
5.14
1.82
0.89
0.72
0.79
1.1
3.98
3.26
5.74
1.9
5.07
5.73
7.86
6.44
5.79
4.94
6.29
6.38
4.33
6.77
6.42
5.09
5.6
7.56
5.23
4.55
4.29
4.11
3.24
4.32
4.37
3.15
2.49
4.89
4.02
3.28
2.66
2.85
4.14
1.97
3.24
2.16
0.84
2.75
1.52
2.02
1.37
1.38
2.35
2.16
1.97
2.55
3.15
3.52
6.87
4.18
6.14
12.72
11.78
10.35
0.25
0.18
0.35
0.09
0.08
0
0.01
0.94
1.53
0.46
1.94
3.13
0.76
3.19
1.25
1.46
6.43
9.23
12.35
11.41
16.06
3.19
7.6
17.17
14.77
9.76
0.85
0.2
0.31
0.16
0.06
0.26
0.05
0.12
0.12
0.12
1.02
2.2
1.55
2.36
6.11
2.33
2.29
2.44
2.75
2.35
0.72
0.37
0
0
0.01
0.01
0
0
0.01
0.2
0.04
0.01
0.03
0.02
0.2
1.37
0.37
0.01
0
0
0
0
0
0
0
0
0
0
0
0
0
0
0
0
0
0
0
0
0
0
0.04
0.02
0.05
0.09
0.1
0.03
0.02
0
0
0
0
0
0.05
0.23
0.03
0.02
0.05
0
0
0
0
0
0
0
0
0
0
0
0
0
0
0
0
0
0
0
0
0
0
0
1.69
0.13
0
0.03
0
0.16
0.38
0.42
0.24
0.51
0.3
2.57
3.4
2.96
4.5
0.82
0.01
0
0
0
0
0
0
0
0
0
0.05
0.19
0.09
0.38
0.31
1.27
0.66
1.82
0.99
0.11
0.58
1.82
3.09
3.79
2.12
12.77
4.93
5.23
4.93
1.54
2.81
4.52
7.96
5.75
1.87
7.05
6.28
12.74
5.8
5.14
4.13
12.2
27.41
6.51
9.84
6.93
4.03
8.99
10.14
8.8
8.58
15.86
9.33
12.89
6.89
1.61
4.41
6.96
5.46
3.83
8.42
11.13
12.88
9.32
9.5
5.66
6.84
6.71
4.87
4.8
14.56
22.16
16.72
14.42
7.38
3.3
5.01
2.13
1.03
1.63
2.23
1.62
0.48
0.99
1.05
2.27
2.93
2.83
2.35
1.74
2.14
1.72
0.73
1.13
1.21
3.05
5.44
4.73
4.27
6.09
4.3
4.47
4.05
5.21
3.6
5.92
6.82
4.79
10.89
10.28
3.1
2.6
2.3
4.18
2.77
6.16
7.95
6.18
4.39
4.63
4.62
4.98
4.57
6.72
3.38
7.41
11.41
10.89
8.74
12.6
6.68
6.45
3.64
5.7
2.88
6.88
7.77
4.24
6.81
10.91
14.93
10.09
7.19
6.22
10.89
9.4
11.66
11.42
13.43
7.9
6.56
6.71
8.34
12.45
14.24
17.92
15.03
11.27
27.95
24.6
7.48
17.48
8.94
12.32
12.42
5.11
4.4
2.38
4.13
4.86
11.16
11.79
23.26
12.17
14.26
3.87
7.22
15.59
5.49
5.23
4.86
11.12
5.55
7.24
5.11
2.53
5.47
5.72
4.98
4.75
22.14
24.35
22.69
5.98
14.04
13.55
14.32
11.7
12.87
11.16
6.35
5.51
3.32
9.05
10.44
9.85
11.83
15.6
8.77
4.99
3.3
2.33
6.64
4.76
4.62
2.17
2.37
3.41
4.1
5.24
2.1
0.22
0.06
0.24
1.67
0.99
2.42
1.42
2.07
2.75
5.63
1.75
0.92
0.22
2.42
4.83
9.14
6.54
8.48
11.4
1.19
1.72
2.03
2.46
1.21
4.4
4.47
0.22
0.05
2.7
4.2
2.6
1.83
3.07
1.28
1.91
0.63
0.15
0.63
0.16
0.03
0.03
0.28
0.41
0.46
2.33
8.64
0.55
0.43
0.2
0.66
2.45
2.48
2.56
2.37
0.04
0.04
0.02
0
0
0
0
0
0.02
0.11
5.47
2.14
0.64
0.14
0.52
4.01
7.39
5.95
0.08
0.11
0.42
0.09
0.39
0.34
0
0
0
0
0
0.29
5.72
4.96
6.54
2.71
4.99
2.17
1.2
0.03
0
0.05
0.04
0.01
0
0
0
0
0
0
0.07
0.04
0
0.01
0.05
0.07
0.21
1.01
1.13
1.31
2.85
0.22
2.23
1.78
0.32
0
0
0
0
0
0
0
0.01
0
0
0.01
0.28
0.4
0.28
0.05
0.01
0
0
0
0
0.02
0.01
0.07
0.04
0
0.01
2.22
2.22
0.64
1.94
3.51
5.46
18.27
6.03
3.05
2.21
5.25
8.47
4.78
11.31
13.87
8.94
5.73
5.14
4.2
4.9
3.52
10.11
11.85
4.8
8.41
1.03
0.51
1.64
11.63
12.66
16.93
5.93
11.93
16.97
8.01
4.17
4.95
3.99
10.9
12.48
4.43
14.09
26.39
24.67
11.72
16.22
8.89
5.04
3.22
5.86
9.96
8.3
10.04
7.01
9.38
11.97
16.81
6.99
19.11
17.52
19.32
9.76
17.36
10.91
20.23
11.16
17.62
11.73
10.67
13.58
5.45
18.54
23.41
24.07
29.42
16.42
18.22
10.58
10.66
5.68
11.5
5.97
3.42
7.91
7.54
11.75
12.15
27.18
8.44
18.55
9.05
7.16
10.37
10.06
7.91
20.88
9.16
4.93
7.96
15.05
5.08
7.49
13.69
17.7
13.01
10.33
8.43
6.89
1.55
1.23
4.28
9.85
6.98
8.23
6.58
14.64
6.88
6.67
4.48
6.17
6.61
12.02
17.14
10.27
12.02
7.45
17.85
5.99
5.97
15.25
10.23
5.68
3.84
3.86
2.87
7.69
6.73
7.16
15.13
8.36
10.16
11.43
5
10.28
10.53
15.05
5.05
4.24
5.03
7.51
10.54
10.4
9.5
6.31
7.6
8.72
7.99
5.71
3.14
8.4
5.13
8.46
4.1
18.03
13.18
11.67
4.55
13.13
12
4.83
9.47
4.62
5.44
4.27
7.49
4.42
11.57
7.72
5.6
9.12
10.88
11.06
12.96
6.91
7.78
13.19
3.01
2.41
1.84
3.26
2.99
8.45
6.38
8.36
8.85
5.26
6.82
3.52
1.91
4.32
7.38
6.58
3.87
6.77
4
3.17
7.33
12.28
17.69
10.93
9.87
9.61
11.17
12.16
10.45
15.75
9.45
12.52
9.92
6.08
12.15
13.91
15.43
18.04
14.89
10.73
2.5
1.56
1.33
3.21
4.83
5.16
6.65
2.44
0.08
0.04
0.06
0.04
0.01
0.82
7.02
7.85
5.35
6.51
5.75
1.31
1.27
3.79
5.06
1.69
1.57
3.23
9.17
18.64
20.89
10.88
3.79
0.62
1.78
2.75
2.8
0.14
0.45
1.1
0.95
1.38
0.01
0.01
0.06
0.01
0.18
0.02
0.01
0
0
0
0
0
0
0.01
0.16
0.78
0.43
1.27
0.14
0.05
0
0.01
0.01
0
0
0.01
0.03
0.19
0.01
0.02
0
0.06
0.37
0.23
0.32
0.84
0.6
0.04
0.04
0.02
0.09
0.18
0.44
0.61
1.27
0.26
0.09
0.11
0.11
0.02
0.09
0.04
0.21
0.32
0.16
0
0
0
0
0
0.28
0.01
0
0.07
0.07
0.13
0.22
0.53
1.43
1.27
0.47
3.57
1.55
1.53
3.96
2.02
1.92
0.6
0.33
1.44
1.32
2.49
3.69
2.27
1.32
0.83
2.54
3.13
6.96
2.99
2.29
0.26
0.32
0.13
0.14
0.55
0.27
2.59
1.86
2.77
1.17
1.44
0.41
1.03
1.49
1.61
16.71
11.18
10.07
8.89
1.38
0
0.15
0.21
0.01
0.34
2.49
2.64
8.47
3.52
8.12
14.36
9.7
6.99
10.71
11.12
15.39
10
27.06
20.77
14.68
2
0.7
10.24
18.03
4.06
17.57
11.68
20.15
10.1
3.69
1.23
5.74
1.5
2.07
1.67
3.25
8.7
10.63
1.32
8.13
19.28
15.94
15.7
10.8
10.96
14.81
25.33
14.5
25.39
9.29
12.84
12.11
43.28
23.85
10.11
4.26
10.42
2.44
6.45
26.17
26.46
14.6
17.07
18.61
22.49
44.95
10.22
17.74
20.76
15.62
9.56
8.72
14.78
16.37
20.11
8.61
6.78
4.64
10.59
4.07
2.34
2.04
1.38
5.15
4.81
6.33
11.59
4.9
5.12
9.92
9.8
7.84
4.38
6.27
9.56
28.8
15.22
7.53
5.07
7.61
9.08
3.3
7.02
5.8
4.22
4.25
6.43
6.93
3.3
11.04
6.23
14.57
11.55
6.42
6.98
3
3.69
6.77
6.77
10.28
9.17
7.38
4.33
7.37
4.99
4.29
8.06
3.99
7.46
9.3
6.29
7.74
8.66
16.26
3.62
9.81
13.23
10.29
7.89
4.12
2.39
2.27
2.58
4.03
5.9
4.84
5.48
5.93
8.1
8.14
13.02
12.87
10.93
9.86
18.58
8.41
7.36
11.59
5.23
7.41
7.1
5.99
6.34
6.49
11.45
21.47
7
7.27
18.21
1.53
9.13
13.14
5.4
5.27
11.65
4.32
3.16
13.84
14.76
13.59
10.65
9.06
6.62
4.09
13.73
22.39
15.09
15.27
10.64
15.5
10.28
9.3
18.5
13.57
17.48
19.88
12.84
25
25.63
8.74
18.16
12.55
3.89
10.53
18.6
17.52
11.82
17.02
5.97
14.27
16.51
4.79
1.18
0.2
7.77
12.61
11.05
5.6
1.26
1.19
2.15
0.72
0.02
0.08
0.26
0.49
0.03
2.51
1.61
0.71
0.97
0.93
0.59
0.22
1.59
0.59
2.29
1.19
0.11
0.16
0.86
3.34
4.77
3.93
1.9
0.7
1.72
0.47
0.27
3.34
7.98
7.42
15.79
10.64
2.5
2.78
1.7
1.96
3.99
0.87
0.04
0.06
0.12
1.65
5.39
1
0.9
0.22
0.16
0.67
0
0.01
2.12
3.43
3.12
2.77
0.15
0.06
0.26
1.73
4.57
8.22
0.5
0.8
1.61
0.03
0.02
0
0
0
0
0
0
0.03
0.01
0
0
0
0.65
0
0.01
0.02
0
0
0
0
0.06
0.26
0.48
0.06
0
0
0
0
0
0
0
0
0
0
0
0
0
0
0
0.06
0.05
0.04
0.44
0.03
0.03
0.07
0.01
0.13
5.44
0.92
4.64
0.05
0.01
0.11
0.08
0.1
0.18
0.13
0.18
0.09
0
0
0
0
0
0
0
0
0
0
0
0
0
0.89
0.83
0.06
0
0.01
0.13
0.59
7.44
7.37
9.26
8.11
4.2
6.37
1.92
0.76
0.32
0.6
0.53
0.21
0.83
0.53
0.03
0.34
1.09
0.79
1.75
4.48
1.02
3
1.18
0.37
0.41
1.08
5.41
14.33
6.2
1.03
0.16
0.76
0.72
0.36
2.3
1.07
1.65
7.55
4.82
1.16
0.23
0.09
0.04
0.48
1.54
11.81
11.11
13.34
13.86
1.3
14.83
7.43
6.15
7.64
6.43
1.19
2.49
1.39
0.28
0.95
1.9
0.59
1.07
5.43
11.45
15.05
16.54
15.16
5.47
5.1
5.06
11.08
1.96
5.61
2.22
2.77
0.18
0.19
2.65
3.64
5.2
5.53
12.06
17.69
8.92
6.68
6.52
5.04
4.63
16.56
33.82
5.38
6.45
14.8
9.68
17.55
3.71
15.88
13.63
10.17
3.49
8.61
12.53
2.79
1.06
1.23
2.38
1.03
2.97
1.49
1.89
3.4
3.8
3.55
1.12
1.53
2.67
3.63
3.18
2.51
8.22
36.93
3.26
7.09
15.23
4.54
36.11
10.74
8.34
4.42
8.12
1.22
4.04
12.03
18.82
3.5
6.22
16.5
5.63
2.54
4.56
7.41
4.52
11.28
4.6
6.16
5.83
3.15
1.32
3.19
5.3
7.38
3.04
3.84
2.27
8.21
3.4
2.15
7.3
6.85
6.81
0.45
0.26
2.59
2.89
8.76
3.84
1.76
1.2
1.98
6
2.03
1.99
3.35
0.8
0.18
0.25
0.72
5.08
4.17
3.23
0.57
1.25
8.04
3.43
2.17
2.15
3.53
4.95
5.12
2.57
2.19
2.6
5.59
8.51
5.42
5.55
1.04
5.69
11.47
14.33
27.49
5.3
2.58
0.38
0.83
2.98
1.91
0.07
0.05
0.42
0.4
2.55
7.4
5.09
2.25
2.62
0.81
2.16
1.06
2.28
0.55
0.19
2.79
3.09
4.69
12.12
1.13
1.65
0.64
3.29
7.56
3.16
4.34
0.28
0.19
1.01
3.62
3.12
5.49
0.16
0.02
0.08
0.46
0.72
0.31
0.03
0
0
0.03
0
0.65
5.59
0.74
1.02
0.55
0.15
3.58
12.19
3.17
0.01
0.09
0.45
0.3
0.07
1.52
5.69
1.34
1.28
1.09
2.55
2.02
1.39
0.34
0.68
0.16
0.03
0
0
0
0.33
0.94
1.42
2.96
0.07
0.01
0.08
0.18
0.23
0.09
2.3
2.86
0.5
0.39
0.25
1.06
0.54
0.33
1.39
1.62
1.38
1.26
2.69
0.58
1.69
1.74
0.31
1.12
0
0
0
0
0
0
0.05
0.08
0.03
0.05
0.1
0.01
0
0
0
0
0
0.68
0.24
0.17
0.59
2.13
0.25
0
0.01
0.01
0.44
3.26
7.44
0.54
0.01
0
0.48
0.05
2.86
2.44
1.39
0.16
0
0
0
0.13
2
8.25
2.8
3.59
5.16
1.01
2.93
6.31
0.11
0.4
0
0
0.03
0.12
0.4
6.53
9.1
2.15
0.45
4.82
9.63
16.52
0.74
0.31
0.19
0.13
0.47
1
0.83
8.19
21.97
15.49
6.44
1.73
0.99
4.91
0.64
1.16
5.5
0.72
3.83
10.3
8.99
4.6
13.83
32.28
18.58
2.68
3.52
0.64
0.35
0.32
1.6
2.22
3.81
22.28
18.12
3.83
20.83
10.53
12.17
16.24
10.34
32.61
25.7
9.5
15.01
10.63
34.93
3.55
2.48
20.06
5.03
1.81
2.44
18.53
5.31
1.41
1.91
5.61
3.66
3.58
7.82
20.24
11.03
7.82
6.93
2.38
1.22
4.86
1.49
0.35
2.54
4.75
3.27
1.92
6.67
2.74
4.68
7.96
6.25
1.48
3.48
20.32
4.85
0.98
3.59
7.37
1.29
14.37
11.44
7.32
6.62
13.55
1.73
1.66
6.91
8.49
6.91
3.43
4.91
1.91
11.46
6.57
3.74
4.12
7.67
8
2.37
7.66
11.78
8.16
11.73
12.07
9.27
3.1
5.66
5.95
3.33
3.37
5.27
2.5
2.62
3.11
1.73
2.89
36.32
2.85
3.38
6.11
6.86
11.98
9.43
17.03
4.21
22.32
23.11
13.52
5.24
9.77
14.35
14.8
8.09
7.32
3.63
4.24
5.08
1.33
5.62
31.01
25.9
6.25
10.58
10.41
9.5
10.42
8.17
5.09
21.29
17.31
1.35
4.07
5.18
6.85
6.86
2.44
1.42
1.82
3.57
3.72
10.48
11.02
3.17
4.31
15.33
6.47
2.42
4.63
8.32
7.03
7.16
6.68
1.51
0.75
3.17
17.38
10.73
15.71
22.63
3.14
2.59
14.26
2.34
1.82
5.25
1.27
1.61
1.08
0.23
0.31
0.41
4.71
15.32
6.67
9.73
7.86
2.3
0.28
0.29
0.31
0.92
2.56
4.95
9.55
3.2
1.77
0.87
2.29
7.93
0.41
0.4
0.27
0
0
0
0.01
0.03
0.07
0.04
1.05
0.21
0.67
0
0
0
0
0
0
0
0.34
0.42
0.58
0.31
0.06
0.59
0.88
0.23
4.15
10.89
8.68
5.37
0.75
0.52
2.01
7
0.07
0
0
0
0
0
0.02
0.21
0.03
0.11
0.01
0.05
0.2
0.17
0
0
0
0.14
4.29
0.8
0
0
0.02
0
0
0
0
0
0
0
0
0
0
0
0
0
0
0
0
0
0
0
0
0
0
0
0
0
0
0
0
0
0
0
0
0
0.01
0.13
0.06
0.06
0.01
0
0
0.57
3.34
0.12
0.03
0.01
0
0
0
0.03
3.23
5.1
1.42
5.06
13.06
21.67
10.54
0.9
0.01
0.04
0.86
3.4
4.37
7.3
8.02
4.27
0.17
0.26
0.13
0.1
0.18
0.01
0.02
0.02
0.19
0.43
0.02
0
0.02
0.01
0
0.97
3.41
8.08
6.95
1.7
8.3
8.65
6.41
2.27
4.1
0.96
1.36
6.08
19.68
0.94
0.09
0.6
0.09
0.06
0.33
2.63
0.2
0.57
0.23
0.03
0.01
0.01
0.63
0.25
0.3
2.16
3.48
0.55
2.21
1.59
0.84
0.5
0.67
0.3
1.7
28.51
13.04
24.9
15.31
3.11
5.61
2.46
17.16
4.01
29.73
10.35
4.27
3.18
7.21
2.21
1.55
3.85
4.19
16.14
13.33
36.92
8.59
23.76
19.05
7.12
4.67
4.29
2.34
3.8
4.27
6.5
0.31
3.01
4.58
2.91
1.51
20.73
13.23
0.33
1.59
4.01
3.39
4.44
17.81
3.48
2.8
5.13
5.54
6.77
5.18
9.7
4.85
8.16
10.12
11.42
4.1
0.6
0.99
2.11
1.88
1.7
11.98
2.41
8.37
3.82
9.64
4.87
8.5
6.54
4.23
6.45
4.37
7.16
5.69
9.5
7.39
4.68
3.32
11.5
2.01
1.36
6.55
10.63
15.44
6.88
23.45
2.83
4.7
3.88
4.01
6.5
7.55
8.89
24.91
2.75
6.99
8.97
5.61
3.81
7.8
6.01
0.97
2.67
6.14
6.37
5.13
1.89
9.44
3.12
2.28
1.96
4.58
18.09
6.61
1.99
4.97
15.93
3.99
3.3
3.63
7.25
4.8
18.33
6.31
4.87
7.28
7.42
8.41
6.6
8.7
8.96
5.07
8.25
6.51
4.44
9.32
3.4
5.67
5.72
10.55
1.89
0.85
4.53
8.81
6.97
3.95
8.87
14.06
12.49
5.12
6.14
7.84
3.75
8.65
2.06
2.98
15.26
22.31
30.03
5.62
2.84
0.45
0.07
0.11
1.08
3.86
2.21
1.21
3.72
7.16
1.21
0.01
0.01
0.26
1.57
12.27
2.29
0.99
0.53
0.15
0.3
0.64
0.49
0.13
0.01
2.12
23.19
13.95
7.44
6.04
2.38
0.52
2.05
1.1
0.23
0.19
0.09
0
0
0
0.11
2.38
0.19
0
0
0
0
1.08
0
0
0.04
0.14
0.06
1.83
5.74
0.22
0.6
5.59
3.74
0
0
0
0
0
0
0.02
0
0.06
0.01
0
0
0
0
0
0
0.1
0.11
0.07
0.08
0.14
0
0
0
0
0
0
0
0
0
0
0
0
0.06
4.84
0.05
0.06
0.09
0.09
0.05
0.2
0.13
0.1
0.03
0
0
0
0
0
0
0.21
0.33
0.01
0
0.02
0.01
0.01
0
0
0
0
0
3.03
1.33
0
6.91
27.72
0.1
0
0
0
0
0
0.01
0.27
0.29
0.02
0.06
0
0.04
2.22
12.57
8.97
14.19
6.6
1.36
2.56
7.79
5.17
3.1
0.7
0.69
0.07
4.58
1.15
0.68
1.27
9.42
0.76
0.12
0.24
0.14
3.09
1.81
9.41
2.47
3.49
0.39
0.88
3.37
0.29
0.1
0.67
1.77
1.15
0.11
0.06
0
0.01
2.69
0.73
1.61
6.08
2.34
2.87
4.92
10.39
6.1
6.24
7.75
4.57
6.95
4.43
3.03
12.88
10.32
2.05
1.86
1.68
7.3
29.57
5.44
10.67
1.06
2.7
3.5
5.6
7.85
15.59
0.18
3.05
4.23
6.62
1.58
2.85
3.37
2.06
1.96
2.11
19.13
0.76
0.14
0.02
0.19
0.11
0.33
0.25
8.08
16.91
2.65
21.07
6.29
11.79
18.96
5.37
9.88
37.78
9.9
6.51
5.9
7.49
14.94
7.4
14.5
18.57
4.12
7.07
15.02
3.23
10.21
10.67
7.09
2.15
3.99
6.54
1.9
5.45
7.31
15.48
2.51
5.18
12.86
2.05
1.26
0.47
13.2
16.22
2.98
2.47
6.81
5.23
3.06
5.18
1.09
1.91
1.95
3.39
3.57
1.84
2.77
2.43
2.01
7.82
7.62
9.39
2.11
2.65
3.2
3.28
4.7
6.02
1.42
3.11
10.81
3.05
0.72
3.77
3.5
2.13
3.73
1.9
0.27
2.01
3.41
3.76
4.15
5.08
3.28
1.42
1.59
1.79
0.01
1.09
0.73
0.57
0.15
0.44
2.87
3.43
16.77
11.58
13.11
13.23
8.41
10.06
9.54
8.53
2.86
5.18
6.01
1.34
7.85
7.98
1.17
2.17
0.99
1.27
2.51
3.02
3.25
1.53
5.47
0.92
0.77
2.94
6.4
3.51
7.4
12.25
5.59
0.18
0.87
0.65
0.18
0.21
0.56
0.76
0.28
0.08
0.8
2.89
3.37
0.48
0.03
5.59
2.32
4.59
3.87
5.49
0.78
0.01
0.17
0.02
0.09
0.87
0.46
0.23
0.1
0.37
2.06
3.62
4.85
6.27
22.87
4.63
0.16
0.15
3.28
12.67
5.71
6.63
0.83
0.05
0
0.03
0.23
0
0.02
0.03
0.01
1.89
4.94
3.92
6.76
11.29
3.51
5.21
2.37
0.73
0.17
10.52
5.22
4.87
1.31
0
0
0
0
0
0
0.45
10.23
4.09
0.01
0.39
0.04
0
0.06
0.11
0.04
0
0
0.2
0.82
1.85
0.08
0.07
0.05
0
0
0
0
0
0.01
0.01
0
0
0.13
0.18
0.01
0
0
0.38
1.5
0.55
0.39
0.05
0.01
0
0
0
0
0
0
0
0
0
0
0
0
0
0
0
0
0
0
0
0
0
0
0
0
0
0
0
0
0
0
0
0
0
0
0
0.02
0.11
0.17
0.23
0
0.2
0.11
0.01
0.62
3.16
1.29
0.26
0.04
0.29
0.7
3.04
2.85
0.13
0.28
1.24
0.02
0
0.21
0.91
0.33
1.37
3.77
22.4
11.05
13.76
12.22
0.07
0.01
0
0.01
0.17
0.31
0.12
0.06
0.01
0.61
0.07
0
0.28
0.2
0.01
0
0.14
3.74
2.41
2.11
0.42
2.24
2.87
3.75
4.82
16.62
7.12
9.39
6.39
0.89
1.01
3.86
3.29
3.04
2.58
14.64
11.79
16.67
9.3
20.21
20.7
9.25
6.9
12.43
13.48
8.27
1.94
1.13
0.04
2.56
3.14
2.55
0.99
0.22
0.06
0.04
1.35
0.54
0.04
0.13
0.14
3.82
2.16
0.25
1.32
0.83
0.66
1.13
0.5
8.74
7.11
5.45
7.99
3.29
13.16
24.78
19.85
7.51
1.11
2.63
6.97
2.25
3.21
6.37
11.14
18.44
15
0.92
3.1
2.34
27.33
14.04
26.06
5.27
5.23
1.84
1.97
4.87
3.39
4.7
9.28
3.84
3.41
4.31
0.81
7.68
9.37
8.05
2.56
1.98
3
5.56
5.76
3.41
2.47
8.04
6.35
4.23
1.77
0.89
3.38
1.37
1.49
10.09
3.45
8.29
11.05
3.22
1.25
1.4
2.39
0.93
0.78
7.09
13.36
6.09
5.47
14.08
14.61
10.35
2.14
7.53
2.35
6.98
2.87
2.17
1.69
2.1
2.45
0.36
1.93
10.47
0.98
18.3
14.42
7.65
28.46
25.68
17.4
4.63
8.07
4.33
16.2
3.86
11.18
21.09
13.14
14.5
6.91
6.73
4.5
4.96
11.86
3.34
1.63
3.48
17.5
3.31
1.91
3.26
15.77
13.42
7.25
7.51
3.08
1.46
5.27
14.19
3.8
5.91
7.26
36.46
6.27
6.17
2.15
4.88
11.74
9.89
6.22
18.58
13.2
20.87
9.79
12.69
9.77
18.7
18.31
18.48
24.29
33.93
24.02
5.9
0.23
1.46
5.81
1.35
9.87
8.98
18.05
5.58
0.21
0.05
0.13
0.61
2.47
1.88
1.25
0.17
1.36
0.02
0.02
0.03
0.01
1.06
0.28
0
0
0
0
0.03
0.67
2.1
4.6
5.56
4.57
6.48
0.73
0.1
0.64
0.32
0.25
0.01
0
0.05
1.9
5.58
20.35
3.51
14.71
8.33
1.8
2.92
2.4
0.02
0.02
0.1
0.04
0.01
0.04
0.16
0.09
0.06
0.06
0
0.32
1.51
3.45
8.71
0.38
0.58
4.86
2.01
0
0.01
0.04
0.03
1.02
0.23
0.04
0.28
0.12
0.63
0.19
0.02
0
0.02
0.01
0
0.08
0.9
1.41
1.6
1.51
0.31
0.17
0.39
0.03
0.09
0.08
0.51
1.55
0.03
0
0
0
0
0
0
0
0
0.06
0.03
0.04
0.51
4.7
0.57
2.03
0.42
3.62
4.74
3.71
4.27
2.49
7.61
0.79
0.07
0
0
0
0.01
0.86
1.66
0.07
0.2
0.07
1.1
1.6
0.22
0.09
0.8
0.69
0.01
0.01
0.27
0.32
0.07
1.41
1.29
0.32
0.03
0.13
1.03
1.5
0.36
0.9
0.14
0.2
0.93
10.16
11.38
29.17
6.7
3.73
38.81
27.4
1.35
2.14
3.9
25.73
13.4
2.13
1.29
0.11
0
0.01
0.01
0.06
0.06
0.25
2.19
0.38
0.75
1.09
0.26
0.03
0.02
0.31
0.95
2.24
1.5
24.01
10.92
11.72
4.62
2.84
11.67
18.97
9
4.52
1.04
0.81
8.51
10.39
8.4
45.74
56.03
45.3
10.93
17.28
8.92
9.1
4.57
13.11
4.62
0.31
5.97
20.86
8.71
11.62
4.29
0.86
0.02
0.06
0.16
1.1
7.75
6.84
12.81
35.88
10.68
18.78
1.88
1.97
2.27
2.7
3.45
28.59
8.44
9.86
2.07
10.49
19.04
7.08
12.83
7.46
5.41
16
12.51
0.79
2.88
3.87
19.54
11.35
14.79
4.95
8.18
3.54
10.67
3.4
10.04
6.93
25.77
10.84
7.06
8.86
8.31
13.73
13.63
3.18
5.58
9.15
7.21
2.71
7.63
7
4.5
2.72
6.32
6.04
1.88
2.78
2.86
1.41
8.54
14.68
23.36
7.45
18.92
9.26
3.66
6.44
10.91
13.56
14
7.8
9.02
6.29
4.84
3.68
8.02
7.58
15.06
5.76
19.2
9.18
2.62
4.45
12.71
11.37
2.6
3.51
4.27
13.72
5.12
9.39
10.64
12
4.89
26.79
5.56
4.3
4.09
6.05
15.99
16.19
14.01
1.99
5.41
19.39
18.12
16.63
18.08
5.54
6.58
3.41
13.28
22.28
7.23
9.46
10.82
10.08
3.56
1.16
5.47
7.56
7.54
8.89
9.74
4.92
2.88
8.17
17.9
5.71
15.43
14.9
2.34
2.58
8.09
5.06
2.71
15.91
21.89
7.19
7.29
5.69
8.57
0.25
0
0.01
0.1
0.13
0.74
0.37
1.55
2.18
8.76
13.43
1.86
12.61
10.05
0.37
0.02
0.05
0.17
0.02
0.02
0.02
0
0
0
0
0.12
3.33
7.48
0.21
0.02
0
0
0.15
1.64
10.46
1.96
0
0.01
0
0
0
0
0
0
0
0
0
0
0
0
0.03
0.39
1.53
2.71
5.01
3.88
0.26
0.19
0.08
0.03
0.15
0.64
0.15
0.03
0
0
0
0
0
0
0
0
0
0
0
0
0.6
2.52
0.15
0.02
0
0
0
0.03
0
0.04
0.13
19.51
23.52
1.83
1.7
0.06
0
0
0
0.03
0.85
0.38
9.79
11.09
4.26
0.79
0.4
0.36
0.6
0.04
0
3.28
0.8
0.04
0.13
0.1
0.01
0.01
0.01
0
0
0
0
0
0
0
0
0.19
0.95
3.99
1.48
12.65
0.1
0.02
0.02
0.04
0
0
0
0.2
1.09
0.78
4.84
3.31
2.21
2.13
0.01
0
0
0.41
0.8
2.91
1.2
0
0
0.04
0.07
0
0.01
0.11
0.19
0.07
0.06
0.02
0
0.14
0.02
0.69
1.2
0.97
0.02
0.01
0
0
0
0
0
0
0.42
1.33
6.97
4.63
0.66
0.5
0.01
0.02
1.79
0.23
0.01
0.01
0.05
0.21
2.72
34.16
2.86
1.19
1.55
0.78
0.67
3.11
0.02
0.01
1.33
5.41
2.09
1.79
13.67
8.77
4.56
1.17
7.43
4.08
2.05
5.4
2.19
10.51
2.85
13.61
18.12
28.35
26.67
12.26
7.24
2.05
2.46
1.69
1.97
9.21
1.32
1.74
1.11
4.67
7.31
3.49
11.73
20.07
16.98
2.4
1.55
1.38
0.03
0.01
0.04
0.12
1.48
3.94
4.25
2.22
2.14
2.23
0.93
3.25
2.14
2.89
2.17
6.64
9.39
3.12
2.45
1.18
1.03
0.74
1.78
5.53
1.26
1.75
2.04
3.42
2.6
3.39
2.02
4.56
8.77
2.99
12.16
1.51
2.7
4.41
6.31
19.43
12.19
7.27
11.48
5.88
8.66
21.83
15.61
6.17
4.63
9.07
2.3
3.37
6.91
4.46
4.39
2.59
3.68
10.12
7.29
5.97
8.7
19.17
6.06
9.09
3.42
4.82
8.84
15.24
27.29
24.04
12.1
24.87
5.08
5.05
6.91
7.79
36.48
4.27
0.08
0.21
0.12
0.16
36.8
21.41
11.69
26.91
3.03
5.82
11.28
2.56
1.15
2.64
10.58
19.6
5.6
2.92
3.13
9.39
6.08
7.54
5.98
8.92
12.22
9.98
1.64
4.05
4.94
1.46
8.42
4.97
8.67
4.63
4.56
7.11
5.94
17.9
5.18
2.06
3.77
4.27
0.98
0.88
2.38
12.93
10.23
3.24
17.12
4.39
10.36
18.32
9.1
7.83
12.29
26.62
13.22
10.53
15.98
2.53
3.17
0.42
0.24
0
0
0.01
0.01
0
0.01
0.15
0.04
0.1
0.23
0.65
0.04
0
0
0.02
0.34
1.01
0
0
0.07
0.04
0.11
0.21
0.47
0.42
1.47
4.05
1.22
0.32
0.1
0.01
8.81
3.24
0
0
0.9
0.33
0
0
0
0
9.73
2.38
0.07
0.01
0
0.61
0.21
0.06
0
0
0.01
0.01
0
0
0.41
0.01
0.01
0.05
0.6
0.03
0.1
0.22
12.2
12.66
0.54
1.83
0.85
0.31
0.29
0.07
1.24
2.88
1.18
0.66
2.2
0.06
0.21
2.72
5.55
4.15
1.83
0.34
0.07
0.1
0.09
0.1
0.02
0.09
0.32
5
2.3
15.3
6.99
0.48
0.05
0.01
0
0
0
0
0
0
0
0
0
0
0
0
0
0
0
0
0.1
0.98
1.07
0.2
0.24
0.03
0.03
0
0.17
0.01
0.04
2.57
3.43
0.11
0.8
0.04
0.01
0.86
8.54
3.43
0.8
0.23
0.16
0.02
0
0.04
0.02
0.01
0.58
0.05
1.8
0.18
0.01
0.01
0.07
0.08
0.04
0.67
0.4
0.22
1.65
2.27
4.36
3.68
3.53
6.5
0.81
0.48
0.01
0
0
0
0
0.02
0.4
1.41
0.66
0.18
0.11
0.41
0.04
1.81
4
11.42
3.54
1.26
3.7
21.55
54.84
5.44
8.59
2.72
2.31
2.44
2.36
4.02
4.74
35.13
6.51
4.9
6.74
3.16
2.21
1.92
1.84
0.7
1.45
0.2
0.51
1.4
1.38
1.87
0.86
3.65
0.01
0.02
0.1
0.21
0.41
1.24
2.97
1.4
0.43
5.66
2.21
3.71
6.83
3.93
2.6
9.36
30.5
3.81
3.16
1.22
1.59
1.25
3.78
3.71
10.82
22.75
18.31
10.24
3.39
2.05
3.28
1.62
1.98
3.13
3.1
1.96
3.44
2.98
3.82
4.88
9.31
6.35
4.73
3.95
1.32
3.45
4.47
8.92
6.08
9.77
5.15
4.8
18.13
7.68
5.37
5.11
40.39
8.73
9.43
2.15
0.87
0.93
0.62
0.5
12.1
11.84
6.94
6.8
5.78
10.33
9.99
4.97
4.69
7.18
2.68
3.72
8.04
15.81
21.85
11.91
7.62
15.7
3.85
3.26
3.55
2.57
1.28
1.06
3.13
28
8.78
6.5
9.01
21.92
11.3
1.36
12.32
5.67
2.45
2.3
2.02
5.1
1.62
1.41
2.58
2.62
2.09
3.28
1.44
2.55
6.2
3.5
0.89
1.58
10.25
14.38
13.59
16.07
14.3
0.89
1.24
3.23
2.97
2.01
3.19
12.94
16.23
7.31
8.16
3.21
4.74
5.51
6.32
7.71
4.83
2.26
1.32
2.05
2.19
4.31
3.52
4.76
1.96
8.7
19.17
9.98
4.89
4.7
4.54
2.54
1.71
1.84
3.01
1.05
1.21
0.27
0.28
0.15
1.01
1.18
0.47
0.31
2.91
5.32
2.57
0.64
2.78
16.45
0.68
0
0.01
0.01
0
0
0
0.06
0.54
1.06
0.19
0.01
0.04
0.24
1.53
4.42
2.64
0.35
0.02
0
0
0
0.01
0.13
0
0
0.11
0.11
0.11
0.16
1.07
1.12
0
0
0
0
0
3.05
0.96
0
0
0
0
0
0
0
0
0.09
0.1
0.81
1.81
0.09
0.02
0
0.02
0.19
0.95
2.18
3.61
2.83
4.79
2.05
8.08
8.52
0.19
0.01
3.72
3.97
0.03
0.01
0
0
0
0.01
0.04
0.22
0.1
0.02
0
0
0
0.02
0
0
0
0
0
0
0
0
0
0
0.13
0.02
0.01
0.06
0
0
0
0
0
0
0
0
0
0
0
0
0
0
0
0
0
0
0
0
0
0
0
0
1.57
7.63
3.96
4.47
1.72
8.16
