19930101,
26.713,8.838
29.717,8.034
29.05,9.15
28.21,9.98
28.989,11.851
27.862,11.903
29.057,10.595
27.196,10.229
26.164,10.985
27.673,9.937
28.566,9.183
27.992,9.011
28.432,9.039
29.291,9.184
28.762,9.423
26.704,8.915
28.214,9.881
28.943,8.796
28.887,8.274
29.508,8.752
28.923,8.453
29.136,7.906
29.254,7.464
29.856,7.486
30.349,6.29
30.248,5.608
30.49,5.509
30.532,5.786
30.022,6.454
29.669,7.655
27.391,9.802
29.158,10.178
24.963,11.785
29.522,13.278
30.112,10.184
30.219,8.586
30.256,8.466
30.719,7.257
31.497,8.756
31.378,8.582
30.736,9.616
29.086,9.399
29.608,9.278
30.615,8.315
30.459,8.415
30.282,8.343
30.14,9.914
30.559,10.724
30.829,11.803
29.892,14.57
28.482,14.614
26.425,15.318
25.327,13.909
25.122,14.302
22.342,12.209
20.866,15.155
23.412,13.56
24.594,12.355
23.45,11.974
21.885,15.101
23.007,12.845
21.695,12.493
23.329,13.155
26.142,13.901
25.941,13.018
29.086,12.448
27.612,12.299
27.491,12.462
27.486,11.815
28.524,11.539
28.387,11.778
27.936,12.001
25.559,14.089
28.128,12.71
25.589,13.021
24.078,12.104
22.027,13.29
21.108,14.177
21.927,13.75
23.331,14.091
22.993,13.975
23.242,10.902
22.857,11.409
23.065,10.537
20.602,14.209
22.305,13.978
23.271,14.15
22.629,13.107
27.28,11.685
26.791,10.673
26.557,13.124
25.456,14.146
24.104,13.826
24.21,13.342
24.971,13.841
26.633,13.077
30.188,11.672
30.921,9.651
30.839,8.648
30.925,8.041
30.282,9.501
28.241,12.618
29.526,12.22
30.581,8.752
30.871,7.592
30.349,8.093
26.353,12.143
24.622,12.828
27.69,10.864
30.674,11.125
30.089,11.603
27.569,13.182
24.826,13.221
28.279,13.581
20.403,12.108
24.941,11.534
22.096,12.797
27.13,13.468
21.077,14.524
21.106,13.68
27.037,12.965
25.184,13.992
25.972,14.748
22.606,9.892
30.457,8.799
32.253,12.72
26.298,14.83
26.241,14.342
26.943,14.973
24.178,13.294
26.089,14.591
23.557,10.867
26.159,13.092
29.9,10.415
27.161,13.923
20.438,10.672
24.789,12.72
26.023,12.554
25.656,13.929
29.82,13.475
27.936,13.977
25.229,14.02
26.219,14.109
24.462,14.489
24.816,13.681
17.943,13.537
22.827,11.426
31.654,10.912
26.072,14.394
25.372,14.023
28.334,13.417
29.7,14.608
27.408,14.384
25.974,14.513
23.98,10.231
23.115,9.977
20.385,13.086
22.075,12.111
18.245,11.781
27.808,12.727
24.137,13.779
24,14.272
21.741,13.032
27.438,12.695
24.447,14.396
26.451,13.601
22.979,13.523
25.518,12.948
26.007,13.022
26.096,14.311
23.445,13.857
24.755,13.051
27.753,12.736
19.31,13.885
24.064,13.235
27.797,13.921
23.366,14.957
17.401,10.089
27.435,7.109
22.22,12.868
23.082,12.423
23.379,12.864
23.563,14.285
24.234,14.434
21.777,14.292
25.467,14.819
22.409,15.246
21.819,13.575
23.609,10.073
28.653,8.027
26.736,13.783
27.244,13.261
23.12,15.495
22.875,15.598
23.301,15.044
19.616,12.834
23.44,13.249
23.404,14.325
21.787,14.234
22.05,12.869
28.55,11.225
24.928,14.781
22.612,14.807
22.638,14.902
20.589,14.349
21.761,14.25
17.606,13.527
23.962,12.764
21.958,12.366
18.156,10.725
25.354,9.267
21.776,15.122
22.793,13.713
22.724,13.868
23.678,13.664
18.602,13.014
24.106,11.04
27.307,13.536
26.529,14.613
27.066,13.258
26.921,13.545
19.042,10.912
19.308,10.318
25.255,10.389
24.141,14.233
18.734,14.381
26.21,13.933
24.456,14.685
23.316,12.923
26.509,9.147
22.186,14.846
24.737,14.124
23.239,14.023
24.466,14.3
24.332,14.949
25.004,14.422
22.083,13.315
27.795,13.251
24.799,10.8
30.071,11.584
22.045,14.161
29.25,12.645
25.692,14.758
29.986,14.196
23.396,14.631
20.425,13.513
24.06,13.212
27.257,14.772
26.903,14.969
28.424,14.872
23.935,13.549
30.131,12.483
26.954,11.892
30.798,11.274
25.593,13.815
21.528,14.244
19.476,12.702
25.655,11.405
23.36,11.335
29.01,11.707
24.038,14.185
21.69,13.638
23.457,13.396
25.935,13.042
22.542,12.933
24.512,10.517
25.096,13.127
24.711,14.077
25.886,14.993
24.234,15.008
23.302,14.809
22.97,12.296
23.075,13.713
23.236,13.158
21.861,11.918
25.004,12.051
19.527,13.45
24.45,13.508
18.283,8.476
25.19,8.821
25.958,12.22
25.308,13.615
24.744,12.384
24.664,11.62
27.725,9.657
27.248,11.158
26.747,13.087
25.707,10.602
28.589,10.182
29.039,7.772
27.725,8.095
27.061,11.811
22.279,13.162
27.72,12.644
27.249,11.782
26.56,11.29
27.599,9.278
26.824,9.436
27.359,9.762
26.628,10.113
25.503,11.993
28.101,10.889
28.061,10.183
27.586,9.927
26.135,10.347
26.949,11.606
24.56,12.207
25.024,12.702
22.278,12.584
22.827,12.771
24.47,11.996
22.531,12.225
21.774,12.564
26.851,12.326
25.742,12.421
20.4,12.959
24.321,12.751
21.732,10.827
26.151,11.487
27.207,9.404
25.749,9.11
24.072,11.76
25.073,9.945
26.893,9.147
26.382,9.734
24.039,8.892
25.471,8.734
26.22,9.044
26.199,8.8
22.284,10.329
26.235,10.293
25.671,12.243
21.583,10.982
20.825,9.169
23.2,9.946
25.101,9.167
26.926,9.583
25.958,9.783
25.077,9.855
21.646,9.604
24.208,8.987
24.478,8.129
22.744,8.656
21.786,9.942
21.898,10.16
19.52,11.263
23.075,11.437
24.183,8.935
25.457,8.833
24.13,8.838
20.246,9.108
26.891,9.901
25.944,10.492
24.74,9.41
26.513,9.843
26.998,9.596
23.519,11.152
27.694,10.828
19.894,9.826
26.333,9.152
25.682,10.446
24.991,11.772
22.792,10.696
26.48,12.109
22.264,12.058
27.034,10.737
27.797,10.468
27.487,11.282
27.802,10.656
22.538,9.901
26.885,10.217
28.474,6.193
29.042,3.76
28.577,5.218
28.77,4.386
29,5.304
28.567,5.213
26.836,6.377
27.301,6.103
28.654,4.538
28.707,5.261
28.741,5.766
29.066,6.123
29.8,5.313
28.941,6.367
29.077,7.804
27.605,10.494
27.966,8.819
29.373,8.222
29.289,8.437
28.707,9.053
27.941,9.249
28.778,8.97
29.038,8.998
29.725,9.86
31.133,9.18
30.432,8.642
28.513,10.479
28.29,11.326
28.139,12.397
26.343,13.515
26.107,14.205
26.529,12.816
21.277,12.009
27.552,11.228
27.957,10.251
29.902,8.763
27.118,9.406
28.251,10.609
24.885,12.048
25.864,9.76
26.324,8.423
28.534,7.721
28.862,10.434
29.197,10.519
29.553,13.106
30.634,12.151
30.84,10.092
31.218,10.677
31.336,10.08
30.492,9.194
30.866,9.174
30.954,8.419
30.905,12.264
31.32,12.003
29.456,11.158
29.745,12.452
29.37,14.368
31.306,13.406
31.322,13.241
29.8,11.574
31.121,11.832
28.581,12.027
30.352,11.758
27.556,13.59
28.479,13.694
30.692,12.897
28.153,13.319
30.397,13.695
28.375,11.925
29.24,12.156
26.619,11.886
29.465,11.313
27.846,14.436
27.538,11.86
29.698,12.221
30.609,11.947
32.416,11.525
31.122,13.047
31.806,12.487
31.71,12.274
32.144,11.987
30.084,12.445
28.992,13.641
30.996,12.984
31.871,13.931
32.771,10.752
32.745,11.687
27.129,14.499
27.841,13.437
30.335,12.961
31.308,14.107
28.037,14.15
29.709,14.084
24.926,13.832
27.172,13.216
26.811,13.511
27.325,13.782
26.904,14.323
27.906,14.115
25.04,13.92
23.015,12.745
23.148,12.706
24.298,13.083
30.249,14.285
33.348,10.745
32.869,8.541
32.978,7.995
31.467,9.943
30.063,9.843
30.654,9.616
30.767,9.891
31.243,11.366
31.434,12.095
31.576,12.754
31.048,14.179
32.517,13.854
31.703,14.765
29.649,14.525
31.171,14.415
25.848,14.572
26.19,14.859
26.595,14.616
24.745,13.331
29.004,13.163
24.839,14.611
31.771,14.028
25.182,13.334
25.933,13.577
25.308,14.247
24.991,14.187
24.878,14.258
30.681,13.918
28.447,13.534
26.394,14.546
28.115,14.781
25.898,14.835
22.641,14.063
24.9,12.405
26.526,14.065
25.637,14.954
24.93,15.165
24.664,14.863
22.86,14.954
22.152,13.453
28.028,13.133
24.885,14.684
25.096,14.572
25.457,14.021
29.957,14.154
26.885,14.436
26.084,15.155
19.008,11.303
28.102,10.901
26.371,14.433
31.696,13.909
25.605,14.984
23.909,14.527
20.185,15.058
22.397,13.757
25.307,13.266
26.724,12.563
21.668,14.304
25.059,14.237
24.414,14.641
29.775,14.202
21.095,14.314
26.079,13.535
22.903,14.969
23.024,13.757
24.483,14.217
22.389,14.5
23.046,14.184
25.98,13.069
22.095,14.282
19.794,11.342
23.818,12.739
23.394,13.27
24.817,12.806
23.481,14.343
25.656,12.76
31.921,11.199
26.559,14.2
23.137,14.457
22.175,14.407
21.498,13.997
22.539,14.007
25.127,13.506
22.398,13.803
22.215,13.869
21.148,14.088
20.669,14.116
19.924,14.04
19.241,10.178
22.325,10.939
16.66,9.771
21.151,10.23
24.436,11.022
26.101,12.068
22.961,14.614
21.88,14.36
22.806,13.487
25.438,12.717
19.999,13.968
27.91,12.721
26.794,13.842
25.099,14.298
23.108,14.785
20.902,15.166
20.902,15.26
24.438,14.693
27.51,14.898
21.217,11.847
25.08,12.591
24.225,13.384
22.059,13.312
26.543,12.437
22.389,14.899
27.252,14.248
26.607,14.341
24.648,14.552
24.273,14.021
26.213,14.631
24.282,14.805
23.159,14.542
20.319,14.361
25.575,13.477
23.908,12.492
22.74,13.651
23.512,13.825
24.281,14.02
20.983,13.427
22.373,12.773
21.293,14.31
20.844,14.149
21.756,13.727
23.059,13.072
21.818,14.043
25.63,12.039
30.495,12.472
30.417,11.62
27.851,12.229
28.454,11.813
30.39,10.83
20.611,14.165
26.596,12.751
20.636,13.697
25.487,13.784
18.316,12.028
26.972,11.267
22.118,14.252
22.607,13.55
21.89,13.474
23.284,12.244
20.922,11.291
28.837,11.53
22.248,13.827
20.156,14.003
21.39,12.377
27.067,12.514
22.783,14.261
25.118,14.717
24.184,14.409
26.204,13.832
23.952,14.983
31.018,14.519
22.801,13.297
27.38,14.17
22.954,14.419
19.409,14.632
25.314,12.46
23.939,13.849
18.703,13.958
25.076,12.575
22.231,11.861
26.366,12.539
21.975,12.643
21.623,11.834
22.594,11.559
23.939,12.485
27.574,12.9
20.792,10.744
27.233,11.796
27.994,11.983
27.937,11.158
28.033,11.437
23.136,12.964
24.517,13.331
22.711,13.131
25.081,13.487
24.018,13.48
23.649,13.436
26.389,13.939
27.102,13.722
26.774,12.801
25.482,12.099
22.722,12.194
23.211,12.086
19.337,12.659
23.644,10.716
25.391,11.831
23.112,12.316
24.83,12.162
24.593,12.432
21.108,11.936
24.724,12.623
23.678,12.767
25.477,12.727
21.387,12.254
19.882,12.563
25.719,11.6
26.694,9.124
27.123,7.474
27.847,7.201
26.264,7.918
24.832,7.915
26.135,7.631
26.702,7.713
26.091,10.416
26.39,10.293
24.642,9.587
23.775,11.576
22.874,11.634
27.04,10.663
25.573,11.271
25.619,11.643
24.771,10.781
27.092,9.187
26.915,9.364
26.829,8.17
26.765,7.366
25.604,12.228
25.705,10.13
27.489,6.689
27.345,5.14
27.421,6.952
26.93,7.007
26.489,7.58
26.866,7.349
26.385,7.844
25.634,8.531
25.005,8.786
25.853,7.08
27.81,6.646
26.828,5.784
27.01,4.74
26.969,5.415
27.31,6.01
25.81,7.16
26.729,8.686
26.936,7.813
27.036,7.023
26.253,6.091
27.052,5.412
28.025,5.848
28.409,6.007
27.477,5.872
27.99,4.966
27.664,4.956
27.107,6.231
28.817,6.1
28.372,7.024
26.919,9.863
26.273,8.741
25.727,9.751
23.208,9.565
25.387,8.785
26.854,8.872
21.272,11.208
25.753,8.692
27.512,8.182
28.382,9.895
23.777,11.724
25.246,10.519
26.711,9.596
28.565,8.715
28.084,7.056
29.272,5.398
29.187,4.976
28.698,5.454
29.154,7.202
28.336,6.887
29.053,7.615
28.064,8.145
18.106,10.662
25.228,10.124
23.014,11.481
22.033,10.958
24.243,10.808
24.099,11.733
23.195,12.497
26.732,10.115
27.084,9.656
22.755,10.167
22.602,10.148
20.837,11.142
26.068,12.594
28.137,13.261
28.142,11.427
28.098,10.304
26.528,11.565
24.502,9.8
27.041,13.055
28.227,13.013
26.808,12.662
26.394,13.023
29.181,13.049
29.727,12.599
29.043,12.911
29.139,13.037
29.915,10.115
30.435,8.926
29.539,10.27
29.095,11.431
29.222,10.809
29.964,11.126
29.513,10.614
28.591,12.073
28.074,10.036
30.659,8.246
31.383,8.301
31.098,9.243
31.689,9.953
32.273,9.076
31.878,9.608
30.985,10.686
26.737,12.122
30.072,12.282
29.688,12.571
25.167,13.263
27.689,13.899
20.455,11.966
28.882,11.828
27.803,12.922
26.919,12.26
28.195,11.341
22.87,10.642
29.162,10.728
30.833,14.182
30.112,13.444
23.033,11.155
25.242,11.337
25.94,15.787
25.29,14.689
24.846,13.552
25.663,13.411
26.776,13.64
27.483,14.359
27.455,14.555
26.978,14.044
23.602,13.918
21.511,13.279
21.302,13.682
20.251,13.866
19.986,12.648
24.18,12.539
29.369,13.071
23.302,13.783
22.929,13.927
22.185,13.228
27.555,12.556
29.809,12.662
30.017,10.198
30.26,8.735
29.712,9.033
28.258,10.368
26.224,13.184
25.682,14.175
24.433,14.255
23.944,14.6
23.993,14.077
24.636,14.348
24.949,14.747
23.668,14.227
21.344,14.09
22.271,14.171
26.637,13.393
23.794,13.999
24.371,13.818
27.776,14.476
24.786,13.598
29.1,13.879
25.517,14.456
30.066,13.006
25.501,13.958
29.029,14.375
27.878,14.115
24.013,14.009
26.712,14.375
25.676,14.159
27.841,14.4
28.089,14.754
29.725,15.079
33.37,13.201
26.11,12.967
27.408,13.672
25.77,14.254
25.391,13.993
26.289,13.46
25.518,13.525
25.064,14.031
24.662,14.349
26.072,14.123
23.966,14.267
20.701,14.77
25.187,12.881
24.12,13.452
21.792,14.291
23.261,13.954
24.367,12.178
24.134,11.005
18.855,11.646
25.728,12.499
25.995,13.669
23.821,12.339
28.15,12.596
31.556,13.575
25.616,14.279
22.278,13.171
19.135,11.674
21.388,10.24
21.914,9.057
27.389,12.754
25.56,13.382
25.161,12.893
26.839,12.318
24.431,13.907
23.088,14.385
20.632,12.434
25.408,11.624
27.98,13.145
23.119,13.647
23.955,13.799
22.802,14.321
22.005,14.287
23.422,12.415
22.242,13.375
21.468,14.63
24.034,13.735
27.68,12.755
22.248,13.572
26.115,14.389
20.866,13.776
20.983,11.899
19.005,11.588
19.114,12.08
22.805,11.98
22.452,13.989
24.258,12.939
25.814,12.747
30.824,12.444
24.874,13.971
25.363,13.474
19.874,14.869
23.677,14.544
26.6,15.136
20.502,14.916
23.965,14.805
18.263,10.354
27.409,12.058
19.582,12.942
22.938,13.164
22.997,14.44
21.804,13.24
23.052,12.296
19.387,14.62
24.417,14.047
23.034,15.195
24.505,13.02
22.531,11.451
22.581,12.541
24.468,15.39
22.153,15.575
22.811,14.425
23.137,14.654
18.711,13.555
22.498,13.404
24.394,14.319
20.844,14.751
19.327,12.976
23.071,13.389
23.485,14.689
18.983,14.394
24.185,13.278
20.445,12.57
24.325,13.888
18.756,11.525
17.417,9.405
22.265,7.605
22.361,11.42
20.857,12.036
23.362,14.458
22.421,13.434
27.115,13.976
20.403,14.484
21.574,14.227
20.549,8.365
29.914,7.828
24.444,15.138
24.068,14.948
23.203,14.721
23.749,13.642
25.686,13.186
21.747,10.058
27.595,9.028
26.775,13.182
25.71,13.524
24.772,13.892
23.326,12.996
29.671,10.297
30.15,14.905
23.149,14.09
23.929,13.19
25.151,12.365
24.684,14.251
28.101,9.331
26.736,9.809
24.295,13.602
23.488,13.706
25.263,14.588
27.835,14.272
22.843,14.309
20.327,8.861
30.062,10.275
22.382,14.121
26.859,13.618
23.341,13.862
24.286,13.856
24.116,15.058
23.388,14.037
29.23,13.346
23.896,14.292
24.301,14.35
28.164,12.901
22.26,12.197
24.334,13.312
23.45,14.448
23.944,12.962
25.92,12.842
29.464,13.07
29.921,11.872
28.737,11.686
27.51,13.503
24.667,13.367
29.119,11.778
29.622,10.348
29.501,9.445
28.95,8.761
27.6,9.981
26.335,12.243
27.592,10.759
27.279,10.552
27.032,8.811
28.132,7.941
26.943,11.828
26.533,11.701
27.873,10.33
28.856,8.021
28.986,7.506
26.416,10.738
25.539,12.838
27.085,12.387
26.227,12.694
26.227,12.266
26.701,11.612
24.041,10.632
27.547,10.209
27.327,8.964
27.251,9.312
25.159,10.663
22.945,11.892
24.431,11.701
27.311,9.531
27.201,7.667
27.162,7.433
24.652,9.939
23.852,10.781
24.929,10.889
24.225,11.685
24.434,11.959
26.239,11.03
26.344,9.886
26.243,9.853
26.921,11.235
27.226,9.825
27.606,6.889
27.955,4.921
27.942,6.43
27.727,7.169
25.846,7.935
27.152,6.682
26.902,7.363
27.479,7.921
28.19,8.288
27.781,8.204
21.454,11.56
27.638,10.127
25.184,10.25
25.051,9.734
25.604,10.246
26.643,10.971
23.231,12.806
24.389,13.143
27.729,9.69
27.835,8.674
24.991,14.436
20.69,13.145
20.96,12.697
22.265,11.062
25.543,11.52
26.858,9.519
26.662,10.501
27.558,9.472
27.971,8.122
26.302,7.578
27.225,7.535
24.781,10.205
22.647,12.632
22.166,10.212
27.547,10.06
26.057,10.107
25.606,10.473
26.685,10.955
26.764,10.585
27.844,9.904
28.042,9.498
26.456,9.165
28.004,8.813
29.072,8.438
29.285,8.797
26.291,10.332
26.347,12.09
23.641,13.375
29.042,12.399
29.802,12.037
27.58,12.692
27.53,12.644
28.757,13.09
28.375,13.449
26.154,12.866
27.637,13.518
26.541,13.606
25.902,13.628
21.92,9.467
28.779,10.59
27.161,10.186
19.1,9.894
29.138,8.848
27.78,9.182
29.302,9.72
29.176,9.991
29.359,10.097
29.093,13.051
29.351,12.068
29.009,12.402
28.947,13.275
27.901,13.124
30.207,11.761
30.35,10.313
31.25,10.253
30.373,12.055
27.934,14.913
29.873,12.943
27.509,13.89
23.5,12.495
29.009,13.139
25.034,13.241
28.347,13.214
22.487,14.917
22.054,15.146
25.075,12.139
27.792,11.932
26.83,13.228
24.823,11.76
22.413,11.701
22.326,11.919
27.557,11.368
28.844,9.275
29.948,8.621
28.442,9.302
30.391,10.17
30.46,10.23
28.753,11.751
28.926,11.976
29.217,12.4
29.508,12.824
27.593,12.372
25.236,15.37
26.622,14.107
29.497,13.004
29.059,12.785
28.239,14.239
25.462,12.767
29.033,11.618
29.116,12.123
29.501,11.414
24.694,13.286
28.182,13.825
23.568,13.695
21.578,13.478
26.534,13.259
25.252,14.914
24.165,14.133
24.66,13.735
24.276,13.615
25.894,12.073
26.103,14.385
28.417,13.343
28.75,11.927
28.324,12.91
24.529,14.633
30.226,12.596
32.097,11.055
31.016,14.229
23.841,13.205
25.109,14.866
22.081,12.668
29.231,10.896
25.526,14.048
24.699,13.726
27.723,13.755
28.975,15.122
30.058,14.551
27.835,14.286
26.292,13.904
26.36,13.453
26.078,13.425
27.38,13.828
26.981,13.394
26.449,13.43
23.029,14.417
23.369,13.126
26.227,11.152
29.425,10.981
30.601,11.241
30.163,13.825
26.872,14.327
21.423,14.416
21.112,13.784
23.411,11.935
29.513,12.283
31.141,11.553
32.054,10.596
32.981,9.304
29.339,13.79
22.018,14.111
22.669,10.852
27.688,11.789
27.296,14.334
25.819,14.956
22.013,12.232
21.471,9.538
30.705,13.432
21.856,15.365
20.796,14.581
25.097,14.586
24.112,14.798
21.245,15.147
20.978,14.764
22.495,11.362
28.054,10.483
27.257,13.593
29.743,14.173
27.984,14.67
28.918,15.475
34.086,13.773
35.776,14.294
31.465,14.028
26.458,13.96
26.895,15.22
24.218,13.956
30.285,12.486
24.325,12.105
17.887,11.932
30.629,10.287
30.198,13.418
32.505,12.768
30.107,13.654
25.206,13.43
25.024,12.39
27.865,11.533
30.998,10.311
28.974,13.038
28.543,14.779
31.784,15.142
28.934,13.685
26.665,15.458
25.555,15.478
26.146,14.78
22.496,14.301
22.314,11.954
26.357,10.994
23.946,9.866
26.576,11.639
24.974,14.146
24.652,13.577
20.82,9.645
17.44,11.244
24.017,11.139
24.406,12.944
25.572,14.684
27.14,14.384
25.634,14.627
24.17,13.746
26.954,13.574
19.225,13.702
23.74,12.694
26.991,13.282
22.081,14.121
23.551,14.347
23.515,14.828
25.807,14.61
24.741,13.147
23.733,11.889
25.793,14.83
28.174,15.178
25.676,14.896
25.607,14.749
28.813,14.86
24.373,14.387
21.534,14.673
25.813,13.017
26.045,12.001
22.788,13.163
30.327,11.283
23.82,12.728
20.547,15.326
21.913,12.439
21.746,15.561
23.354,14.404
23.919,12.712
22.127,15.788
23.552,14.979
23.414,14.733
21.722,15.696
23.975,15.223
23.905,14.452
23.991,15.259
23.505,12.351
29.775,10.844
23.22,14.393
21.94,14.301
23.086,14.51
21.004,12.764
22.771,13.102
25.171,13.727
24.22,15.04
25.134,14.725
22.008,15.094
22.529,14.528
23.038,15.033
22.629,14.974
24.07,15.086
23.321,14.964
21.502,14.812
22.775,14.492
22.524,15.284
21.311,15.446
19.962,13.915
25.313,13.273
21.782,12.862
23.586,11.323
24.024,13.981
21.705,13.986
24.63,12.342
27.791,12.614
21.706,12.508
26.093,14.204
20.533,12.987
22.892,12.962
28.411,13.828
22.4,13.314
28.196,11.656
22.358,12.284
21.528,13.876
23.856,13.401
24.189,12.753
24.858,14.678
21.866,14.545
23.606,13.858
23.864,13.365
29.709,14.545
23.376,13.017
23.728,13.128
26.091,15.171
26.702,14.541
24.41,14.478
22.146,13.221
28.988,13.486
21.25,9.483
31.191,9.011
23.708,14.621
24.147,14.908
25.196,13.628
26.068,13.774
26.107,15.544
23.687,13.288
22.848,12.964
23.538,12.673
23.408,14.002
22.048,12.93
23.633,11.665
22.664,9.518
26.939,11.833
23.898,12.119
24.297,12.103
22.893,13.111
19.981,10.104
23.828,7.592
25.803,12.219
23.245,11.685
24.72,12.533
21.637,12.505
23.68,12.763
23.811,11.882
24.054,12.257
27.609,13.326
24.836,12.744
27.008,13.537
24.618,13.8
27.354,13.975
23.657,13.152
28.02,13.865
24.113,14.227
26.487,13.601
28.114,13.132
26.513,12.069
28.319,10.116
27.698,10.218
27.376,11.896
27.334,11.989
26.982,7.451
27.535,6.449
27.674,6.719
27.759,5.999
27.255,7.273
27.469,7.966
27.12,11.158
23.415,12.005
25.33,12.64
22.464,11.268
26.98,11.575
26.436,11.877
26.436,12.746
27.606,11.917
27.115,12.134
25.596,12.192
25.577,12.776
23.897,12.756
23.832,13.088
21.46,12.424
24.118,12.646
26.547,12.967
25.895,12.713
27.3,11.712
24.44,12.334
26.212,12.817
27.355,10.932
27.564,10.911
26.642,10.327
27.196,10.592
26.603,10.927
27.074,10.303
25.753,10.515
25.51,12.655
21.334,13.421
21.492,13.628
23.753,13.155
23.625,12.224
25.653,12.079
26.987,12.7
25.442,13.177
24.892,11.498
26.393,10.574
26.685,13.924
27.364,11.769
26.486,9.915
25.868,9.921
27.612,11.132
26.425,11.903
25.685,11.926
26.025,10.441
27.592,11.529
26.957,11.641
27.041,12.379
27.958,10.969
27.355,9.687
27.413,10.072
27.573,8.963
28.494,9.374
27.523,8.465
25.579,8.411
24.141,10.545
27.607,9.777
20.139,11.768
24.417,14.206
19.884,14.275
28.951,12.613
29.692,10.638
28.522,11.025
24.951,11.103
26.469,11.368
23.924,10.856
28.191,10.379
22.369,14.074
24.583,11.321
29.176,9.888
29.571,7.749
29.386,8.349
28.5,9.229
26.24,10.273
27.985,9.98
26.704,10.738
27.32,10.558
21.712,12.065
27.423,11.437
26.194,11.477
25.103,12.385
27.486,13.41
27.529,11.06
29.964,10.56
30.013,12.363
30.489,12.079
30.22,13.402
29.237,12.523
26.56,13.011
25.924,13.283
25.448,14.877
25.688,13.804
25.39,13.129
29.218,11.602
30.17,9.823
29.54,8.998
29.809,8.896
29.723,7.453
29.285,8.445
28.311,8.617
28.685,13.192
29.078,12.284
26.694,11.243
30.557,10.343
31.072,9.578
30.879,8.966
29.877,11.109
23.95,15.32
24.263,13.201
27.648,11.927
28.001,13.121
29.152,12.31
27.498,13.333
25.222,12.918
30.202,11.424
29.802,10.062
30.653,10.064
29.435,11.496
30.445,13.157
29.871,13.45
31.205,12.511
30.821,12.815
24.317,14.413
31.048,14.052
29.055,14.225
26.839,13.862
29.252,14.416
27.575,11.638
27.539,12.96
26.847,14.915
30.653,13.458
29.298,12.215
29.815,12.212
31.234,14.172
30.023,13.149
31.043,11.326
31.952,9.294
32.397,8.227
32.799,9.58
32.579,10.507
32.259,10.425
31.15,11.999
29.343,10.183
23.237,14.3
28.034,14.232
30.758,10.911
30.668,11.748
27.032,14.617
27.108,14.855
25.481,15.103
25.745,14.149
26.258,14.352
27.078,12.876
27.976,13.429
30.045,13.05
30.042,14.304
29.324,14.484
29.478,13.887
26.498,14.29
24.945,14.241
26.383,14.516
27.094,14.696
29.659,14.543
29.593,14.488
21.859,14.575
25.493,15
26.473,13.89
25.247,14.399
26.396,14.763
28.706,14.23
30.055,12.675
31.139,13.136
29.522,14.124
29.105,15.018
27.883,14.054
25.829,12.729
23.767,13.645
27.523,14.133
27.184,15.139
26.549,14.131
21.419,12.022
22.264,10.876
25.648,12.292
28.191,14.408
25.554,14.399
26.64,15.29
27.353,15.187
26.365,12.654
26.909,13.673
27.473,15.173
29.906,15.162
34.785,14.522
29.256,15.213
29.494,15.204
26.362,15.705
25.974,15.448
26.656,14.183
29.035,13.762
26.141,15.639
26.187,14.433
24.895,15.164
24.962,15.577
27.761,13.775
25.732,11.789
24.974,14.622
24.532,13.865
24.007,14.055
24.391,13.508
25.634,11.539
26.664,11.963
20.588,10.437
29.43,11.56
26.663,15.215
25.389,15.026
29.251,15.321
23.126,15.388
24.658,14.046
24.65,12.53
22.906,12.766
24.428,11.454
24.471,10.917
19.264,11.054
27.102,11.551
26.414,11.949
24.83,14.061
25.02,15.538
23.984,13.747
24.799,12.976
23.454,15.156
19.161,11.141
23.594,10.904
24.294,10.983
21.452,13.707
24.179,13.299
23.419,12.285
25.33,14.016
24.477,14.389
21.243,14.213
17.371,14.715
24.093,13.792
24.324,13.345
22.595,13.739
22.741,14.876
22.083,10.093
31.091,8.378
26.977,14.734
21.005,14.573
23.948,14.059
29.7,12.918
22.713,11.53
24.743,9.527
21.578,14.212
24.631,14.019
23.053,15.577
23.38,13.668
23.773,12.281
23.54,13.968
22.368,12.579
25.325,12.483
24.171,16.465
26.571,15.812
21.213,16.324
21.586,12.347
22.642,15.008
23.485,16.413
21.899,16.032
23.897,14.955
22.37,15.218
21.881,15.678
19.492,15.419
18.143,13.951
22.154,12.197
20.344,9.588
23.73,12.024
23.118,14.345
23.937,14.812
23.013,14.517
20.252,13.189
22.175,13.706
24.841,14.757
22.428,15.006
24.49,13.667
27.896,15.761
27.527,13.601
24.697,14.458
20.97,14.01
23.755,14.001
25.683,12.198
24.404,12.682
23.886,14.289
21.383,13.256
25.095,13.367
24.755,14.211
24.302,14.733
28.201,14.534
20.073,13.814
22.115,12.162
20.752,14.41
22.504,14.278
22.296,13.267
26.005,13.822
20.301,12.378
25.525,12.14
22.286,13.466
22.838,12.729
23.897,14.646
26.091,14.242
26.225,14.394
24.096,15.022
23.66,14.6
30.897,13.83
25.539,14.731
24.129,14.508
19.619,12.677
20.78,10.656
25.389,13.593
26.335,15.385
30.776,12.614
24.519,14.883
26.512,14.419
19.592,11.428
19.124,10.536
20.648,9.53
22.994,10.858
19.422,10.992
25.091,13.823
24.935,14.171
25.938,14.951
23.383,14.361
29.055,14.308
23.954,14.35
29.773,13.649
27.045,13.611
22.714,12.363
19.261,13.156
26.061,12.301
22.987,12.117
27.434,12.239
25.466,13.646
29.466,6.695
29.316,5.46
29.054,7.279
28.302,11.594
26.694,13.277
27.414,13.318
26.018,13.512
28.523,9.79
29.083,7.149
28.55,6.839
27.856,8.87
28.23,9.101
28.558,11.218
28.231,9.946
28.926,8.682
27.036,10.637
24.264,11.542
25.471,12.435
26.371,11.215
27.431,11.833
26.888,11.545
27.07,12.463
27.293,11.764
26.58,11.402
23.768,12.96
25.882,12.826
25.491,11.656
26.804,11.946
25.508,12.712
20.436,12.855
21.124,11.203
20.064,11.069
21.029,11.135
20.797,10.753
23.39,10.749
25.726,9.959
26.826,10.298
23.931,10.278
26.458,9.899
26.491,11.732
25.574,11.678
25.243,11.735
26.791,10.76
25.167,12.405
24.61,13.024
24.091,13.067
26.933,10.154
27.201,9.037
26.448,8.905
26.124,8.322
26.023,8.783
27.117,8.036
27.457,7
27.232,8.057
24.495,10.42
22.875,11.066
22.974,12.062
22.708,13.127
21.118,11.101
24.055,12.122
26.554,11.678
24.42,12.389
22.469,13.36
24.436,13.283
24.383,11.423
25.054,10.746
25.329,11.306
25.184,8.14
25.462,8.047
26.884,8.075
26.008,10.051
26.909,10.176
20.69,10.108
24.402,9.602
24.83,10.43
25.522,11.629
22.73,11.94
25.349,12.708
26.107,12.242
25.82,11.674
28.021,10.397
28.186,9.231
26.374,11.335
27.575,10.681
29.457,7.897
29.256,7.699
26.998,9.768
26.261,10.697
25.643,9.933
27.137,10.328
27.537,10.364
27.779,8.751
28.215,7.443
28.599,8.107
28.429,8.602
28.909,8.968
27.599,8.604
28.266,11.791
27.454,11.809
28.21,11.003
28.607,9.571
28.248,7.965
30.252,5.867
29.96,7.7
28.161,9.347
28.717,9.432
30.133,8.131
29.681,9.584
29.179,9.381
27.353,10.778
28.065,13.76
25.622,12.122
25.866,13.026
24.48,11.103
26.096,10.664
22.148,10.304
27.418,11.032
20.536,11.142
24.002,10.945
26.721,11.218
25.397,11.211
27.106,11.127
22.42,12.229
28.373,12.197
24.599,11.621
28.513,11.425
29.091,13.505
25.084,13.851
23.872,13.026
26.618,13.034
27.274,14.625
25.964,11.736
25.34,10.299
28.891,9.566
27.677,11.729
28.64,10.04
26.465,11.221
29.959,9.77
28.709,11.262
30.953,10.32
30.957,8.572
29.369,8.671
26.5,12.824
26.532,15.453
25.648,14.522
27.113,15.392
24.197,14.416
27.974,14.61
23.227,13.074
24.988,11.273
22.996,12.202
22.937,11.277
23.215,11.699
23.592,12.121
24.597,13.294
24.833,14.512
25.164,14.795
24.049,14.288
25.916,13.048
26.352,13.166
27.103,14.21
26.647,15.556
25.082,14.82
22.315,12.207
25.608,12.28
22.582,12.316
23.544,11.547
25.355,13.352
24.968,14.628
27.434,14.278
21.708,14.667
23.959,13.97
29.052,12.987
29.327,14.041
28.456,14.403
26.314,14.562
25.637,14.379
27.411,13.681
27.977,14.387
28.077,13.915
29.623,13.923
23.447,13.88
22.933,12.985
24.016,12.631
25.597,13.358
28.082,13.162
30.113,13.026
27.818,13.393
27.883,13.807
30.351,13.003
29.805,14.222
24.399,14.032
23.434,13.625
26.865,14.198
25.492,13.922
27.81,14.015
29.798,14.44
28.503,14.353
25.021,13.795
23.206,11.88
25.722,13.413
25.865,13.688
26.56,14.265
25.429,10.681
29.503,11.78
24.337,14.127
21.578,13.743
20.529,14.123
20.413,12.349
26.109,10.932
26.864,12.363
26.611,13.83
24.88,13.433
26.442,14.293
27.045,13.633
24.134,13.879
27.071,13.46
26.254,14.608
27.382,14.777
24.061,14.851
25.008,13.464
24.333,13.593
21.185,12.776
26.899,13.932
24.851,13.909
23.802,13.725
20.957,12.523
24.799,12.98
25.225,14.329
24.393,14.293
24.077,14.07
23.57,14.029
24.739,14.541
22.375,14.442
16.446,12.077
21.28,13.117
23.815,14.199
22.244,14.156
23.459,14.747
24.75,12.941
23.953,14.067
15.796,14.222
22.709,13.712
25.297,14.412
23.055,15.042
16.325,9.744
21.792,10.706
21.142,11.686
22.556,13.85
21.596,13.558
16.76,13.667
21.521,13.196
24.845,12.618
18.632,13.923
18.885,11.555
22.407,13.192
23.545,12.563
23.028,12.219
24.403,12.542
27.396,11.412
24.948,13.016
19.512,14.331
24.507,14.696
20.388,14.611
26.462,14.659
27.625,14.512
26.224,13.563
26.36,12.707
18.381,14.172
26.365,14.759
21.962,14.228
27.945,13.111
19.767,15.33
23.823,13.275
22.904,14.15
22.38,14.507
22.125,13.379
23.401,12.486
19.639,13.447
25.182,12.623
24.789,14.551
21.214,14.915
22.268,13.802
28.262,13.008
24.861,13.4
28.009,11.676
25.39,14.871
18.564,14.778
22.5,14.451
18.888,14.759
25.959,14.195
20.178,13.658
20.633,13.451
20.912,13.26
17.414,8.347
21.082,8.583
29.272,13.83
22.502,14.574
22.855,14.616
24.529,15.114
19.365,14.343
24.664,12.087
26.29,13.267
27.684,13.89
21.681,14.122
21.773,11.388
24.895,9.481
21.101,13.37
21.372,13.583
18.746,12.711
21.021,11.251
21.568,9.86
20.244,11.467
22.297,10.522
25.941,12.366
21.261,12.655
26.456,13.967
23.576,13.749
20.578,14.408
21.578,11.488
28.233,8.419
31.25,7.235
31.781,14.071
22.491,14.896
24.034,13.039
29.375,14.669
26.186,14.518
24.141,12.882
24.613,13.65
19.471,12.678
24.278,10.059
27.254,13.919
29.615,13.306
23.283,13.72
23.494,13.686
21.109,14.222
23.357,14.774
22.452,14.952
23.181,13.693
28.169,13.307
21.533,11.076
25.837,11.733
22.962,13.236
25.163,10.667
21.965,8.579
21.078,13.459
18.824,9.843
23.183,9.086
23.772,8.838
21.907,12.205
23.401,12.123
21.749,11.827
26.45,13.63
21.052,11.584
24.258,13.549
24.329,14.326
23.183,14.183
20.581,12.613
22.098,13.335
25.39,13.11
23.776,13.902
25.288,14.485
24.183,11.226
26.462,9.529
23.919,11.767
28,12.353
26.023,12.649
23.014,11.33
22.917,12.154
20.725,13.465
22.724,12.863
23.397,12.357
23.383,13.28
21.09,12.525
23.855,12.586
18.648,13.268
22.789,13.117
25.549,12.912
26.677,11.862
26.028,12.281
24.432,13.289
20.987,11.602
23.829,11.63
21.749,10.706
23.256,11.486
19.42,10.003
25.265,10.861
20.809,11.201
22.237,11.481
25.872,11.162
26.208,10.334
25.266,11.51
24.665,12.623
23.773,12.66
26.151,12.159
22.961,10.859
24.287,10.165
22.847,10.603
25.131,11.245
21.1,11.703
22.487,10.49
22.01,9.948
24.693,9.679
25.737,10.08
24.237,9.73
26.123,8.693
24.144,10.131
25.293,9.179
23.525,10.437
22.811,10.332
24.724,10.744
24.995,12.678
26.623,11.985
25.949,12.519
26.699,11.952
26.683,10.672
22.199,12.435
20.566,11.54
21.788,8.73
25.509,8.148
27.683,9.379
26.652,8.365
26.64,9.839
27.644,10.112
27.712,8.127
25.608,8.214
24.379,7.644
20.138,8.351
21.137,8.883
22.097,9.597
21.785,9.004
24.55,10.561
22.418,9.972
20.895,9.705
22.733,8.748
26.004,8.813
22.017,9.982
24.439,10.363
26.601,9.322
26.43,8.569
28.718,7.669
27.705,8.427
23.983,9.416
24.691,7.803
25.795,7.569
26.372,8.686
24.124,9.239
25.63,8.932
26.432,8.596
22.561,9.484
25.592,11.63
23.441,15.468
23.742,13.102
24.459,11.435
27.562,10.379
27.979,9.48
27.772,10.081
25.606,11.856
25.019,10.459
28.682,8.444
28.433,7.716
27.317,9.492
26.55,10.459
27.465,10.317
25.037,11.656
21.45,9.746
27.405,9.122
19.793,10.603
26.642,12.119
21.528,9.908
26.332,10.317
27.347,12.452
27.075,11.02
28.665,10.608
28.884,11.061
27.455,10.462
28.667,7.427
28.88,6.165
29.294,8.555
28.928,9.504
26.352,12.201
28.096,10.439
29.409,7.416
29.547,5.881
29.954,6.51
29.86,6.477
29.784,7.833
29.416,9.118
29.007,9.279
27.086,12.612
29.53,10.916
29.641,8.313
30.073,7.179
30.147,7.63
30.069,7.6
30.29,7.669
30.022,8.966
29.234,12.378
26.506,14.455
28.59,14.13
27.398,14.174
24.876,14.466
23.834,12.79
26.199,13.383
22.299,12.338
23.122,10.476
25.213,11.591
26.176,12.247
24.183,12.885
24.547,12.726
22.949,12.131
25.588,12.974
20.792,14.166
27.407,12.999
27.219,11.805
29.973,10.815
28.968,10.867
28.022,10.9
26.922,11.344
30.064,12.967
30.37,11.994
27.795,12.015
26.311,11.318
24.421,13.793
27.785,11.783
29.692,7.463
29.815,7.171
30.023,8.515
28.667,10.567
28.628,13.911
25.357,11.614
24.654,12.03
27.733,13.195
24.616,14.283
25.301,13.909
27.594,14.423
27.605,13.986
27.913,14.483
27.692,13.413
30.525,10.549
29.608,11.28
27.46,12.632
24.036,14.07
22.327,12.343
25.137,13.345
26.697,13.168
25.363,13.925
26.79,13.918
30.691,13.341
30.925,11.461
30.919,11.885
29.511,11.367
29.791,10.552
27.828,10.356
29.41,10.264
29.465,10.927
27.044,13.785
28.157,14.585
29.236,13.398
29.359,14.265
28.092,14.384
25.012,14.177
22.17,13.4
25.24,12.988
24.822,12.101
24.565,12.816
30.312,11.689
30.326,12.255
28.687,14.231
26.534,14.617
25.229,14.904
25.86,14.451
24.358,13.314
26.473,11.834
27.704,13.26
25.073,14.058
23.995,13.749
25.189,12.975
25.732,14.063
23.568,11.963
25.716,12.004
25.648,13.482
21.409,9.871
24.325,11.698
21.128,8.059
25.773,10.296
20.969,10.81
24.542,12.833
25.806,12.608
23.587,14.372
23.339,11.808
16.465,7.627
27.728,8.311
29.979,11.797
23.074,12.787
26.795,8.101
35.062,5.737
26.276,12.599
25.752,14.287
25.319,13.811
25.206,13.978
25.171,13.925
23.862,13.586
22.977,12.437
15.335,11.619
28.43,9.498
25.393,11.349
27.907,13.754
25.907,13.762
27.024,13.461
25.561,13.255
24.514,13.757
24.134,14.026
24.893,13.304
23.772,13.581
23.308,13.055
27.601,12.621
22.896,12.435
23.476,13.095
17.061,11.872
20.663,10.061
25.298,8.965
19.896,10.068
29.441,8.949
22.343,11.019
24.023,10.096
21.917,14.82
22.851,15.299
23.496,14.053
22.887,14.804
20.875,12.978
18.989,11.97
16.611,9.403
16.689,10.801
27.112,11.541
20.596,11.146
23.06,7.998
22.959,11.036
24.583,12.095
25.028,13.637
22.94,14.016
22.617,14.573
23.038,12.284
20.878,12.333
23.814,13.008
23.105,14.247
19.341,12.381
28.671,12.368
22.568,11.495
19.556,11.064
25.98,11.463
22.873,13.979
25.284,13.156
18.743,14.42
18.841,8.802
23.742,8.08
23.06,14.041
21.769,13.984
23.584,15.308
27.368,14.671
25.279,15.448
26.127,14.59
21.55,15.135
23.495,13.66
26.48,14.537
19.79,12.46
23.703,12.435
26.456,12.369
24.999,13.861
24.051,13.853
21.568,11.76
21.332,14.504
19.478,14.635
19.817,14.164
19.306,13.275
23.608,13.148
22.844,13.384
21.742,13.103
26.774,12.586
24.487,13.89
19.355,12.839
24.251,13.269
27.386,14.275
25.487,13.536
22.868,12.578
25.754,13.417
29.211,13.784
22.146,13.789
24.544,14.751
29.733,12.107
19.985,11.527
26.515,9.02
23.57,14.035
21.714,11.253
29.422,10.493
25.471,13.584
23.384,14.614
25.18,14.419
24.45,12.702
26.31,12.451
22.748,14.829
20.35,14.318
21.546,13.947
19.801,13.421
16.361,8.788
26.335,8.252
31.821,10.966
27.261,13.751
29.171,13.205
21.21,14.317
23.522,13.11
25.653,10.823
26.184,10.811
23.113,13.721
20.328,9.699
22.459,9.836
22.401,11.751
23.982,9.295
26.992,8.737
20.601,11.838
23.424,13.964
27.024,12.842
28.913,12.593
19.877,14.705
21.853,11.996
27.029,11.471
24.667,12.465
28.813,12.956
23.633,11.536
27.808,11.159
27.518,12.962
30.191,11.077
30.1,11.3
25.803,10.709
23.358,13.477
21.657,12.496
23.274,13.208
21.935,13.219
22.329,13.597
21.77,12.809
24.24,11.292
27.619,11.208
23.56,12.063
21.071,14.224
22.881,11.29
25.049,10.583
21.587,12.842
22.159,12.833
23.43,13.533
19.45,13.235
23.968,12.752
21.608,12.338
23.274,12.855
18.525,10.481
24.807,11.856
23.352,12.527
24.623,12.579
21.962,12.421
23.896,12.877
18.804,11.35
23.914,10.557
25.269,11.228
25.863,11.889
23.255,12.317
24.702,11.609
22.707,11.31
26.658,10.667
26.064,10.07
24.938,10.527
21.425,10.216
23.494,9.807
22.061,9.321
23.202,9.531
24.148,12.118
24.217,11.989
25.974,12.679
24.183,13.423
23.406,12.117
24.767,12.783
26.898,11.754
23.899,9.763
26.749,9.192
24.927,10.698
23.543,10.333
25.853,11.115
26.205,10.09
26.733,8.002
27.056,6.647
26.793,6.244
26.813,6.151
27.084,7.7
27.116,8.188
26.809,8.421
27.31,8.058
27.551,9.535
27.373,11.845
25.88,14.109
27.55,13.769
27.216,11.992
25.743,11.287
21.98,9.681
26.105,8.957
26.266,9.251
26.452,8.951
27.088,8.028
26.476,7.812
26.052,9.245
24.69,10.54
26.138,9.971
24.903,13.512
25.148,13.151
26.226,13.596
22.146,12.127
25.835,10.696
26.712,12.316
27.379,11.4
23.719,12.591
24.343,10.481
24.508,11.779
23.856,11.224
25.733,10.083
27.785,9.879
28.15,10.966
27.904,10.722
27.477,10.947
27.138,11.964
27.733,10.907
28.602,9.895
29.258,9.739
26.708,11.427
26.617,10.258
29.289,9.731
28.41,9.345
30.228,6.476
30.149,6.204
30.287,5.559
30.216,4.663
29.927,4.04
29.709,5.241
29.152,6.327
29.215,6.753
29.45,7.695
28.331,9.658
27.228,10.394
22.287,12.119
29.604,11.447
28.017,10.854
29.685,11.246
30.061,12.314
29.421,10.314
29.481,8.813
29.983,8.96
24.618,9.659
27.348,9.74
28.581,12.794
22.058,14.638
22.474,14.308
23.529,11.389
27.937,11.766
26.832,11.518
28.313,11.097
28.262,11.128
27.61,12.027
28.624,9.005
28.494,8.043
27.286,9.732
28.751,11.653
22.316,10.435
29.308,9.293
29.283,9.1495
29.258,9.006
30.278,8.025
29.999,7.632
30.47,10.366
30.888,9.833
31.206,9.864
30.3,10.353
29.227,13.053
22.816,12.414
24.974,12.273
24.014,12.463
25.517,12.154
29.027,12.608
29.5,12.243
30.588,11.236
29.885,11.398
29.344,11.278
30.751,10.047
29.357,9.289
29.591,11.194
24.978,13.467
26.619,11.304
30.382,11.515
29.689,11.977
28.702,13.641
24.824,11.853
29.922,13.315
28.001,14.534
28.248,14.664
26.39,14.983
26.101,14.242
25.972,13.836
24.837,14.736
23.834,13.748
22.874,13.917
26.134,13.324
24.607,14.037
25.511,12.996
29.898,13.067
29.314,12.883
24.486,12.695
26.046,13.76
26.326,13.23
26.626,13.697
26.143,13.989
22.456,12.957
27.063,13.02
24.615,12.398
24.015,12.738
23.006,12.172
26.465,11.912
27.411,14.201
29.026,14.065
27.162,14.092
29.306,13.387
29.909,14.371
30.502,12.967
30.363,12.355
29.713,13.778
27.562,14.298
28.154,14.573
24.9,14.178
27.76,13.867
21.268,14.266
25.994,13.877
24.287,12.362
25.775,13.872
24.825,14.397
26.611,14.153
28.442,13.509
25.117,14.167
25.82,14.682
23.084,11.556
27.732,14.226
22.585,15.202
20.031,14.424
27.096,13.567
19.726,14.201
23.427,14.519
28.068,14.551
26.065,12.567
30.341,14.277
31.552,13.325
24.576,14.895
24.59,14.38
21.965,12.982
23.697,13.16
24.342,10.263
25.51,10.456
24.094,12.915
25.504,14.032
26.329,14.067
25.24,14.185
24.146,14.005
23.82,14.511
25.43,13.383
23.559,14.39
17.148,11.173
23.893,12.689
28.507,12.99
17.452,12.654
16.619,11.129
29.314,8.639
24.349,14.592
29.708,14.198
26.448,13.915
23.272,14.591
17.602,9.385
25.671,13.041
23.214,14.71
17.846,13.571
28.232,12.923
28.785,12.948
24.932,12.579
19.187,14.167
21.895,14.009
26.018,14.44
23.389,13.544
25.52,14.819
23.529,14.526
23.455,12.16
27.557,10.726
23.005,16.06
17.977,14.701
21.646,14.386
25.091,14.497
26.458,15.294
23.978,15.097
24.663,15.558
24.219,14.856
25.676,14.624
20.646,14.267
23.231,12.586
22.101,12.697
19.171,13.991
22.271,13.568
24.302,14.989
20.378,12.714
21.544,13.291
22.796,13.406
23.609,12.345
25.544,12.502
18.873,12.81
21.972,11.646
20.863,10.504
24.641,8.923
22.72,11.869
24.201,12.396
22.032,13.052
26.299,14.292
20.883,13.103
20.466,11.924
22.799,14.308
22.193,14.49
26.963,13.673
20.063,15.822
22.095,15.061
23.543,14.31
22.79,14.576
23.567,13.788
21.69,14.644
23.942,14.317
21.123,13.977
26.39,13.454
19.177,10.673
24.689,12.062
22.556,14.781
27.198,14.696
21.024,11.656
23.078,12.224
21.416,15.363
23.987,14.914
24.308,12.908
26.926,14.325
21.062,12.946
23.873,13.344
19.396,13.251
25.241,14.058
22.28,13.011
22.049,12.189
23.117,13.951
21.985,13.83
23.061,12.917
28.114,14.248
20.512,13.658
21.458,13.245
23.532,12.415
23.866,12.524
20.069,14.486
20.141,14.74
21.56,10.411
26.552,11.179
23.532,10.754
21.46,13.535
22.206,13.594
21.36,12.666
22.979,12.15
26.381,11.146
26.339,12.962
26.413,12.448
30.101,12.826
21.566,10.468
17.458,9.172
26.026,9.802
19.291,7.758
26.137,10.29
21.469,10.527
23.534,11.09
23.939,14.435
21.305,13.499
22.174,11.568
28.765,11.453
26.13,14.277
27.578,13.816
24.22,14.557
18.144,12.709
26.148,10.542
24.461,12.099
22.487,14.672
21.459,13.544
19.665,10.921
26.04,12.182
20.941,12.453
22.664,12.329
24.489,12.983
27.138,11.753
29.307,10.49
30.041,8.347
28.854,6.745
28.835,6.765
28.608,9.418
27.622,11.033
27.643,11.958
26.584,12.337
27.458,12.453
26.708,13.387
27.535,12.827
26.956,10.766
27.916,10.09
26.28,12.968
28.287,12.594
27.631,11.966
27.619,10.871
27.28,12.263
26.044,11.575
27.401,10.72
26.475,11.56
26.46,11.362
27.095,10.101
25.307,11.023
27.025,8.34
27.291,7.538
27.389,7.018
27.091,8.356
27.311,9.337
27.094,9.92
27.209,9.213
27.815,7.778
27.504,7.441
27.583,7.832
27.824,7.026
27.338,8.174
25.403,10.063
24.975,10.503
26.672,10.202
26.213,10.209
26.57,10.146
26.619,10.132
25.683,9.675
25.845,9.96
24.259,9.184
25.697,9.123
22.6,10.34
23.495,7.863
23.938,6.821
21.881,8.869
21.071,12.538
23.954,10.525
25.435,10.493
22.329,12.362
22.433,11.384
25.194,11.666
27.04,10.825
26.989,9.906
27.459,7.978
25.783,6.506
27.33,7.532
27.619,7.17
27.433,7.524
27.677,7.614
27.656,9.915
28.299,7.847
27.406,10.205
26.903,11.395
26.909,10.385
27.69,7.532
28.733,7.628
28.926,7.085
29.147,5.692
28.965,4.608
28.236,4.824
28.285,5.918
28.137,7.013
28.457,6.847
27.111,8.14
26.806,7.904
28.686,7.769
28.399,7.293
28.128,8.188
27.045,9.209
28.734,11.498
28.581,11.628
26.261,11.681
26.614,10.232
29.152,6.394
29.892,4.09
29.493,3.575
29.582,6.352
30.003,7.131
29.06,8.366
24.173,11.597
25.369,11.258
27.679,10.708
20.179,13.999
28.414,12.865
26.763,13.357
26.926,12.535
25.511,11.273
24.656,12.194
25.288,10.327
27.209,10.627
26.243,11.5
26.558,12.886
27.93,13.668
28.075,14.079
22.015,10.831
25.146,10.794
26.817,10.281
25.434,9.907
27.946,9.223
18.755,12.977
27.901,12.196
24.078,12.986
21.712,13.02
26.583,10.651
24.672,10.123
26.74,12.913
29.222,12.657
26.967,11.644
25.745,11.939
29.013,14.061
22.078,12.901
26.999,13.757
22.945,12.207
24.053,13.348
28.873,12.963
29.746,12.378
30.027,11.587
30.577,10.212
30.428,9.963
30.253,12.642
29.286,13.152
24.349,13.273
24.878,13.097
26.432,12.546
29.591,13.118
24.749,12.018
28.381,12.14
29.86,12.201
30.252,9.301
32.072,7.674
32.206,8.614
31.995,8.732
30.499,10.465
28.142,12.777
30.322,13.255
30.284,11.896
29.915,12.027
27.517,12.123
27.775,13.121
32.353,11.761
32.496,9.366
32.929,9.421
33.147,9.477
27.148,14.372
27.498,15.894
29.242,15.177
28.29,15.405
31.015,15.115
29.554,15.29
23.951,14.285
23.965,14.048
24.83,14.924
21.845,14.758
25.304,14.614
29.392,14.096
26.329,13.558
26.614,14.232
30.742,14.706
32.201,14.262
24.056,14.665
24.083,13.904
29.523,13.652
30.509,12.518
30.324,12.306
25.716,13.948
27.268,13.879
27.089,14.174
27.398,13.406
25.538,11.819
25.18,13.208
25.506,13.928
26.211,14.332
24.705,13.405
27.492,14.139
28.889,13.803
26.26,14.654
24.614,14.723
28.744,14.155
24.616,13.796
27.747,14.575
25.878,12.72
27.723,13.939
21.886,14.914
23.796,14.039
25.055,13.063
24.23,14.227
24.085,14.318
25.581,14.583
26.665,15.105
28.088,14.313
26.017,15.168
25.614,14.353
25.202,14.699
24.6,15.114
21.249,14.532
26.765,14.896
20.311,14.348
27.192,14.853
25.975,13.89
31.206,13.547
19.246,14.64
27.878,14.188
30.984,13.816
24.442,13.628
24.186,13.498
28.539,13.599
26.065,11.591
32.732,11.059
34.533,12.953
29.39,14.363
25.045,14.288
29.932,13.265
30.029,14.961
27.97,14.861
25.749,14.903
26.173,14.457
28.331,13.949
29.862,14.953
26.616,14.863
26.476,15.291
25.682,14.9
19.306,13.42
20.537,11.184
27.931,13.391
17.142,14.282
24.634,11.681
25.441,11.836
28.527,13.66
24.565,12.384
32.064,13.332
24.295,15.613
24.867,15.91
21.699,15.34
21.739,10.699
28.236,11.151
24.532,12.138
23.237,9.453
27.223,10.514
23.801,14.335
23.572,12.753
24.994,14.601
24.548,14.893
21.323,14.921
23.225,14.967
26.205,14.549
25.005,14.192
21.838,14.303
25.576,14.972
23.983,14.953
22.565,13.666
21.138,14.793
23.301,14.531
18.597,9.755
26.877,8.716
22.286,13.404
23.987,12.996
26.892,13.192
18.777,14.403
25.828,12.924
22.985,15.675
23.598,15.075
22.444,15.549
23.421,15.319
17.62,11.685
19.051,11.097
20.405,13.494
26.361,13.785
23.077,15.324
22.197,15.435
22.125,13.96
22.782,15.146
22.125,14.805
18.124,14.825
21.082,14.159
23.393,13.579
21.263,12.521
26.18,10.876
19.752,14.348
21.311,14.303
27.229,13.591
19.208,13.77
21.554,13.559
19.628,13.904
24.64,12.352
24.669,10.421
28.354,9.377
20.668,13.321
21.872,14.02
19.621,11.252
23.661,11.942
21.162,15.018
18.237,10.955
24.647,12.324
20.408,14.016
21.273,13.772
24.371,13.739
20.963,9.75
26.457,12.888
23.847,14.712
21.98,13.992
26.294,13.007
21.682,12.289
24.245,10.705
24.776,14.624
22.65,13.739
21.646,13.909
25.488,11.264
25.088,14.689
24.661,13.414
23.706,13.75
22.937,14.912
22.791,11.907
26.838,11.491
23.195,13.59
19.473,11.151
24.7,11.708
22.422,13.4
24.551,10.917
27.799,11.052
19.358,12.283
24.757,13.125
24.941,13.87
25.527,13.184
27.015,12.755
23.991,14.957
26.419,14.587
30.908,14.84
23.581,14.599
25.286,14.274
23.765,14.882
24.507,14.904
26.372,14.651
28.108,14.4
28.235,14.595
23.522,13.668
25.636,12.882
25.954,13.518
31.767,14.82
28.821,14.733
27.138,13.892
21.573,14.385
22.701,13.316
24.255,14.596
20.595,10.568
24.287,12.452
28.749,11.189
29.877,9.47
30.125,10.315
30.059,9.731
29.226,7.941
28.82,8.88
24.957,12.222
22.961,12.502
21.649,10.688
25.907,11.931
23.706,12.977
23.959,12.679
20.87,12.059
20.359,12.715
25.395,12.331
20.478,13.473
22.939,13.056
22.884,12.279
21.872,11.971
24.026,10.583
27.357,10.602
26.586,11.525
20.611,11.496
26.843,12.121
27.266,10.817
27.227,9.511
27.554,8.886
28.12,8.403
27.447,7.176
27.393,6.536
26.017,8.556
26.579,7.864
26.727,7.201
26.654,6.772
23.388,7.558
25.418,10.001
22.801,12.431
25.628,11.894
27.314,11.3
21.457,12.007
24.517,10.652
25.548,9.337
26.431,9.399
26.551,8.984
27.385,9.461
24.373,10.841
25.686,10.882
22.841,13.14
20.561,13.319
24.947,13.117
21.949,12.824
26.467,11.929
26.168,11.51
25.794,11.852
22.998,9.907
27.372,10.612
27.429,9.933
27.497,8.836
27.292,8.825
25.403,11.759
21.524,11.065
20.438,12.908
24.97,12.313
26.312,12.014
24.56,12.26
25.683,11.2
27.526,10.628
27.712,8.758
27.668,8.353
26.744,8.864
27.258,9.478
26.734,10.986
25.154,12.381
24.991,8.902
26.352,8.936
26.317,9.482
27.117,9.505
26.99,9.193
25.824,10.102
28.259,11.691
22.622,12.523
24.334,11.038
27.317,10.28
28.065,9.435
26.748,8.832
25.177,15.554
25.545,14.286
26.825,15.277
27.471,15.766
24.813,18.129
25.486,18.382
24.928,18.084
25.384,17.603
26.163,18.701
26.884,17.765
26.735,15.591
26.75,13.876
27.682,13.691
25.617,15.337
24.383,18.459
22.974,18.915
26.428,18.456
27.023,17.08
28.959,15.277
30.448,15.246
31.087,18.022
30.245,18.564
31.275,17.517
31.059,15.788
31.837,15.958
31.351,16.528
30.917,16.808
31.814,18.373
31.98,18.372
31.379,15.716
31.598,18.726
26.978,15.708
32.002,16.29
31.611,20.164
31.553,19.155
31.092,19.095
32.082,16.873
33.102,16.253
33.22,15.676
33.811,15.98
33.977,16.602
33.864,16.691
33.39,17.036
33.668,17.204
34.664,16.938
34.96,17.259
34.241,15.508
33.186,15.495
34.446,18.542
33.194,18.791
34.478,16.977
34.374,19.162
34.575,19.785
34.743,19.809
33.756,20.603
33.983,19.423
34.014,17.753
33.238,19.147
33.423,19.972
34.484,19.841
33.555,19.971
33.313,20.375
33.415,21.105
32.865,20.603
31.517,20.657
30.78,17.808
33.167,17.729
33.682,19.659
33.959,20.559
32.75,20.739
31.484,19.049
34.841,19.168
35.222,19.355
35.276,17.681
34.409,17.537
35.548,18.428
34.818,19.631
35.389,19.827
34.501,20.213
35.605,23.171
35.514,22.425
35.336,22.189
37.475,20.539
36.149,21.921
29.556,21.246
34.017,21.667
32.573,22
23.33,20.498
22.786,19.856
22.284,19.215
22.928,19.017
24.131,19.146
21.315,19.058
26.685,18.404
27.428,18.812
27.325,17.782
27.51,18.556
27.644,18.473
28.109,17.383
28.402,16.207
29.005,16.914
29.559,16.867
25.498,20.155
26.426,19.963
22.918,19.886
21.752,18.866
25.198,19.823
26.396,19.48
23.571,18.985
23.382,19.021
23.445,19.903
21.435,19.597
27.224,19.579
28.908,18.471
30.555,16.761
30.148,15.205
30.322,16.964
28.894,17.599
23.74,19.44
23.783,19.153
23.762,19.222
27.771,19.395
23.638,19.448
25.051,19.338
24.166,20.231
20.557,17.947
19.722,17.094
26.437,16.63
25.86,17.994
24.162,19.127
25.469,19.967
24.569,18.511
24.352,19.409
24.432,19.508
25.111,19.423
26.158,19.592
24.126,18.261
26.245,18.16
26.227,17.232
25.114,19.008
25.187,18.277
23.121,18.644
24.512,18.234
24.529,17.697
25.981,18.004
26.841,16.92
26.915,18.355
24.069,18.95
25.689,18.225
26.03,18.181
25.81,18.21
25.107,18.819
24.949,18.677
25.667,17.585
27.336,16.696
27.685,17.793
27.898,18.798
28.117,18.183
26.62,17.602
21.758,18.171
25.36,17.571
25.275,16.795
25.597,16.402
25.188,16.781
24.912,16.98
25.926,16.954
23.509,17.846
26.594,17.7
22.203,17.491
27.576,16.224
27.96,15.331
27.389,17.302
26.926,17.606
26.341,16.597
25.759,16.449
25.713,16.576
25.561,16.095
25.984,16.287
24.54,17.46
25.706,17.631
24.14,18.509
25.629,17.991
24.626,18.308
24.174,17.466
22.455,16.672
21.874,17.338
25.122,16.906
25.494,16.905
25.11,16.437
23.842,17.806
21.339,16.568
18.236,15.257
20.564,15.331
24.527,15.207
25.649,15.998
24.152,16.6
25.057,18.089
24.865,18.36
24.868,18.639
24.35,18.098
21.791,16.921
24.851,15.835
24.583,16.533
24.89,16.196
23.893,16.492
23.514,15.554
24.85,15.052
19.049,15.04
23.112,14.995
22.502,15.673
23.684,16.062
23.829,17.113
23.508,18.105
24.109,18.327
22.228,18.444
22.356,18.888
20.907,18.635
24.299,18.186
23.204,18.55
25.039,18.03
25.918,17.556
22.888,18.238
20.548,16.696
23.129,15.297
21.554,15.424
24.231,15.778
24.962,15.481
24.738,15.249
20.714,15.302
22.97,15.051
25.16,15.759
22.946,17.332
25.802,16.701
22.299,17.062
26.024,15.88
26.221,15.921
24.648,18.519
22.757,18.002
19.078,15.849
24.931,14.683
24.884,15.295
25.648,15.071
25.869,16.241
25.467,16.175
24.827,15.237
25.274,15.6
25.541,17.144
26.448,16.421
25.883,15.713
25.153,15.523
19.026,15.84
24.197,15.215
25.916,15.712
26.306,15.645
27.184,15.709
27.914,16.821
26.49,17.041
27.776,15.733
28.797,16.552
30.061,16.944
30.101,19.569
27.014,19.684
22.898,18.405
19.877,16.918
24.269,16.213
20.608,16.253
19.183,16.929
23.237,16.756
25.122,17.15
25.818,16.503
26.958,17.747
27.56,16.326
27.524,16.466
25.896,18.139
23.156,18.117
28.065,17.737
28.64,18.335
29.761,18.494
27.239,18.786
29.399,18.83
26.206,18.801
27.917,17.907
25.382,18.133
27.225,18.901
28.906,17.628
30.385,16.162
30.924,16.161
30.534,17.414
31.871,18.692
29.132,20.654
31.993,20.312
32.031,18.597
29.965,20.289
27.674,19.629
22.951,19.419
28.015,19.04
30.221,18.447
28.791,20.269
25.498,18.084
22.691,18.331
29.065,17.958
27.893,18.65
24.547,19.651
26.851,16.647
28.255,16.187
21.019,17.792
25.606,16.768
27.022,17.086
26.083,18.747
23.268,19.56
20.925,18.578
26.571,18.53
22.012,18.305
26.325,16.738
26.279,17.128
23.303,18.93
24.487,18.418
24.717,17.897
25.745,16.523
26.459,14.991
26.785,14.934
26.789,16.504
26.841,16.774
27.202,16.992
22.893,17.855
26.464,17.87
26.65,19.763
27.502,19.524
26.561,15.745
27.824,14.498
26.25,17.748
25.387,16.522
27.462,17.304
27.855,17.053
26.069,15.146
26.628,15.329
27.941,17.703
26.839,17.417
27.599,15.997
27.261,15.177
27.626,17.748
27.677,16.717
28.077,16.299
28.511,14.874
28.227,16.105
26.362,17.647
28.373,19.223
22.257,18.522
21.743,17.725
25.81,16.797
25.681,16.385
22.846,16.407
24.602,15.258
23.968,15.209
25.244,13.88
25.664,16.382
25.795,16.847
25.339,18.6
22.886,19.011
22.898,18.804
25,17.666
25.443,16.351
26.697,16.334
26.422,16.469
26.865,15.325
26.531,14.029
26.861,13.798
26.781,12.243
27.162,12.748
27.646,12.765
28.755,13.191
28.406,13.635
28.356,13.924
29.418,15.511
29.548,14.383
28.018,16.037
25.88,18.901
23.362,19.617
25.855,18.982
28.304,18.54
28.63,18.569
29.044,18.94
26.845,16.834
27.807,16.657
25.431,18.057
27.443,16.398
28.942,15.955
29.287,14.805
29.823,13.933
31.353,14.117
32.266,14.482
32.499,15.854
33.675,15.114
33.297,15.84
33.49,15.643
33.737,15.714
33.332,16.41
33.212,15.481
33.555,17.5
33.084,17.883
33.288,16.928
31.489,17.797
33.652,16.427
34.266,17.02
33.519,16.646
33.975,16.928
34.883,16.156
34.021,13.922
33.975,13.402
34.652,15.078
34.844,16.757
34.907,16.844
34.225,18.142
34.557,19.13
34.708,18.571
35.407,20.021
35.324,19.58
35.066,19.651
35.141,18.814
35.302,19.024
36.051,20.555
34.926,15.295
33.403,14.2
33.04,20.103
33.638,17.148
34.235,11.392
32.197,15.061
34.51,19.503
28.974,19.979
33.966,17.525
34.395,19.812
34.812,20.492
35.235,21.921
35.746,23.033
33.133,19.972
34.254,20.68
36.006,18.179
35.444,17.335
36.093,18.545
36.17,18.76
36.38,19.02
36.229,19.188
35.825,18.124
35.478,14.911
35.495,14.506
35.783,18.066
32.295,20.961
35.349,20.076
35.155,18.225
35.76,17.715
36.333,21.173
36.577,20.849
36.819,18.48
37.544,19.118
37.307,19.121
37.813,17.775
37.337,17.832
37.904,17.989
37.598,17.542
38.154,20.403
37.97,17.381
38.206,17.347
37.771,18.318
38.066,17.365
37.651,17.293
37.373,17.086
37.471,18.345
37.391,17.906
37.501,19.866
36.109,21.06
34.779,21.429
33.385,22.293
33.292,21.39
25.658,21.206
25.51,20.737
26.362,19.079
25.325,20.412
27.582,20.174
26.406,19.666
22.638,18.755
23.816,19.928
25.764,19.719
28.562,19.094
28.438,19.308
23.377,19.801
23.072,19.193
24.843,19.301
26.706,19.241
23.829,19.888
24.351,20.133
22.881,19.793
22.341,20.362
26.952,19.85
28.622,18.626
25.435,18.783
26.682,19.117
24.789,19.635
27.763,18.87
28.879,18.317
24.849,18.711
26.706,19.822
25.689,18.006
25.041,18.936
26.78,19.25
27.073,17.603
25.503,20.134
25.826,18.979
25.43,18.929
27.506,17.718
27.303,16.895
26.496,16.276
25.505,16.562
27.109,16.237
25.422,18.708
25.306,17.299
27.151,18.164
23.938,17.872
25.427,17.568
24.365,17.533
25.383,18.175
24.722,18.914
23.305,18.525
24.101,18.181
21.634,18.365
21.365,18.471
20.608,17.57
21.626,17.377
21.713,16.626
24.913,16.017
24.391,15.954
24.723,16.428
19.231,17.402
21.884,17.417
24.06,17.003
25.55,16.064
25.779,15.189
21.967,17.595
20.759,16.855
24.383,16.231
25.083,17.579
24.429,18.393
24.37,18.028
24.667,17.707
24.715,18.684
25.651,18.028
24.119,17.981
22.66,17.664
25.676,17.078
24.039,18.197
25.245,17.472
20.325,17.498
25.18,16.925
21.816,17.702
23.986,16.154
23.117,17.619
24.246,16.902
24.399,17.628
24.536,18.007
24.604,17.198
23.517,17.232
23.958,18.066
23.005,17.778
25.01,17.543
23.056,16.72
25.71,16.919
23.876,17.068
25.802,15.859
26.349,15.665
26.329,16.353
20.717,16.791
25.784,16.803
22.841,17.642
24.725,16.972
23.916,17.149
22.432,16.754
24.473,16.094
24.938,16.327
20.986,17.197
24.715,17.131
24.77,17.459
26.772,17.011
24.166,18.297
25.614,17.979
19.785,17.51
25.009,16.413
25.367,16.283
23.208,18.253
24.277,17.945
25.429,16.38
26.508,16.371
24.553,17.919
25.929,16.432
26.418,14.691
26.042,17.958
25.272,18.202
26.083,17.435
26.458,17.03
25.14,18.274
20.102,17.605
20.503,17.17
25.896,17.297
23.765,17.419
26.998,18.888
26.559,18.106
26.483,17.078
25.035,18.648
20.66,18.99
27.375,18.179
28.135,18.612
28.943,18.959
21.553,18.881
27.663,17.977
20.607,17.788
19.882,16.828
27.054,17.566
21.321,18.859
26.077,19.06
21.085,18.671
23.807,18.346
25.398,18.088
24.597,17.827
23.025,18.559
21.069,18.256
21.5,17.91
25.2,18.14
20.461,17.934
19.033,16.266
25.003,15.526
25.809,16.488
27.189,16.939
26.453,18.077
27.597,17.825
27.467,17.844
25.245,19.033
25.311,18.502
24.741,18.575
20.774,17.586
24.962,16.934
24.494,17.405
26.444,17.673
23.708,19.304
26.724,19.436
23.033,18.909
22.478,19.602
21.485,18.398
25.8,18.335
22.478,19.211
22.294,18.491
25.843,18.682
23.294,18.927
22.365,19.314
23.723,18.771
21.776,18.879
21.788,17.406
25.836,17.595
21.918,18.471
21.489,18.929
24.477,18.211
24.071,18.768
24.153,17.651
22.057,19.353
23.498,19.267
22.332,17.997
25.529,17.377
23.713,18.218
23.619,19.072
23.93,19.501
23.551,17.724
27.523,17.11
27.45,17.699
25.709,19.06
22.312,18.384
27.887,16.692
28.016,15.465
28.238,16.528
27.867,18.049
22.199,18.773
22.728,18.103
28.079,18.6
27.897,18.17
27.842,17.478
27.747,17.238
26.979,18.303
23.755,17.871
26.415,16.803
27.014,18.301
24.8,18.714
26.864,17.076
27.091,17.676
23.973,18.08
22.957,16.347
26.015,17.274
25.378,17.562
25.024,16.289
25.412,13.774
24.364,14.38
25.478,13.857
25.789,13.823
25.749,14.853
26.174,15.135
25.643,15.027
26.25,16.835
26.035,16.579
25.658,17.209
23.736,18.48
25.571,18.487
24.701,15.705
25.395,15.852
20.902,16.128
23.765,16.503
23.675,17.033
20.057,17.368
23.347,16.335
24.093,17.016
24.557,17.316
26.41,16.755
25.369,14.835
24.934,13.872
24.699,15.634
25.168,15.133
25.215,14.786
25.907,13.16
25.794,12.595
25.525,13.519
26.278,15.52
25.688,14.401
25.402,13.535
26.17,12.99
25.263,14.494
24.4,16.028
26.437,15.072
26.069,14.131
26.08,13.779
27.337,13.65
26.909,12.228
25.98,13.211
26.901,15.507
28.741,14.18
28.815,12.268
29.077,12.482
29.189,12.556
29.41,10.361
28.664,11.482
28.742,11.249
28.591,10.941
29.605,12.496
28.85,12.786
28.998,12.758
27.326,12.383
27.89,12.053
27.686,15.716
27.844,17.114
27.662,16.711
28.726,16.112
28.563,14.761
27.286,16.775
25.001,17.044
25.629,17.638
26.067,16.205
27.847,13.233
28.193,10.106
27.05,10.8
26.808,10.946
27.795,13.999
28.814,13.907
27.485,16.217
27.756,16.777
28.713,16.008
28.718,15.812
29.395,15.861
29.609,14.523
28.454,13.466
28.49,13.291
28.869,16.717
29.353,16.43
30.079,15.213
29.397,14.286
28.389,12.417
27.621,13.103
27.99,11.983
28.069,12.299
29.259,10.023
30.098,11.284
30.782,12.955
31.736,13.211
31.811,15.371
31.029,15.632
31.757,12.92
31.978,11.698
32.0195,11.5815
32.061,11.465
31.858,12.734
31.28,12.401
33.068,9.73
33.799,12.23
34.076,10.412
34.213,9.385
34.344,10.763
33.48,17.329
33.838,18.678
33.584,20.341
32.589,21.91
30.764,21.256
22.77,20.508
27.545,17.292
27.863,14.982
30.554,15.052
32.578,14.068
33.025,14.373
33.92,16.892
33.745,17.915
34.014,18.455
34.553,20.613
33.965,21.022
26.534,20.771
23.016,19.377
23.494,18.636
21.576,18.96
22.255,19.192
22.415,18.323
21.038,18.683
23.36,18.622
26.62,19.419
25.471,17.831
26.518,17.197
27.861,16.112
27.885,15.665
27.86,16.661
28.236,16.621
28.661,15.903
28.402,16.381
24.51,17.931
27.209,19.945
27.892,18.166
28.46,18.436
28.87,17.01
29.053,16.432
28.357,16.988
29.545,17.002
28.209,14.852
28.295,13.435
27.586,13.402
31.49,15.06
31.099,15.526
31.282,18.176
31.905,18.056
32.058,18.808
30.182,19.631
25.343,20.966
24.249,19.379
29.915,19.964
29.413,19.389
24.945,20.455
30.315,19.071
29.128,17.672
28.853,18
24.707,19.817
26.654,19.538
27.287,19.497
27.571,19.352
27.134,19.2
26.654,19.697
28.824,19.621
29.696,18.769
29.831,18.711
21.373,19.21
28.473,19.099
28.368,16.858
28.3,16.133
28.203,16.123
27.766,17.08
28.397,17.745
27.877,18.728
28.489,17.806
28.561,16.13
27.702,16.708
27.662,17.141
27.6,18.269
26.452,17.158
27.21,18.22
26.966,17.889
27.959,16.58
27.745,16.01
27.11,16.633
22.969,18.197
25.441,18.402
25.633,17.737
25.343,16.38
25.364,17
26.404,15.806
27.334,18.009
28.068,18.719
28.232,19.089
28.333,18.794
26.107,19.44
25.363,19.157
23.132,18.519
20.577,17.827
26.266,17.909
25.748,16.806
26.8,16.936
21.76,18.761
24.236,17.764
26.554,18.124
27.131,18.201
26.474,16.892
26.948,17.443
27.858,17.284
20.905,17.168
24.693,16.696
26.773,15.533
23.229,16.468
24.681,15.66
25.604,14.6
25.895,14.527
28.323,14.19
25.388,18.716
23.727,16.127
25.881,16.605
20.638,17.183
22.217,16.031
22.855,15.275
23.791,15.675
23.085,17.092
22.857,16.023
21.97,16.172
24.248,15.631
25.418,17.531
23.843,15.791
26.072,15.816
21.415,17.046
18.965,16.226
21.883,16.277
24.797,16.085
20.748,16.071
19.411,16.072
23.607,16.056
23.226,16.719
24.507,17.151
25.229,17.859
24.342,17.304
23.922,17.26
23.818,18.094
24.981,18.148
24.641,17.922
23.729,18.08
25.559,17.939
25.961,17.868
23.844,17.972
21.37,17.842
19.745,16.405
24.271,16.334
18.776,16.791
25.351,16.45
27.038,17.069
19.893,17.116
24.627,16.41
25.547,16.478
25.171,17.765
21.792,17.867
25.367,18.103
26.343,18.175
26.333,17.774
26.476,16.819
27.717,16.576
26.399,18.126
27.705,17.249
21.203,17.869
28.268,17.409
29.399,18.759
30.424,18.964
27.574,19.294
27.211,19.074
28.169,18.955
26.252,18.504
26.492,18.904
19.986,17.886
23.33,17.889
24.175,17.695
25.998,17.554
27.151,17.457
25.196,17.287
27.086,17.175
22.228,18.447
28.027,16.996
26.704,17.547
26.402,17.616
23.406,17.862
25.751,17.742
23.872,17.519
24.083,17.68
25.646,17.303
25.084,17.819
25.817,17.959
26.694,18.829
27.222,18.05
27.806,17.015
25.231,16.758
25.827,18.883
23.477,18.806
26.768,18.544
22.354,17.555
21.804,18.593
22.832,19.305
22.721,19.121
24.804,18.884
24.524,18.427
26.396,18.395
26.208,18.767
25.391,17.487
25.498,17.25
23.209,18.701
22.434,18.649
25.305,17.62
28.116,16.988
28.068,16.029
27.17,18.5
27.608,18.243
27.044,19.058
26.706,18.906
25.373,18.234
25.831,17.686
26.283,17.775
22.485,19.981
27.942,19.875
27.539,19.144
24.882,18.967
26.402,18.389
23.653,19.168
24.419,17.253
25.941,17.444
26.64,17.705
25.966,17.854
28.125,16.245
27.177,15.428
30.367,15.682
27.781,18.884
22.246,19.353
28.729,17.729
29.306,16.191
29.345,15.437
29.319,15.088
29.792,15.744
29.765,17.827
26.06,18.852
29.023,19.667
27.1,16.91
29.248,16.855
29.648,17.11
28.56,16.826
30.445,16.279
28.718,17.737
28.784,18.627
29.558,17.544
30.778,18.135
24.61,19.199
27.405,18.678
28.402,13.84
27.904,12.592
26.57,12.557
27.112,13.756
28.09,13.858
27.01,15.22
25.962,18.65
19.979,18.004
25.848,17.386
26.589,18.55
22.094,18.925
23.505,19.063
27.811,19.007
26.227,19.619
27.092,18.119
25.096,19.223
22.278,17.78
26.39,15.994
25.442,15.273
26.301,13.926
25.978,16.498
24.484,17.219
26.099,17.922
27.478,17.936
27.626,14.75
28.028,14.244
27.175,13.325
27.78,13.477
27.027,15.162
28.144,14.568
27.945,15.633
27.373,14.072
27.091,14.377
27.369,15.251
26.824,15.272
27.57,15.406
25.427,16.643
24.564,15.817
26.204,15.237
22.547,19.745
21.411,18.106
26.454,18.12
26.473,15.672
26.09,12.502
26.05,12.766
26.56,14.727
27.139,14.713
27.858,14.088
27.76,14.241
28.203,15.337
23.378,18.822
26.225,18.997
28.12,18.917
27.057,17.938
26.808,16.567
28.084,16.196
27.626,15.978
27.995,14.207
28.574,14.253
28.807,16.203
28.929,16.12
29.163,17.183
29.41,16.258
29.712,16.876
29.049,17.003
29.74,17.26
29.226,16.974
28.382,16.335
26.563,15.879
27.256,19.116
27.239,18.225
27.728,15.191
28.353,15.518
29.092,16.854
30.412,16.942
28.663,18.777
30.232,18.381
28.912,14.598
29.846,15.457
29.844,17.347
33.122,18.407
34.382,17.688
34.413,16.821
34.683,16.479
34.233,16.93
33.22,15.016
34.335,15.621
35.43,17.834
34.662,16.057
33.933,15.044
34.146,13.606
34.661,13.919
34.932,14.724
34.968,15.76
34.376,20.009
34.501,19.092
34.705,20.322
34.457,19.267
34.869,15.669
34.652,14.01
33.941,15.892
33.863,16.23
36.036,17.937
34.698,22.05
35.17,20.34
34.428,22.673
35.663,22.259
34.043,20.759
34.027,21.755
32.36,20.909
34.979,22.142
34.837,20.238
35.018,18.202
35.836,16.833
36.247,16.653
36.156,17.286
35.824,17.672
34.783,21.572
28.501,21.393
33.496,18.267
36.168,18.265
36.207,16.522
35.93,17.233
34.815,18.634
35.859,21.986
33.867,21.01
34.5,21.622
31.041,18.991
33.797,17.382
31.525,17.587
31.593,20.864
33.453,21.379
35.957,21.532
36.107,18.953
34.711,20.409
36.407,19.864
36.076,23.603
36.442,23.39
25.189,20.312
33.586,20.001
23.929,18.716
22.837,19.833
22.642,19.698
23.44,19.78
25.241,19.959
25.6,19.862
25.423,19.344
26.66,19.666
24.517,19.02
24.722,18.241
24.389,19.143
26.355,18.606
24.81,18.261
28.18,20.846
25.913,20.513
24.022,18.7
26.146,18.087
25.902,19.633
26.076,18.856
26.659,19.363
25.517,18.816
25.224,18.824
25.521,18.867
25.611,19.027
25.283,19.155
24.727,19.179
27.651,18.928
25.543,19.61
26.713,18.835
28.129,18.976
26.296,20.585
23.488,19.839
26.563,19.002
26.14,20.01
21.535,19.206
19.527,16.818
25.879,16.588
26.907,17.707
28.452,18.29
26.503,20.05
26.569,19.705
26.018,20.231
24.371,19.487
25.784,19.517
21.079,19.193
20.429,18.391
24.427,18.278
27.131,17.407
27.045,18.844
22.808,19.349
22.148,19.104
27.144,18.995
28.252,17.366
28.582,16.581
29.249,15.789
28.319,18.924
29.209,17.709
29.477,16.734
23.603,18.942
23.403,17.703
27.166,18.037
26.133,18.669
25.651,17.525
25.722,17.026
26.935,16.501
27.068,17.361
25.793,16.877
26.396,16.395
25.76,15.783
24.72,18.288
20.183,16.999
25.961,16.378
22.889,17.838
26.769,16.619
26.194,18.975
20.419,18.288
21.907,18.065
26.085,17.691
24.914,18.23
24.652,18.13
19.85,16.943
24.672,16.748
26.077,16.507
24.8,17.285
25.906,15.962
25.313,16.108
23.802,17.781
25.202,16.767
26.377,17.042
24.646,19.198
26.033,17.904
25.191,17.456
24.808,16.101
26.269,15.635
25.055,15.747
27.258,14.737
20.326,15.732
25.618,15.858
21.995,17.34
27.102,16.945
27.128,17.744
24.58,17.951
25.609,18.145
24.107,18.7
27.871,18.382
26.784,17.709
25.788,17.655
27.413,17.296
20.764,17.614
25.987,17.541
25.655,18.041
24.035,17.761
23.382,17.629
24.28,17.559
18.932,16.817
20.62,16.716
20.021,16.732
23.595,17.358
26.247,17.496
23.857,17.853
24.541,17.626
26.11,18.045
24.904,18.274
20.643,17.382
25.759,16.761
24.645,17.755
20.745,17.946
23.722,17.398
20.129,17.42
25.575,17.392
20.588,17.908
23.773,16.932
23.604,16.858
23.705,16.549
24.362,15.825
24.464,17.355
25.668,18.066
23.582,18.768
25.257,18.193
24.217,17.954
23.922,17.471
22.048,17.697
26.268,17.797
25.974,18.077
21.946,18.19
25.134,18.766
25.405,17.744
26.323,16.569
25.463,18.39
20.412,17.673
27.249,17.401
26.128,17.697
26.153,18.471
26.279,18.281
24.189,18.139
26.193,17.326
26.771,16.344
25.961,18.502
24.554,17.43
26.855,16.927
25.977,17.62
23.732,16.729
24.659,17.055
26.209,16.632
26.245,17.845
25.324,18.027
25.452,17.748
26.127,17.411
26.169,17.804
25.335,17.957
26.023,16.908
26.16,17.418
25.322,17.754
25.782,17.685
25.767,16.662
26.465,17.213
27.178,17.858
28.015,17.282
27.358,17.851
27.136,16.842
24.58,19.102
25.935,18.954
26.574,18.195
25.925,19.224
27.282,18.04
27.234,18.434
27.948,17.68
23.477,19.168
28.153,16.93
27.87,14.373
28.542,15.513
27.412,16.623
26.92,16.425
22.941,18.422
24.949,18.211
24.654,18.727
26.195,18.328
25.282,18.525
21.334,19.169
21.607,18.701
22.227,19.112
25.403,19.677
22.809,18.639
25.345,18.175
25.747,17.306
26.408,16.657
26.349,15.778
26.991,15.623
26.929,17.064
27.269,16.073
29.936,16.798
28.142,17.856
28.289,18.948
28.603,18.015
28.247,15.982
28.165,17.828
29.42,15.698
28.265,14.789
29.4,15.683
23.072,19.299
24.729,18.159
23.347,17.631
22.781,16.994
26.544,16.038
26.456,18.001
22.629,16.022
26.291,15.97
27.407,15.768
26.346,16.921
25.974,17.607
22.339,17.615
26.841,18.065
28.365,18.673
23.362,18.953
25.093,17.896
28.541,16.312
24.731,16.592
23.477,16.244
25.797,14.663
26.627,15.019
26.752,13.706
26.677,14.947
27.146,14.525
26.939,12.363
26.151,11.337
25.312,11.413
26.24,12.618
26.221,13.076
26.467,12.781
26.948,12.58
27.077,12.621
26.434,13.414
25.366,13.707
26.577,14.83
26.807,16.267
26.02,18.193
26.6,18.668
26.241,18.9
25.226,18.735
25.178,15.541
25.987,14.495
26.082,14.155
26.986,13.389
26.047,13.148
26.292,15.272
25.787,17.467
25.799,17.018
26.856,17.137
25.604,18.237
26.184,15.763
25.474,13.059
26.17,12.294
27.296,13.111
26.308,17.596
27.183,15.04
27.389,12.594
27.135,13.419
27.227,13.324
26.567,14.672
27.041,14.499
26.764,15.164
27.973,16.11
27.99,17.683
26.73,15.809
27.077,17.135
28.894,15.029
28.813,14.001
28.086,12.989
27.974,14.371
28.776,14.526
28.67,16.548
28.145,14.774
28.496,14.654
26.246,18.183
25.209,19.275
25.778,19.402
27.692,16.512
28.259,14.861
27.964,14.887
28.65,15.786
28.877,13.463
29.757,13.784
30.131,9.965
29.916,10.236
30.078,13.053
30.164,14.236
29.768,13.629
29.386,11.498
29.906,14.664
30.893,14.649
29.81,9.871
29.378,9.93
29.595,12.165
29.555,13.245
29.24,10.994
31.296,13.259
32.074,11.984
30.821,18.36
33.421,16.276
32.272,15.433
33.504,13.593
34.681,17.892
34.398,18.377
34.94,18.286
35.99,17.943
36.732,19.079
36.241,18.554
34.423,20.844
34.12,20.139
35.901,20.82
37.063,19.301
34.251,20.073
33.189,20.677
33.989,21.134
29.408,19.913
30.381,19.576
28.918,19.264
27.247,18.706
26.059,18.433
28.902,18.48
29.746,19.235
30.714,13.163
31.09,13.774
33.187,20.435
33.588,21.287
33.808,20.312
32.599,20.592
33.888,21.077
35.314,22.255
34.856,22.41
33.793,20.854
30.55,22.328
24.072,18.431
22.057,16.708
29.11,14.232
29.022,14.98
28.658,16.618
29.674,17.193
28.698,15.693
28.912,15.519
29.966,15.347
30.573,15.792
27.346,18.063
28.29,17.542
29.98,17.565
30.58,16.661
30.632,14.682
31.372,15.046
33.821,15.836
34.212,19.868
34.489,19.342
34.059,18.304
32.513,19.97
32.465,20.276
33.163,20.828
31.755,22.375
27.294,20.282
23.4,19.544
27.692,17.941
24.292,19.026
26.222,19.224
26.436,17.386
28.935,15.52
27.808,15.625
25.996,20.255
28.77,19.956
32.096,18.691
33.026,18.203
33.548,16.992
33.926,19.256
27.453,20.243
30.641,20.664
31.451,20.008
22.979,19.509
21.86,19.264
23.608,18.438
26.099,17.305
25.997,16.981
24.188,17.381
24.593,17.826
25.842,17.769
24.514,17.629
26.085,17.567
26.187,19.069
24.914,18.762
21.651,19.236
20.912,18.255
20.82,17.813
23.942,17.948
24.267,18.71
26.381,17.957
28.227,16.557
27.057,17.886
25.85,18.478
24.076,17.609
23.243,16.319
26.697,16.318
22.127,16.919
22.639,16.717
23.013,18.9
25.269,18.656
26.094,17.442
26.54,16.934
26.194,18.129
27.388,18.013
27.769,17.654
26.852,17.819
25.22,17.068
24.058,17.264
24.444,17.392
25.221,16.647
25.381,16.943
25.504,16.41
24.521,16.976
25.479,16.287
26.846,17.507
26.048,18.245
26.635,18.403
25.308,18.347
25.469,18.058
26.379,17.719
28.176,17.304
28.061,18.207
28.111,17.463
27.629,18.312
22.532,17.443
24.52,16.922
24.715,17.383
24.597,16.825
26.126,15.16
21.461,17.012
26.214,16.049
23.645,15.396
26.855,15.413
25.403,16.082
25.513,17.558
23.609,18.222
24.781,17.602
22.292,18.138
22.449,17.897
25.039,17.368
19.571,17.199
25.262,16.872
23.231,17.921
24.722,17.899
20.972,18.315
21.555,17.538
23.452,17.35
18.556,16.582
19.031,16.492
17.976,16.386
20.378,16.282
23.484,16.45
22.896,16.886
22.226,17.572
23.335,17.096
23.508,17.157
24.427,17.383
23.516,17.929
25.472,17.419
21.981,18.241
23.864,17.646
25.736,17.248
24.127,17.443
24.577,17.266
23.319,18.219
19.965,17.174
24.993,16.775
23.121,15.966
24.916,15.454
23.446,17.325
24.797,17.585
24.7,17.356
24.518,16.554
23.449,15.211
21.75,15.913
24.868,15.531
23.591,17.061
23.063,17.264
24.99,16.707
24.211,18.264
22.257,18.605
25.504,17.992
24.975,18.144
25.276,18.353
19.839,17.855
24.386,16.829
25.039,18.027
26.128,18.15
19.418,17.335
20.303,17.035
25.594,17.449
22.313,17.985
23.882,18.045
26.042,16.93
25.716,18.088
20.981,18.574
23.247,17.886
26.21,17.494
20.972,18.376
19.201,17.722
19.249,17.559
23.664,16.088
24.878,16.466
24.115,18.223
23.379,17.866
25.894,16.952
24.635,17.064
25.563,18.803
21.507,18.855
24.324,17.675
26.198,17.039
22.186,19.043
21.095,16.997
23.906,16.147
25.364,18.646
26.618,17.947
25.544,17.661
19.762,17.598
25.172,17.236
23.432,17.32
21.401,17.734
23.836,16.935
25.164,17.505
26.188,16.359
24.273,17.938
21.623,18.052
26.156,17.215
24.704,18.435
23.676,18.22
25.482,17.483
22.571,17.091
24.539,18.352
21.816,19.512
26.039,18.035
26.527,17.856
26.225,19.248
26.267,18.598
22.249,18.277
20.743,18.765
20.781,18.01
20.818,17.175
25.889,17.659
24.79,17.854
21.212,18.613
24.385,16.752
25.732,16.795
24.492,17.845
25.607,17.407
27.628,17.196
25.128,18.135
22.713,18.438
22.82,16.754
24.377,17.746
23.186,17.126
23.79,16.764
22.995,16.274
28.185,17.398
25.533,16.025
29.267,15.788
28.3,15.593
21.671,19.085
21.877,19.004
26.959,17.487
28.24,16.995
28.198,14.815
28.655,15.098
27.993,17.836
23.673,18.798
27.015,17.389
27.957,17.054
26.831,17.839
27.014,15.641
28.01,15.637
27.494,17.397
27.668,15.738
28.242,16.096
27.428,18.746
24.719,18.92
26.711,19.108
27.918,19.369
26.596,19.479
24.526,17.824
27.162,17.984
24.109,18.897
26.949,16.888
27.318,15.96
27.261,14.532
26.804,13.611
27.651,16.744
28.269,15.592
24.748,17.438
25.892,16.808
27.083,15.131
25.473,14.962
25.772,16.203
26.223,18.142
25.533,16.869
24.82,15.427
25.285,15.339
25.551,16.21
25.357,14.752
26.262,14.262
26.276,13.263
25.939,14.453
26.086,14.714
26.156,14.738
25.932,14.173
26.156,15.571
26.049,14.989
26.869,13.46
26.279,13.896
23.899,14.655
25.162,15.881
27.055,12.71
26.174,13.715
26.689,14.186
27.014,13.253
27.413,12.522
25.774,14.791
24.657,14.528
26.496,13.6
26.918,12.983
26.749,13.189
26.75,13.555
27.113,15.237
27.957,17.556
26.948,15.539
26.837,17.005
26.745,18.594
27.506,14.702
28.271,14.777
27.547,14.194
27.432,14.105
28.306,13.984
27.94,14.028
28.221,13.694
27.522,13.445
28.88,13.396
28.541,12.594
28.294,13.363
29.113,13.283
28.526,13.538
29.072,14.654
28.588,15.647
28.872,17.976
29.33,13.997
29.072,14.273
30.197,16.142
30.718,15.299
29.945,15.106
30.772,15.116
30.5,15.818
29.845,17.174
29.803,14.58
29.864,14.589
30.963,16.027
31.226,16.113
32.387,15.171
32.558,15.264
32.443,20.041
33.454,20.119
34.139,19.733
33.699,18.777
32.915,21.52
31.388,20.148
31.555,19.082
32.597,19.193
30.946,18.959
32.63,19.84
33.652,20.17
31.808,18.234
33.546,17.74
33.024,14.481
34.344,15.685
35.721,16.451
34.952,17.618
35.343,17.759
34.092,18.861
33.789,22.043
28.317,20.308
29.847,20.688
31.64,21.352
29.851,21.344
30.277,20.428
31.324,20.024
27.058,19.949
24.815,18.899
28.775,15.797
31.057,15.353
33.195,18.175
32.656,16.659
34.333,16.761
33.254,20.497
33.896,19.095
23.721,21.085
30.361,19.465
34.28,18.368
24.86,19.767
28.485,20.072
21.048,18.144
27.792,18.126
27.76,19.513
28.157,19.785
29.697,18.315
29.312,16.983
24.625,18.085
27.088,17.951
28.825,19.947
28.1,19.471
26.318,19.392
26.976,19.704
25.379,18.522
28.688,18.366
26.624,19.709
28.246,20.069
27.548,20.065
29.039,19.583
29.146,18.054
29.909,18.172
30.976,15.769
30.064,19.761
31.767,20.932
28.645,20.915
25.596,19.892
29.687,20.264
21.942,19.601
22.064,19.338
21.01,19.278
21.778,18.993
22.033,19.429
24.373,19.299
26.257,19.027
26.803,19.172
24.416,17.928
24.363,18.909
26.894,18.628
24.305,19.172
21.833,19.044
21.467,19.247
26.216,20.061
27.644,19.455
23.221,19.318
24.109,19.374
27.08,18.719
27.439,18.363
28.871,17.025
28.98,19.224
27.315,18.565
25.921,19.153
26.91,18.867
25.692,18.966
24.889,19.099
25.829,18.82
21.271,18.664
26.13,18.247
24.777,19.51
24.827,19.084
26.829,18.419
29.047,18.095
27.997,17.624
27.101,17.462
26.471,18.798
26.348,18.849
26.314,18.464
24.988,18.789
26.251,18.795
26.748,17.744
26.406,16.847
25.85,17.237
26.274,16.487
24.889,18.555
21.231,18.197
25.941,18.677
20.654,18.1
26.383,17.527
25.44,17.399
26.752,17.226
27.424,18.398
26.171,18.403
26.011,18.242
26.245,17.862
25.761,18.336
25.786,18.284
20.977,17.433
19.767,17.508
24.287,17.379
23.636,17.737
23.569,17.868
20.413,17.728
19.213,17.101
24.969,16.881
24.371,16.49
24.582,15.742
22.647,16.198
24.466,16.024
23.234,15.953
24.31,16.9
24.463,16.317
24.123,16.259
24.126,16.797
25.437,17.571
24.208,16.911
24.258,16.28
22.661,16.45
25.985,15.923
25.133,17.552
25.133,17.445
24.02,17.872
26.449,17.583
24.582,18.007
20.782,17.201
23.77,16.195
18.882,16.228
25.214,15.017
19.891,17.268
24.531,17.066
24.896,16.632
25.1,17.631
25.6,17.322
25.404,17.744
24.425,17.036
22.037,17.397
24.771,17.206
20.941,16.774
24.726,16.964
21.751,17.499
25.109,17.649
22.859,17.319
22.536,17.882
23.163,17.308
20.397,17.141
26.018,16.786
20.186,17.455
22.08,16.98
24.139,17.321
24.198,17.659
25.627,17.147
25.965,17.913
25.221,18.246
25.654,18.578
21.594,18.733
19.774,17.261
23.954,16.387
20.004,16.295
18.668,16.576
18.877,16.252
21.508,15.842
25.2,15.263
24.755,16.01
25.2,19.022
23.439,18.99
23.754,18.426
19.348,16.751
19.298,15.206
23.894,14.673
25.336,16.056
24.8,17.378
23.86,18.211
20.265,18.383
23.36,17.487
24.971,17.981
24.116,17.941
19.894,17.257
19.307,16.575
23.577,16.57
25.017,16.232
25.239,17.019
25.711,16.458
25.126,17.837
25.877,18.412
22.466,18.338
26.428,18.49
26.548,19.488
24.06,18.781
26.304,17.671
25.912,18.175
25.95,17.225
25.695,16.639
25.429,16.92
25.057,17.746
20.891,17.406
24.637,16.938
20.151,17.89
24.739,17.253
26.655,16.926
25.092,17.881
21.19,18.135
24.513,17.873
26.48,16.254
26.556,18.126
24.913,18.943
27.206,19.626
26.897,18.106
27.129,16.812
27.325,16.951
29.459,17.103
29.22,16.908
27.04,19.072
21.815,19.509
21.755,18.514
30.128,16.703
30.1,15.087
29.522,14.502
29.572,13.595
29.573,13.711
29.318,14.166
29.134,16.657
29.558,15.085
30.266,16.419
30.439,19.395
23.012,19.301
22.738,17.092
22.277,17.817
21.54,16.163
27.18,15.386
26.441,14.086
27.002,15.989
27.226,18.263
25.725,18.121
26.163,19.301
22.592,18.728
23.184,18.986
23.296,19.078
23.361,15.312
26.687,15.827
26.254,15.323
26.582,14.076
26.202,14.38
26.194,14.315
26.31,14.696
25.927,14.227
26.106,15.534
26.411,16.957
26.151,14.965
25.384,12.993
25.316,13.795
26.142,13.58
26.093,12.235
27.531,12.846
28.377,13.575
27.184,15.218
28.057,14.913
27.753,17.288
27.427,17.99
28.585,16.022
27.357,14.708
27.34,14.506
27.052,14.303
28.377,14.883
28.367,15.372
27.22,17.04
27.029,16.284
26.262,16.456
26.71,17.69
27.681,17.887
26.937,17.364
27.821,16.928
28.203,17.441
28.415,18.103
27.008,16.947
25.924,15.703
27.644,14.514
28.091,14.533
26.88,13.675
27.115,13.836
26.496,14.921
26.121,15.915
27.478,15.563
26.796,18.485
26.052,16.583
27.461,15.093
27.231,13.819
26.918,13.67
26.911,13.701
27.504,13.977
27.381,14.852
27.384,13.434
26.688,13.744
26.38,15.305
26.707,14.476
26.526,11.096
26.57,11.711
23.455,12.97
25.623,12.292
25.642,16.817
26.71,17.741
27.061,17.918
26.382,17.086
27.531,15.745
27.694,13.994
27.156,14.03
26.87,16.378
25.862,18.304
27.112,15.358
27.525,16.831
27.765,15.337
27.445,14.135
28.304,14.841
28.363,14.854
27.778,13.429
27.514,15.576
28.639,15.588
27.547,17.85
28.257,17.967
29.287,19.269
30.162,14.869
31.873,14.274
31.804,14.368
31.53,13.196
31.539,11.118
31.505,11.04
31.373,13.571
29.919,12.632
30.938,11.794
32.05,18.972
32.766,18.891
31.696,13.924
32.727,13.543
33.265,20.133
33.291,19.796
32.781,16.692
32.807,16.273
31.299,14.868
29.9,14.083
30.854,18.114
31.017,19.195
31.18,18.678
31.93,18.449
31.328,14.541
31,14.185
31.734,15.509
32.034,17.495
31.9865,16.5395
31.939,15.584
32.892,14.783
32.187,13.938
32.988,13.843
32.331,13.364
32.657,11.424
32.582,18.799
31.302,19.98
32.213,18.775
28.67,20.343
33.941,19.961
34.341,18.735
34.675,17.914
34.97,16.947
34.938,17.668
35.693,18.703
36.062,17.688
35.036,16.261
34.827,14.58
34.981,14.838
35.188,17.478
36.416,17.551
35.834,18.688
35.832,19.361
36.008,20.423
35.383,21.337
35.741,17.836
34.74,17.976
35.066,21.157
30.681,20.458
33.834,21.273
28.803,20.508
33.051,21.145
29.311,19.046
33.643,19.432
27.593,19.54
31.798,19.364
31.48,20.15
34.494,19.103
35.061,16.105
35.016,16.084
35.239,21.467
35.506,18.671
35.717,18.342
29.238,20.878
31.087,19.695
32.228,21.492
32.329,21.071
29.868,18.698
25.545,16.841
31.765,17.756
29.083,19.241
25.211,20.187
27.662,19.539
29.263,18.602
33.401,18.38
33.968,18.147
33.185,18.646
34.257,17.764
34.016,18.882
34.064,18.826
35.147,21.318
26.154,20.976
23.47,19.479
24.228,18.549
24.823,18.809
21.834,19.322
24.975,18.62
27.349,18.751
26.092,19.34
23.009,18.424
21.607,18.656
24.608,17.988
22.18,17.156
23.56,17.484
22.655,18.288
27.902,18.091
27.663,17.805
26.85,18.4
27.241,18.578
26.189,19.121
24.764,18.433
27.504,17.997
23.533,18.436
23.913,18.469
26.119,18.142
24.918,18.196
26.631,18.815
23.624,19.215
24.629,18.929
27.729,18.147
26.176,18.591
23.136,18.651
24.33,18.624
21.995,18.786
24.417,18.601
25.351,18.348
25.963,17.409
25.187,16.038
25.515,15.419
24.833,17.006
20.979,17.131
20.162,17.386
19.334,17.144
25.482,17.101
23.263,16.851
27.644,16.007
27.067,16.798
25.318,17.167
24.408,17.08
26.768,17.044
24.631,18.152
26.359,18.213
20.432,17.925
25.788,17.728
27.367,18.425
28.56,17.845
28.881,16.273
25.605,18.118
19.794,17.005
26.657,16.412
24.386,17.073
24.792,16.759
25.232,17.479
27.607,16.132
26.119,16.077
27.664,15.825
26.679,16.468
25.91,16.704
27.607,18.624
21.385,18.229
19.844,16.929
22.41,16.401
24.587,16.053
24.101,16.792
25.216,16.329
23.906,17.516
21.959,17.26
24.909,16.504
22.519,15.846
21.381,16.737
25.668,16.18
24.358,16.788
25.073,16.115
24.838,15.722
25.154,15.239
26.919,15.208
24.358,15.036
22.821,15.751
23.192,15.091
25.55,14.801
26.976,17.016
24.877,17.15
26.282,17.141
23.8,18.263
22.382,16.829
25.402,15.942
25.849,16.77
25.65,17.888
25.148,17.596
24.878,17.512
25.545,16.425
22.84,18.216
23.731,16.751
26.037,16.861
27.313,17.361
27.511,18.413
23.403,17.947
25.665,17.539
25.603,17.856
26.668,16.918
26.909,18.14
20.891,17.199
25.335,16.19
22.368,15.235
25.217,14.909
26.405,15.204
26.767,16.109
26.798,17.43
26.864,18.53
27.554,17.236
28.003,16.395
28.788,16.595
26.801,17.474
28.286,17.791
27.3,17.744
30.006,18.287
22.073,17.979
23.796,18.088
27.263,17.668
25.613,17.279
27.307,16.234
25.741,17.612
27.308,16.847
26.2,17.037
26.535,18.498
27.505,17.1
28.186,18.023
27.396,18.2
29.987,18.281
30.022,18.811
31.017,18.21
24.979,18.372
20.029,18.268
20.152,17.619
27.477,17.392
25.793,17.789
26.273,16.921
28.71,16.526
26.337,18.88
28.047,18.717
25.767,17.981
26.238,18.963
29.681,19.314
29.794,18.986
30.022,19.187
26.516,19.249
28.852,18.788
30.167,19.043
22.086,19.065
23.915,18.755
20.27,17.226
27.628,17.101
26.679,16.724
26.012,18.354
27.372,16.985
27.929,16.659
27.813,19.012
29.385,18.83
30.102,19.803
31.664,18.229
29.983,19.855
29.682,18.983
26.795,19.998
29.899,19.48
29.26,19.316
29.95,19.585
30.795,18.059
30.464,17.985
23.214,17.337
27.503,18.584
30.745,19.183
30.407,17.881
30.735,18.465
22.874,18.949
22.129,19.074
26.038,18.741
27.622,17.5
28.501,15.941
28.201,16.369
28.529,18.481
27.768,17.007
28.202,17.021
24.707,17.231
26.812,16.098
28.254,15.57
27.298,18.046
22.216,18.631
26.698,18.071
26.096,17.67
26.553,17.207
26.601,16.605
26.049,18.732
24.528,16.002
25.545,15.921
24.226,18.326
24.553,18.273
23.616,17.728
27.026,16.647
26.581,18.412
20.566,18.349
22.886,15.14
25.953,14.698
26.118,15.373
27.284,17.104
24.848,17.001
25.709,17.317
26.995,16.08
26.738,14.177
26.325,14.556
26.423,15.033
26.498,17.007
27.159,18.085
30.141,16.154
29.621,17.631
29.432,16.417
29.011,18.581
27.186,18.903
28.204,18.548
30.562,19.431
28.894,17.21
30.1,15.648
30.476,15.537
28.839,18.529
31.389,16.33
31.297,14.226
31.115,14.164
31.256,15.146
30.499,16.374
30.909,16.195
30.75,15.724
29.877,13.89
31.765,13.828
31.702,18.065
32.158,18.537
32.916,19.535
31.351,19.109
31.807,18.398
30.492,18.506
28.692,18.426
29.447,16.842
30.619,15.624
31.753,18.343
30.675,19.733
31.426,19.135
31.045,19.883
31.763,16.722
33.131,16.982
33.832,19.023
34.37,18.446
34.297,15.887
34.49,15.973
33.923,16.335
31.508,19.948
26.51,19.965
22.739,17.749
28.347,18.439
30.792,16.809
30.726,16.573
30.855,15.966
32.409,15.937
32.545,19.118
33.431,19.257
33.953,18.425
34.464,17.054
33.78,16.241
33.537,14.701
33.627,15.403
33.925,16.417
32.079,19.793
33.986,18.252
34.695,17.656
35.33,19.113
34.81,19.755
35.114,18.91
34.179,20.868
34.023,20.925
33.413,21.208
31.847,20.514
32.642,18.7
34.368,18.912
34.547,19.498
33.34,20.332
33.213,20.461
30.592,19.483
33.472,18.914
32.835,19.915
34.937,19.344
35.225,20.198
35.418,18.707
35.858,18.66
32.709,21.192
24.368,20.591
27.369,20.179
29.363,20.252
31.948,19.442
31.766,20.451
31.035,20.918
32.215,22.182
34.881,21.545
35.718,17.656
36.36,18.493
34.025,23.148
32.673,21.033
33.249,21.625
34.261,21.523
33.109,20.822
33.341,18.877
34.967,18.623
35.033,20.863
35.648,21.33
33.992,21.045
33.315,21.399
36.131,21.31
37.501,20.822
38.08,18.677
36.982,18.751
36.608,18.92
35.515,20.086
36.184,21.363
35.221,21.965
33.893,22.53
29.72,22.129
26.495,19.569
32.453,18.748
33.551,16.311
34.56,15.552
33.215,17.749
34.041,18.327
33.997,19.66
34.557,19.804
32.128,18.043
35.976,17.685
36.919,17.164
37.023,16.513
36.969,16.298
36.673,16.817
34.832,19.386
35.089,22.892
34.373,21.579
32.371,19.37
26.162,19.219
29.417,17.521
29.478,16.587
32.77,16.551
33.503,17.48
32.221,18.953
30.661,19.5
27.014,19.758
25.776,18.131
26.178,19.081
26.311,20.745
25.543,19.96
26.463,20.165
25.222,20.3
28.355,21.105
29.601,20.998
27.929,18.71
29.137,18.606
22.875,20.359
25.858,19.885
24.51,19.71
27.963,20.006
28.903,19.757
28.512,19.605
26.025,19.355
24.682,19.389
29.264,19.058
25.561,20.43
25.828,17.729
24.31,19.226
28.178,19.805
26.396,20.254
26.34,18.288
28.516,18.094
27.73,17.897
24.22,18.48
29.052,18.686
25.594,18.141
25.351,19.117
26.712,18.941
26.57,17.584
27.172,17.996
26.883,19.173
25.082,19.344
24.922,16.887
26.707,19.68
27.555,18.879
27.419,18.879
27.281,19.475
26.928,19.111
26.446,19.304
22.713,18.732
26.341,19.195
26.337,18.426
26.28,18.285
23.751,19.236
24.166,19.117
25.605,18.836
25.74,18.366
26.311,17.564
25.851,18.266
26.458,17.217
23.723,18.273
25.721,18.086
25.292,18.103
26.036,18.443
26.914,17.759
24.996,18.731
28.223,18.267
26.444,18.095
28.145,17.548
29.456,16.964
28.153,18.618
27.841,19.172
27.527,18.101
28.127,17.481
27.191,18.342
29.475,17.866
27.765,18.847
27.824,19.174
29.389,18.475
25.8,18.432
24.227,18.499
27.268,18.24
22.394,18.785
28.195,19.501
24.401,20.005
21.522,18.618
19.239,16.491
17.157,15.699
17.77,15.553
19.736,16.489
20.11,16.74
18.098,16.116
24.35,16.027
22.637,17.613
23.407,17.957
25.382,17.451
25.507,18.674
26.26,18.307
23.805,18.638
23.542,18.408
27.834,18.397
22.655,18.14
26.717,18.427
25.577,18.752
27.138,17.787
25.754,18.569
25.075,18.146
24.069,17.466
22.247,16.74
24.333,17.093
25.293,17.403
24.534,18.257
24.291,17.794
20.521,17.32
25.523,16.66
26.558,16.745
22.999,17.679
22.743,16.882
17.188,15.367
21.752,14.99
24.925,14.147
24.868,16.988
24.89,15.995
22.782,16.315
26.64,15.262
26.258,17.871
24.284,18.231
24.285,17.454
24.846,17.842
24.149,18.024
25.044,17.805
20.459,17.391
25.61,16.741
26.515,17.603
26.564,17.684
27.444,17.963
26.726,18.238
25.147,18.174
19.989,17.965
24.49,17.271
22.781,17.095
28.004,16.528
28.488,17.343
28.004,15.66
28.53,16.856
29.231,18.858
27.88,19.399
28.554,19.433
28.951,18.522
31.838,19.834
22.824,18.786
27.241,19.477
27.393,18.443
28.31,18.131
26.569,18.638
27.617,18.191
27.662,18.556
24.292,19.185
23.697,18.935
23.56,18.565
26.543,18.215
27.823,17.252
26.3,18.342
26.361,17.364
26.365,16.805
26.176,16.89
25.338,19.51
25.421,18.414
27.062,17.704
25.11,17.861
24.527,18.952
26.429,17.575
25.962,19.009
27.399,18.197
27.468,16.735
26.728,16.839
26.624,17.153
26.341,16.875
25.336,17.906
24.079,17.846
24.673,16.73
25.426,16.821
26.24,17.212
25.661,18.517
26.636,17.507
27.155,16.044
26.688,15.504
26.51,16.502
27.142,17.79
27.074,19.509
24.174,19.822
27.062,18.596
27.467,17.321
27.524,17.081
27.835,15.502
27.075,15.315
28.22,15.42
27.826,16.696
27.664,17.997
27.502,17.78
26.705,18.026
27.863,17.993
27.888,17.926
21.984,19.342
26.995,19.541
27.495,18.921
26.758,17.205
28.036,18.192
27.967,18.305
27.745,18.297
26.839,17.552
26.701,15.355
26.396,16.844
26.773,18.208
27.705,18.854
28.953,18.855
28.631,18.63
27.591,17.122
26.963,17.866
24.291,19.113
24.939,18.753
22.628,19.205
25.499,18.24
26.532,17.583
27.068,16.11
27.163,18.408
26.747,18.654
27.015,15.19
27.666,13.942
21.678,17.136
26.657,16.397
26.624,16.008
25.425,18.613
26.867,19.085
26.707,17.051
26.66,16.46
26.95,16.474
30.192,16.994
29.407,18.925
27.599,17.762
30.524,18.474
29.23,19.564
29.493,17.686
29.994,16.271
30.008,19.13
31.535,16.917
28.384,19.289
31.453,17.823
31.033,15.508
31.076,16.038
31.943,17.404
32.914,15.314
32.765,15.312
32.453,16.606
32.701,18.972
32.682,18.587
32.813,16.513
31.931,16.043
