19930101,
28.168,8.278
31.124,8.186
30.897,9.39
28.944,10.859
30.792,12.112
27.552,13.571
30.596,12.593
28.174,11.398
28.784,12.077
29.331,10.858
29.891,9.924
28.021,9.661
30.099,9.622
30.985,10.648
29.657,10.781
26.382,8.368
29.728,10.67
30.575,10.264
30.503,9.667
31.085,10.461
30.906,9.508
31.003,7.752
31.214,8.091
31.951,8.035
32.216,6.243
32.147,6.746
32.559,6.5
32.304,6.636
31.508,7.727
31.118,8.962
29.705,11.646
30.779,10.722
28.639,12.878
31.597,12.791
32.151,10.793
31.998,8.792
31.977,8.719
32.815,8.533
33.643,9.677
33.361,10.221
32.581,10.023
30.438,11.302
31.423,10.52
32.476,9.478
32.266,9.716
32.166,9.601
31.817,12.654
32.336,13.119
32.566,12.858
28.48,14.157
28.937,15.123
27.838,16.062
23.689,14.897
25.909,13.337
24.319,11.219
22.448,14.425
24.942,14.488
24.239,12.779
22.827,12.979
24.627,15.395
22.494,11.858
22.51,12.828
23.687,13.82
27.763,15.298
23.547,13.934
30.346,13.443
28.716,13.666
27.498,14.173
27.125,12.6
30.342,12.321
28.533,12.722
28.935,9.302
25.36,13.957
30.317,13.228
25.867,13.908
24.785,11.815
25.86,11.725
23.081,15.215
24.497,14.739
24.969,13.792
23.744,12.762
24.625,10.942
24.652,10.422
24.979,10.608
21.904,14.765
24.744,14.173
23.854,13.134
22.591,13.584
27.704,11.246
27.745,11.012
27.865,12.242
26.262,14.316
24.746,13.503
24.937,12.114
26.157,13.041
26.012,12.127
31.602,12.132
33.051,9.75
33.017,9.31
32.929,8.951
30.009,11.277
26.879,12.8
28.236,12.885
32.284,8.126
32.889,6.969
31.289,9.204
25.425,13.983
26.4,14.111
28.065,12.159
31.919,14.294
30.889,14.539
27.432,13.456
24.83,12.733
29.9,12.69
21.73,11.336
25.854,10.256
22.657,11.032
25.763,11.579
22.784,12.583
21.267,14.158
28.054,13.564
26.008,14.89
27.446,13.543
28.067,7.34
31.817,5.622
33.321,15.192
27.225,15.379
27.181,15.998
30.546,15.864
24.638,13.772
25.634,15.501
24.589,9.685
22.667,10.573
28.122,13.144
28.543,12.942
23.439,12.734
23.354,9.531
27.077,13.842
24.672,12.874
30.216,12.695
27.962,14.02
25.208,15.443
25.655,15.238
25.248,15.341
27.704,14.249
20.63,15.457
23.286,14.785
32.518,14.387
27.545,15.006
28.073,15.418
27.339,14.993
27.06,14.883
28.077,14.973
24.439,14.473
24.972,12.072
22.555,12.299
22.145,14.273
24.549,12.944
16.651,13.641
29.329,12.614
25.954,12.199
23.033,14.191
23.653,11.652
29.372,11.593
24.553,14.781
26.957,14.683
23.504,14.742
25.258,14.253
26.13,15.604
24.975,15.508
21.749,13.162
25.485,12.526
28.276,11.906
23.479,15.313
25.186,14.914
27.681,14.848
25.493,14.951
19.397,13.119
29.017,10.881
22.473,13.439
23.564,10.857
22.332,13.799
22.012,13.911
23.049,14.622
23.133,13.742
27.624,15.104
25.772,15.887
24.311,15.633
22.687,10.603
29.222,8.789
26.376,13.839
29.066,12.37
25.47,15.946
22.553,15.463
23.091,15.246
21.688,14.611
22.821,12.822
22.16,14.286
21.722,13.075
22.163,11.579
28.167,12.71
24.657,14.2
23.72,15.047
23.391,15.234
21.065,14.688
22.598,14.821
18.402,13.258
25.234,12.944
25.097,12.522
18.55,12.939
28.091,10.483
22.223,15.005
26.008,14.658
23.182,14.789
25.376,14.994
20.621,11.111
27.812,10.793
28.072,13.12
25.495,14.702
27.673,13.042
28.472,13.126
20.871,11.351
23.725,11.61
26.113,12.417
23.694,14.067
19.549,13.366
26.433,13.617
25.752,14.615
25.795,14.503
28.975,11.997
21.374,14.718
26.674,14.142
23.777,13.112
27.089,14.579
24.284,15.07
26.782,14.698
23.749,12.737
30.178,12.999
23.21,10.594
32.097,10.506
22.479,13.007
30.449,12.214
27.026,12.666
31.037,12.337
28.323,15.438
23.019,13.829
24.526,13.25
26.734,13.813
29.86,13.262
28.766,13.961
24.643,11.586
31.053,11.194
27.922,12.382
31.755,11.301
25.786,15.204
24.475,14.97
19.986,11.915
27.783,11.319
24.833,11.904
29.648,12.361
22.401,12.707
21.334,12.499
24.658,13.217
23.441,12.432
25.691,13.689
24.915,13.236
25.013,14.196
26.371,14.729
26.022,15.532
24.264,15.202
25.601,15.263
26.147,13.135
25.751,14.847
25.28,14.976
23.522,11.612
29.572,12.032
20.184,14.374
24.497,13.727
21.185,10.619
27.491,10.32
26.162,11.949
24.184,11.092
26.46,12.742
23.537,7.889
28.657,8.574
27.319,11.45
28.047,13.1
27.515,10.723
30.268,11.055
30.659,9.5
28.986,10.334
26.655,13.238
21.792,13.456
27.744,13.217
27.978,12.117
27.711,11.398
29.041,10.481
27.711,12.127
28.45,11.131
26.593,11.538
25.806,13.398
29.036,12.773
29.259,11.445
28.8,11.096
25.907,11.504
27.824,12.305
24.015,12.827
25.978,13.019
23.21,12.521
23.096,12.994
26.387,11.703
23.151,11.912
23.685,12.025
26.818,12.849
27.615,12.873
20.698,11.862
27.138,11.804
21.464,9.381
27.537,11.137
28.671,10.32
26.89,9.579
24.402,11.915
26.814,10.968
28.159,10.131
25.613,10.411
25.722,8.291
26.429,8.09
27.042,8.47
26.979,8.907
23.617,10.049
25.75,10.446
25.898,12.898
22.547,10.653
23.297,9.29
24.628,9.946
25.46,11.426
24.381,11.743
27.115,9.091
26.129,8.9
22.516,9.558
25.743,9.761
25.936,7.996
21.377,8.141
25.207,9.041
23.582,9.68
21.473,12.308
25.269,12.049
24.598,7.283
25.456,6.708
23.397,7.564
19.384,9.223
28.861,8.278
28.232,9.581
26.957,9.828
27.567,9.651
26.721,9.564
22.042,10.566
28.838,10.799
23.241,9.641
28.632,9.307
26.238,10.626
25.058,10.74
22.361,10.389
26.389,10.456
23.233,11.917
28.459,10.981
27.585,10.448
28.839,12.488
28.384,12.718
23.695,9.997
29.215,11.122
30.882,5.791
30.47,5.183
29.897,6.301
30.494,5.281
30.355,5.877
29.914,5.469
28.861,6.446
29.416,5.817
30.159,5.666
30.339,6.309
30.471,6.462
31.047,6.469
31.429,6.48
30.245,7.752
30.805,9.537
28.899,11.168
30.022,10.915
30.444,9.572
30.83,9.546
30.408,9.472
29.508,9.476
30.533,8.44
30.671,8.782
30.603,11.59
32.651,10.969
31.51,9.821
30.282,12.699
29.81,11.115
30.386,13.639
29.588,12.829
30.24,12.877
25.334,12.104
22.533,14.908
29.122,9.675
28.553,10.934
32.022,10.706
26.709,11.059
27.774,11.659
23.01,13.13
27.449,11.754
26.906,9.083
30.482,7.707
30.254,11.254
30.704,10.289
30.34,12.278
32.314,12.08
32.313,10.814
32.536,12.556
32.695,11.406
31.745,10.192
32.277,9.725
32.29,9.922
30.778,11.948
31.694,12.192
30.215,10.667
30.221,11.24
29.105,13.341
31.872,14.521
32.505,12.725
31.268,12.199
32.478,11.839
30.356,13.165
31.641,13.265
26.35,14.55
29.623,14.127
31.948,13.418
26.733,12.791
32.122,14.156
29.883,12.735
31.727,12.349
28.785,14.211
28.89,12.704
27.812,15.303
27.555,12.504
31.707,13.271
32.519,13.686
34.032,13.451
32.708,13.814
32.8,12.95
33.644,11.943
33.048,13.68
31.665,14.094
29.911,14.383
25.797,13.963
30.03,13.654
33.657,12.402
32.671,14.619
23.08,14.751
26.965,12.302
31.016,12.492
28.946,14.621
26.309,14.611
28.585,14.566
24.632,12.856
28.831,13.774
25.037,13.37
28.823,13.505
26.395,14.308
27.902,14.183
25.886,13.392
23.614,10.668
23.25,11.663
24.668,12.116
32.595,13.767
36.21,11.333
34.737,10.796
35.25,11.053
32.079,12.801
31.713,10.074
31.542,10.464
32.19,11.311
32.339,14.057
32.69,14.503
33.358,13.892
28.827,15.054
28.127,14.843
28.734,14.905
27.48,15.002
29.072,15.265
24.079,15.277
26.543,15.788
28.75,15.397
26.192,13.578
33.007,12.523
22.262,12.763
31.487,12.612
28.004,14.505
27.231,14.228
26.663,14.766
25.342,14.778
25.113,14.883
28.716,15.151
27.763,14.691
27.17,15.467
26.696,15.929
25.647,14.31
26.286,14.555
28.976,13.291
28.497,14.718
26.133,15.034
23.936,15.818
23.636,15.511
22.38,14.944
21.296,13.004
27.194,13.656
24.966,15.353
25.778,14.806
24.394,14.07
27.761,14.574
28.129,14.728
22.16,16.107
23.78,13.88
26.879,12.313
26.138,15.835
31.453,14.152
28.062,15.68
23.22,15.611
19.062,16.084
23.387,13.453
24.33,11.592
25.635,12.261
24.259,14.493
23.931,15.252
23.519,12.238
31.235,11.839
21.811,15.532
26.14,14.062
24.212,15.337
23.859,14.791
26.134,14.448
22.269,14.51
21.62,14.534
25.169,12.447
25.456,11.634
19.754,11.893
25.515,14.018
22.399,13.857
26.137,12.783
24.588,15.399
24.494,13.573
31.446,12.495
24.415,15.409
23.415,15.368
21.618,14.689
21.744,14.298
25.536,14.51
27.717,12.731
26.073,14.311
24.58,13.675
23.04,14.317
21.214,13.525
20.622,14.464
19.729,9.754
22.786,9.212
16.631,9.498
22.989,10.159
25.922,9.769
27.228,12.494
26.82,12.803
24.194,15.116
23.22,13.43
28.708,11.957
19.461,13.823
29.672,11.189
25.698,14.422
27.328,12.794
22.88,14.861
22.181,14.85
21.861,14.606
26.845,14.576
28.149,15.327
22.412,11.962
25.864,11.294
22.704,14.237
22.934,12.345
28.075,11.338
21.619,15.154
26.901,14.554
26.022,15.057
25.556,14.893
25.802,14.34
27.322,14.803
23.569,15.505
25.296,14.381
21.694,14.282
27.295,14.61
26.539,13.679
22.613,14.235
24.585,13.344
25.143,13.727
23.733,14.099
25.294,13.841
22.054,14.145
22.415,14.642
25.936,14.088
24.594,11.674
23.957,14.091
25.286,11.092
31.529,11.966
31.887,12.929
29.223,12.851
28.775,10.709
31.225,10.043
20.356,14.92
26.325,13.987
23.013,14.218
26.759,14.636
20.276,13.169
29.99,12.13
22.629,13.628
22.926,13.398
22.661,13.053
26.343,12.83
21.679,10.028
30.676,11.083
26.139,12.978
21.581,14.298
23.492,14.202
26.795,13.273
22.159,11.949
27.132,14.816
24.495,13.917
26.982,14.701
24.245,15.09
31.482,14.79
23.318,14.425
30.318,13.949
27.774,14.786
21.979,15.418
27.531,13.164
27.964,14.362
23.087,15.221
30.129,13.586
22.439,14.471
29.262,12.227
25.607,13.135
21.907,13.033
24.089,12.243
22.99,12.014
28.603,13.153
22.84,12.802
26.575,12.958
28.521,13.183
27.747,13.531
28.752,13.083
22.883,12.69
25.895,13.254
21.774,10.847
25.502,12.269
22.92,13.572
24.134,13.769
26.532,14.206
27.137,12.825
28.227,11.895
24.903,12.354
23.487,11.381
23.934,11.161
21.046,12.836
24.635,10.91
25.133,11.069
24.231,12.494
25.422,12.593
24.083,12.712
19.963,12.084
24.599,12.736
23.704,12.939
27.101,12.955
20.396,12.51
20.59,13.017
27.424,12.01
28.33,8.161
28.622,7.737
28.844,8.004
27.732,7.872
27.197,8.891
27.579,7.516
28.091,8.254
25.414,11.277
26.732,11.803
25.108,9.433
25.047,10.586
22.6,10.503
28.505,10.419
26.979,11.196
25.646,12.957
25.59,10.516
28.303,10.183
27.299,11.388
28.34,9.487
27.986,8.754
26.368,11.631
26.377,11.489
28.715,8.225
28.322,6.018
28.764,7.298
27.513,7.011
27.323,7.536
27.934,6.979
27.932,7.197
27.312,7.948
24.928,7.937
26.439,6.755
28.805,6.086
27.957,6.407
28.293,5.089
27.863,4.542
28.713,4.418
27.801,8.422
27.177,9.323
28.074,8.42
28.411,6.698
27.049,5.856
28.397,5.466
29.824,5.712
29.348,6.173
28.825,5.516
29.302,4.584
30.004,5.437
30.222,7.487
30.215,7.223
29.457,8.919
28.315,10.227
27.118,8.561
27.515,10.027
27.189,8.769
27.693,7.768
27.923,7.493
23.39,11.094
27.528,10.468
28.459,8.224
28.993,9.531
24.765,13.864
26.075,11.382
28.077,8.272
30.04,7.678
29.614,8.144
30.964,6.373
30.853,5.079
30.097,5.978
30.667,6.641
29.545,6.458
30.118,9.026
28.998,8.419
23.211,11.728
25.124,10.885
19.855,10.917
25.259,12.292
26.359,11.329
24.962,11.643
24.175,12.893
28.151,10.218
28.374,10.004
21.802,10.979
25.311,11.365
22.677,11.197
27.762,11.719
29.235,12.713
26.409,10.634
28.892,10.673
28.024,8.514
27.697,9.147
26.436,10.046
28.608,11.198
26.796,10.551
25.628,11.442
29.122,13.588
30.86,13.883
30.409,13.129
29.994,14.164
30.769,11.121
31.494,9.918
30.745,12.244
30.49,12.653
30.437,12.383
29.764,12.988
31.326,12.08
30.273,11.336
30.087,12.048
30.789,9.78
32.676,10.222
32.317,10.407
32.93,11.25
33.956,10.706
33.159,11.637
32.715,12.163
28.203,12.24
31.202,12.614
30.829,14.174
22.918,13.106
28.874,13.887
21.415,12.732
29.661,10.802
26.683,12.817
29.254,13.347
31.519,11.752
27.474,11.773
30.261,14.167
31.653,14.367
31.398,15.139
26.207,11.318
24.492,12.411
24.097,15.728
25.824,13.027
25.864,10.051
28.105,11.277
26.6,14.086
25.145,14.832
27.702,14.164
28.869,13.912
22.307,14.45
21.382,11.253
23.069,12.29
20.512,13.103
20.392,13.661
24.143,12.59
28.119,13.535
21.649,13.246
22.692,12.791
22.298,12.98
26.707,12.567
31.155,12.976
31.408,12.604
32.485,9.889
31.125,9.695
28.92,10.122
27.832,12.843
26.157,13.791
25.591,13.569
23.943,14.495
25.202,14.231
25.49,14.183
25.02,14.342
23.57,14.141
21.56,13.985
23.319,13.665
25.096,12.499
24.739,14.374
24.264,12.252
28.912,13.712
25.091,14.273
27.498,14.704
26.207,14.478
28.638,13.319
26.04,14.671
27.94,13.946
28.462,13.905
24.588,15.969
25.047,15.104
25.437,13.852
26.673,14.862
25.186,14.841
26.023,14.253
31.827,13.72
28.26,12.326
27.506,12.934
24.613,13.749
25.623,14.826
26.817,13.862
26.885,14.23
25.958,15.215
24.946,15.345
26.88,14.562
24.14,14.77
20.552,14.52
25.565,11.678
27.391,12.358
22.343,14.938
24.808,13.77
26.77,10.874
26.252,10.959
23.285,12.207
24.114,13.971
27.627,13.36
26.597,12.461
27.906,13.737
29.149,14.934
25.349,14.642
23.301,13.722
22.491,13.957
22.946,12.313
23.154,10.322
23.619,12.465
25.522,12.849
25.55,13.023
24.08,11.553
23.686,12.223
22.685,13.23
23.322,13.419
23.209,14.354
28.261,13.288
23.702,13.26
21.892,13.369
22.679,14.624
21.688,14.02
24.46,11.912
25.695,13.33
21.599,13.292
26.482,12.829
26.669,11.617
25.569,14.93
28.411,15.166
21.243,15.518
19.987,13.623
19.565,11.07
22.488,12.849
23.513,13.401
21.881,13.94
23.089,13.567
27.237,12.181
29.8,11.433
28.851,15.665
29.568,14.882
22.119,15.459
23.666,15.386
28.217,15.442
22.124,14.467
26.163,15.032
19.205,11.757
28.277,12.879
20.124,12.802
23.198,11.658
25.911,14.142
24.435,13.288
25.003,13.315
20.778,14.882
27.372,14.431
22.106,13.992
23.663,11.544
23.443,12.115
22.903,13.497
24.073,15.018
22.218,13.057
23.497,13.237
24.727,14.104
19.777,14.65
23.838,13.946
27.175,12.718
23.314,14.624
19.368,12.885
23.725,13.729
23.52,14.639
20.736,14.383
25.028,13.6
22.357,12.031
25.551,13.417
20.147,12.178
18.685,11.983
24.289,11.065
23.525,11.305
24.861,11.122
24.414,14.673
23.473,14.611
25.209,14.579
20.626,12.93
23.419,13.115
21.455,10.406
31.429,10.413
24.054,14.971
26.724,13.726
24.192,14.816
26.158,14.036
27.833,12.837
22.276,12.056
30.391,11.491
30.063,14.696
26.255,14.285
24.002,15.28
24.097,13.158
29.487,11.745
29.959,15.266
24.965,15.179
24.874,14.723
24.225,14.197
27.103,14.888
29.807,9.94
29.177,9.999
24.45,14.004
24.348,13.268
25.463,14.194
27.072,14.869
23.72,14
23.487,11.929
30.601,11.401
23.295,13.779
29.025,13.292
26.034,14.274
23.897,15.093
23.721,14.524
22.041,13.433
31.131,12.628
25.56,14.818
23.641,14.479
26.222,14.394
23.712,14.831
23.369,12.64
25.123,14.358
26.845,14.577
28.114,14.77
30.733,14.592
31.288,13.935
28.84,14.147
27.241,13.831
27.19,13.498
30.113,14.592
30.766,12.513
30.91,12.875
30.409,12.326
28.444,12.596
25.657,12.901
28.446,12.439
28.208,12.339
28.699,8.655
29.024,8.828
27.741,12.576
26.191,12.37
28.618,11.496
29.808,7.916
30.035,6.257
27.101,11.93
25.86,13.332
27,12.698
26.12,13.626
25.959,13.267
26.103,11.677
24.958,11.65
27.929,12.236
28.541,10.281
28.097,10.706
24.397,13
24.555,11.838
25.062,12.666
28.33,11.414
28.143,9.506
27.709,9.422
25.761,11.028
24.871,11.168
25.86,11.93
25.238,12.8
25.458,12.083
26.905,11.583
28.144,10.079
26.589,11.648
27.314,12.886
28.363,12.072
29.127,8.219
28.954,6.745
28.539,6.526
28.657,7.781
28.689,10.396
28.635,8.525
28.517,7.477
29.138,7.748
29.291,9.831
29.076,9.99
21.886,12.578
29.233,10.042
26.362,10.926
26.476,9.882
26.171,11.922
26.542,11.843
23.6,12.351
25.909,13.873
29.829,10.576
29.805,9.442
24.569,15.209
22.234,13.643
22.306,14.592
23.553,11.311
26.651,12.604
28.321,10.793
28.04,10.494
28.298,10.453
29.054,8.366
28.791,7.19
27.968,7.164
25.93,11.676
25.148,13.061
21.298,11.209
28.39,10.996
27.266,9.115
27.092,9.399
27.533,10.441
27.732,10.076
29.445,9.44
29.379,9.988
28.669,9.084
28.805,8.626
30.416,8.11
30.593,10.363
29.25,12.269
27.409,14.651
26.313,14.873
30.587,14.665
30.757,14.822
28.308,14.666
27.837,15.31
29.721,14.143
30.152,12.634
26.814,12.898
27.969,14.338
28.915,16.111
24.948,15.13
24.702,10.208
30.67,13.037
27.949,13.698
21.176,11.951
30.184,10.39
30.019,13.161
30.72,10.555
29.096,11.476
30.394,12.444
30.448,14.841
30.127,13.455
29.956,12.766
29.811,14.021
28.988,14.593
31.749,12.98
31.84,10.827
32.812,12.073
31.132,14.781
27.045,14.247
31.648,14.875
28.689,14.651
26.911,13.791
30.836,14.142
22.824,15.531
30.381,14.059
24.992,16.746
22.791,16.124
26.615,13.173
29.794,12.527
26.792,13.413
26.807,12.418
24.667,13.503
25.845,13.175
29.219,12.495
28.982,9.788
32.566,9.619
29.479,10.592
32.562,10.679
31.458,10.539
29.519,12.993
29.647,12.641
29.191,13.1405
28.735,13.64
27.379,15.338
24.184,16.322
24.708,15.857
28.905,12.474
29.681,13.011
30.693,14.4
27.228,13.479
31.067,12.146
30.634,10.573
31.408,10.11
25.994,12.871
29.655,12.791
23.722,13.426
23.419,14.401
26.555,14.121
26.59,14.656
25.016,14.606
26.638,13.67
24.801,14.019
24.784,13.563
25.212,15.05
28.93,15.38
30.199,14.849
30.407,15.781
23.224,13.618
31.337,12.245
34.48,9.689
31.033,16.893
23.284,14.918
26.005,14.498
22.838,10.765
29.761,9.544
27.343,13.801
26.212,14.765
27.64,15.234
28.186,15.384
28.336,14.233
29.116,14.245
27.129,13.387
27.985,12.625
26.216,11.997
28.667,12.696
30.364,13.302
27.116,12.781
24.869,13.174
26.161,12.101
26.276,9.591
31.868,9.574
31.368,11.137
30.371,15.287
27.514,15.129
21.909,13.777
23.421,14.056
26.09,11.079
29.517,11.489
33.934,13.032
34.967,11.119
35.403,9.324
30.784,13.876
22.195,13.017
26.112,8.992
30.743,8.463
30.687,11.803
29.488,13.733
22.463,11.196
22.781,11.067
32.378,14.574
22.797,16.064
20.374,14.931
27.127,14.931
26.601,15.803
22.196,15.82
20.276,15.309
27.927,11.767
24.92,12.423
27.361,13.525
33.167,14.369
28.796,15.072
28.577,15.682
30.079,15.093
31.866,16.15
29.124,13.079
29.919,12.858
25.891,16.72
24.454,13.138
31.65,10.954
31.775,10.938
23.147,13.591
28.245,12.322
27.436,13.014
31.232,13.232
27.216,13.817
28.883,13.349
26.325,9.816
29.136,9.904
28.408,10.441
30.18,11.407
26.997,13.942
27.221,13.701
29.993,14.836
25.318,15.08
25.199,14.544
25.278,14.335
25.453,14.032
23.676,11.299
28.956,13.572
21.733,9.87
28.203,11.656
25.93,14.303
26.063,13.847
24.299,9.955
22.2,11.168
24.744,12.88
26.584,14.015
25.003,12.506
28.692,14.116
29.387,13.114
24.503,15.147
26.401,14.043
19.627,14.271
24.067,11.312
27.249,13.299
22.626,13.153
23.378,14.071
24.664,14.604
24.777,15.187
25.89,14.35
23.103,12.038
25.384,15.652
29.35,15.708
25.848,15.117
26.633,14.06
28.839,14.184
25.004,15.088
23.061,15.169
26.115,13.672
26.764,12.457
21.887,13.66
31.069,10.992
22.398,14.208
22.205,15.059
23.89,14.44
22.344,15.529
23.914,14.599
23.647,12.503
24.029,14.96
24.944,14.595
23.824,13.906
22.481,14.961
24.482,15.171
24.171,15.5
23.832,14.186
26.989,12.332
30.647,13.852
24.053,13.333
23.345,13.321
22.8,14.702
22.269,13.386
21.087,13.059
23.929,11.964
26.086,14.104
24.949,15.177
22.125,15.243
23.439,14.639
24.122,15.061
23.218,14.766
24.514,15.008
22.361,14.906
22.343,14.222
24.859,14.915
23.054,15.342
21.402,14.705
20.627,14.155
26.211,13.279
26.271,13.824
25.532,13.303
26.823,13.8
26.891,13.074
24.929,13.447
29.524,12.829
21.773,11.972
26.458,14.316
22.065,16.344
25.74,15.203
29.113,14.74
22.009,14.054
30.534,12.299
23.156,12.898
20.876,13.319
26.543,12.773
24.772,12.029
28.895,15.068
22.953,14.144
26.529,14.058
23.048,13.048
30.704,13.786
25.618,13.515
24.533,13.25
25.149,14.679
29.276,14.322
28.67,15.053
23.641,12.17
29.709,11.725
23.322,12.032
33.114,11.936
24.308,13.745
24.94,14.677
25.937,13.445
27.068,13.934
25.265,16.026
26.406,13.7
26.08,13.175
24.227,13.285
25.254,13.036
23.458,14.1
23.882,12.53
22.798,9.569
27.651,10.562
25.031,13.742
27.163,13.708
24.245,13.624
21.107,11.097
26.4,8.698
28.631,13.81
24.312,10.581
26.468,11.668
23.947,13.974
25.453,14.367
25.989,13.275
24.862,12.829
28.565,13.096
24.211,10.908
27.959,12.195
24.983,14.179
28.249,14.623
22.188,11.569
29.108,13.355
24.003,14.769
26.621,14.093
28.84,13.338
26.958,12.553
29.864,10.223
28.767,10.994
28.696,12.579
28.173,11.938
29.271,7.476
28.755,6.041
29.008,5.417
28.871,5.3
28.855,7.941
28.292,8.255
27.331,12.945
23.061,12.038
26.209,11.622
22.835,9.224
27.673,10.434
27.492,12.472
27.242,12.849
28.389,12.473
27.799,11.826
27.423,11.784
27.757,12.515
23.497,13.107
24.597,13.196
22.238,11.257
24.99,11.615
26.795,13.254
26.651,13.267
29.137,11.611
24.617,11.2
25.684,11.34
28.803,12.041
29.364,11.161
28.632,10.456
29.167,9.429
28.84,10.563
29.317,10.641
24.215,12.508
26.188,13.056
22.845,14.067
23.033,14.272
25.575,14.039
25.346,12.693
25.023,13.584
26.947,14.881
25.746,13.674
26.314,11.904
26.915,11.994
24.73,14.31
27.661,12.555
27.445,9.779
25.86,8.452
29.472,10.915
27.173,12.749
25.385,9.503
28.842,9.439
28.554,11.608
28.06,10.47
26.996,11.799
29.199,10.488
28.982,9.035
24.959,9.987
28.734,9.098
29.667,10.562
28.982,7.635
29.182,6.805
26.635,11.845
28.849,11.549
21.67,12.779
25.813,15.004
21.287,14.153
31.051,13.529
31.476,12.26
30.128,12.327
26.801,12.677
28.177,12.043
23.371,13.548
28.657,11.075
23.181,14.918
24.602,12.626
31.358,9.468
31.483,7.353
31.3,8.813
29.639,10.562
26.471,10.365
29.98,9.541
29.089,10.804
29.044,9.422
22.735,11.697
28.654,9.823
28.472,9.753
27.733,12.366
29.875,13.998
29.601,11.929
31.502,11.042
31.673,12.927
32.056,12.574
31.776,13.294
30.418,13.017
27.809,12.322
28.069,12.387
27.183,14.685
27.649,14.026
25.601,10.507
30.419,10.932
32.113,11.177
30.926,12.022
31.18,10.252
31.579,9.63
30.412,8.571
29.547,8.545
30.139,11.935
29.762,10.491
24.421,11.506
32.457,10.355
33.374,8.389
32.715,9.402
29.916,10.642
25.228,16.058
26.751,14.428
30.826,12.982
27.701,11.769
30.353,10.414
30.123,13.13
23.223,14.88
31.789,11.41
31.427,9.846
32.507,9.927
32.036,11.377
31.95,14.037
32.077,14.617
32.832,13.057
32.394,12.367
25.84,14.315
32.645,14.715
30.421,13.833
27.701,13.898
30.558,13.897
30.082,10.671
30.259,12.54
26.994,15.036
32.493,14.469
31.716,13.001
31.88,12.993
32.825,13.634
31.129,12.185
32.975,9.015
34.039,8.555
35.015,8.409
34.986,8.136
34.786,11.326
34.69,11.535
30.428,10.792
29.931,9.642
24.203,14.042
27.318,14.554
31.209,13.2
30.33,15.016
28.075,14.035
27.054,15.331
25.261,14.919
25.737,14.637
25.456,13.159
29.752,12.451
27.543,13.742
28.204,14.621
30.382,14.54
29.148,14.57
28.344,14.651
26.512,14.589
25.537,14.169
28.136,14.392
27.139,15.134
28.397,14.788
27.808,14.601
24.636,14.558
25.994,14.976
27.554,14.524
24.971,13.709
27.299,14.13
29.633,15.027
32.363,11.563
35.169,11.544
30.88,13.044
30.497,14.584
29.264,14.038
28.328,12.08
25.715,12.017
29.458,15.356
26.686,14.766
29.972,14.035
20.984,11.587
25.825,11.798
24.788,10.266
31.379,12.311
29.419,14.668
27.135,15.22
26.892,15.027
29.943,12.935
26.687,14.323
25.613,12.94
28.97,14.527
35.275,15.157
30.512,15.621
29.043,15.854
25.198,15.499
27.075,16.288
23.34,11.595
32.6,14.537
26.577,15.219
27.448,13.026
25.895,14.343
21.816,15.038
26.027,13.006
25.31,11.734
24.472,15.026
25.294,14.929
23.565,14.153
25.562,12.48
29.537,11.931
27.869,13.682
25.413,12.728
27.127,11.92
25.477,14.764
24.56,15.869
28.993,15.514
23.506,15.627
23.558,13.687
25.851,11.958
24.508,10.91
27.21,12.07
29.144,12.833
22.649,15.396
29.752,14.858
29.656,14.427
26.914,13.563
27.721,14.278
27.186,15.057
24.657,12.674
25.999,13.442
21.513,13.08
25.59,11.899
26.108,11.132
20.149,12.988
27.634,12.764
23.24,12.75
22.93,14.316
23.464,12.859
22.211,11.893
19.89,12.816
27.755,14.496
24.519,13.901
25.356,14.596
23.995,14.473
22.836,10.965
31.699,10.701
30.43,12.522
23.27,14.144
23.714,13.691
29.239,12.263
25.633,12.306
25.306,9.997
21.411,12.985
26.219,13.749
23.588,14.587
23.262,14.217
25.297,12.308
27.14,14.18
23.559,13.452
25.803,13.327
23.808,16.632
28.755,15.999
23.623,16.135
23.41,14.857
23.837,16.166
23.857,16.194
22.528,15.692
24.173,15.65
23.219,15.623
23.132,15.957
21.315,15.429
18.978,14.489
22.476,11.48
20.081,10.471
24.041,13.4
23.131,12.294
24.238,13.505
24.485,14.777
21.417,14.138
22.298,14.119
24.274,14.977
25.21,15.533
25.066,14.309
28.165,15.552
28.571,15.511
26.681,15.554
22.397,14.685
24.479,14.28
28.549,13.942
24.191,14.582
24.094,13.757
22.705,12.949
24.824,14.133
24.119,14.539
24.859,13.623
28.243,14.722
21.695,15.134
23.386,14.839
22.325,14.772
23.007,14.034
24.335,13.898
24.666,13.591
22.367,13.547
27.831,14.952
24.022,15.526
22.965,14.656
20.82,15.084
23.358,13.771
27.396,14.342
26.649,15.252
22.799,14.98
29.594,13.968
26.517,15.36
24.176,14.136
22.515,14.53
21.798,12.456
26.396,13.839
23.415,13.985
31.248,12.611
25.172,15.233
27.791,14.393
21.665,11.832
24.198,14.342
21.793,13.252
22.891,13.227
23.208,11.78
26.566,13.858
26.127,15.855
24.58,15.459
25.002,15.161
27.229,15.249
24.419,14.879
31.108,15.582
27.086,14.321
24.298,11.554
21.086,14.069
26.944,13.722
24.686,13.064
26.834,14.891
26.263,14.247
30.539,8.592
31.25,7.402
30.638,10.331
29.021,13.587
26.041,14.184
28.458,13.595
25.561,14.618
29.805,11.055
30.326,6.619
29.954,6.859
29.039,9.456
29.404,10.463
29.409,13.032
29.487,11.49
30.154,9.516
28.938,11.856
23.343,12.779
25.14,12.697
26.253,10.728
28.366,11.409
26.606,12.495
26.297,11.854
27.98,11.394
26.967,11.826
23.327,12.669
27.15,12.203
26.273,12.102
27.653,13.222
24.057,13.459
21.543,13.683
22.172,12.199
19.868,11.01
23.345,10.563
22.318,10.218
26.464,10.679
27.11,10.68
28.118,11.651
24.577,9.454
27.209,9.485
27.759,12.783
27.228,11.852
27.358,11.91
28.715,10.901
25.622,13.189
25.732,12.435
24.569,10.942
28.152,10.848
28.586,8.919
28.055,8.911
27.534,7.207
28.055,6.613
28.771,6.851
29.058,6.361
28.884,8.709
25.917,12.09
22.151,11.856
23.58,13.415
23.848,13.776
22.142,11.86
24.907,11.766
26.835,10.874
25.036,11.405
20.938,12.519
26.363,13.233
23.941,12.116
25.049,11.744
25.401,12.382
25.184,7.244
26.644,6.794
27.229,8.674
26.656,12.349
27.56,12.855
23.419,11.065
25.138,10.312
24.977,11.347
27.614,12.737
24.138,10.916
25.011,11.746
27.191,11.617
27.068,11.998
29.504,11.925
29.747,8.93
28.921,10.016
29.519,10.38
30.858,8.535
30.556,8.984
28.048,11.164
27.039,11.23
27.14,11.41
29.242,11.425
28.739,10.893
29.853,8.724
29.993,6.739
30.187,7.916
29.994,9.161
30.422,9.692
29.11,9.145
29.657,12.08
29.828,11.995
29.998,10.4
30.003,10.002
31.247,9.226
32.763,6.518
31.42,8.879
30.618,10.179
29.738,8.577
32.131,8.082
31.307,9.444
31.077,7.941
28.567,10.945
28.508,14.521
22.415,14.604
23.819,14.174
27.437,12.086
27.72,11.675
23.406,9.659
28.489,10.409
23.076,11.234
27.264,11.907
28.301,12.232
27.937,12.357
28.603,12.04
25.088,12.94
30.194,12.665
24.903,11.288
28.857,10.304
29.868,12.874
24.686,12.791
25.14,12.741
26.537,14.046
26.627,14.991
25.341,10.361
27.155,10.174
31.047,8.655
28.792,10.995
31.064,8.219
24.904,9.063
31.529,7.895
28.409,11.483
32.709,9.803
32.04,9.573
27.838,10.615
25.231,12.312
24.478,15.197
26.64,14.266
26.137,14.723
25.362,14.815
29.484,14.581
22.387,12.414
25.378,9.851
22.829,10.634
22.979,9.914
22.502,11.765
24.744,11.722
25.032,13.88
23.295,13.398
24.981,13.267
25.591,14.17
25.58,15.596
26.877,15.256
26.699,14.865
25.458,14.638
25.158,14.271
21.326,11.193
26.324,9.859
24.169,12.83
24.081,12.686
24.705,13.451
24.951,14.851
30.021,13.78
24.452,15.434
22.549,12.959
31.5,12.888
26.966,14.691
25.271,14.603
25.814,14.443
25.948,14.197
25.648,11.908
27.729,13.225
27.063,14.227
28.91,14.045
23.841,12.663
23.355,12.464
24.189,10.583
25.569,11.611
28.14,12.926
31.071,13.492
27.915,13.275
25.761,12.76
31.767,13.193
29.839,12.996
24.98,12.59
23.707,12.655
26.292,13.886
26.395,13.585
26.64,14.057
27.788,14.865
28.133,13.764
25.167,13.689
24.343,12.282
25.861,12.787
27.035,13.634
26.574,14.522
26.519,9.605
30.593,11.947
24.673,14.951
21.229,14.842
20.18,14.916
21.142,12.707
27.168,11.742
28.976,13.957
26.625,14.076
25.814,14.063
27.438,14.213
27.046,14.185
26.103,14.529
27.857,14.387
26.827,14.828
26.768,14.314
23.651,13.961
23.729,10.871
28.248,12.899
21.775,10.664
28.97,13.809
24.246,15.429
23.036,13.115
22.44,14.119
24.655,13.298
26.284,14.821
26.14,13.806
25.272,13.43
22.488,14.841
24.312,14.276
22.976,14.29
17.48,11.827
22.122,12.617
25.191,13.924
25.632,14.519
22.843,14.292
27.379,13.355
22.25,13.658
18.568,14.93
24.251,14.63
24.975,15.704
22.521,15.916
20.151,13.349
20.85,13.311
21.323,12.506
19.816,14.413
22.123,13.935
17.791,14.569
21.621,13.916
24.791,12.796
24.635,14.318
19.686,14.011
23.059,14.042
26.926,15.103
24.364,14.426
24.427,12.903
29.782,12.309
26.39,14.796
23.048,14.884
25.858,15.312
19.876,13.979
29.135,13.866
24.546,15.216
27.227,14.802
23.302,14.349
20.627,14.488
27.846,14.915
25.541,14.302
29.391,13.164
23.451,15.73
26.712,13.86
24.142,15.751
21.874,15.62
22.082,14.473
23.174,13.31
20.719,12.778
24.681,13.811
24.097,15.483
20.207,15.402
22.594,14.457
29.619,13.752
23.819,13.892
27.755,11.949
26.423,15.342
19.155,14.915
23.502,14.721
21.177,14.672
26.241,14.267
20.224,14.49
20.401,13.8
18.222,13.78
18.862,10.568
24.934,8.596
29.348,14.664
22.754,15.305
22.56,14.952
24.356,15.12
20.501,13.961
27.282,12.428
27.636,13.072
26.686,14.587
22.551,14.815
21.719,11.347
27.048,10.334
22.282,14.799
22.018,13.436
19.907,13.314
24.222,12.843
22.328,10.109
22.78,11.165
22.052,10.525
28.14,10.34
25.447,11.742
28.942,13.447
25.246,14.468
21.673,14.218
21.015,13.663
28.888,8.034
32.414,6.354
32.248,13.258
23.413,15.493
26.565,14.24
30.021,14.861
24.987,14.929
26.021,13.475
28.212,14.277
20.017,13.145
27.236,10.807
26.056,14.231
29.385,13.562
26.055,13.923
24.242,14.209
22.038,14.101
24.482,15.305
23.44,15.197
23.998,15.305
28.551,14.24
23.073,13.722
25.354,13.981
22.403,13.017
27.946,12.476
19.488,11.352
25.611,13.145
17.937,12.611
25.501,11.117
25.483,9.388
23.358,10.295
22.967,11.698
23.152,10.687
27.845,11.794
23.287,11.084
28.715,13.488
24.831,14.274
23.334,13.738
21.366,10.736
23.635,13.118
26.032,13.747
25.383,14.299
25.311,14.838
26.882,12.236
27.504,10.499
26.965,13.399
27.182,13.382
26.94,11.359
24.248,8.251
25.362,9.331
21.507,13.913
23.926,12.96
24.637,13.306
25.012,13.708
22.291,13.287
25.821,14.119
21.209,13.595
24.253,13.633
23.781,12.273
28.075,10.921
26.487,11.573
25.886,12.399
22.359,11.442
23.606,10.424
21.769,8.998
24.274,9.729
20.975,8.732
27.745,9.335
21.732,11.301
22.115,10.494
27.266,11.301
27.557,10.612
24.501,12.36
23.969,12.992
25.1,12.86
24.98,12.343
24.325,12.262
24.959,9.46
22.717,9.144
25.958,12.184
20.687,9.718
23.64,9.311
21.63,9.809
27.256,9.06
25.683,12.181
24.221,8.524
27.369,8.518
25.381,9.412
27.009,8.849
23.906,9.2
24.772,10.198
25.644,12.085
26.26,13.278
27.914,12.509
27.189,13.162
27.076,13.536
26.864,12.661
23.151,12.771
22.27,12.755
22.485,9.515
27.642,8.713
29.202,8.848
27.909,9.041
26.761,11.943
28.865,13.022
29.122,9.376
27.091,7.35
25.676,7.191
21.427,8.746
22.715,8.743
24.011,9.111
24.417,9.567
26.404,11.278
20.377,10.591
24.167,9.704
22.477,7.582
26.576,7.771
21.435,8.154
25.466,10.072
27.432,9.123
27.866,9.698
29.465,9.435
28.278,8.726
24.705,10.158
26.384,8.588
26.629,7.2
26.013,7.711
25.655,6.164
26.066,6.89
27.606,6.294
24.375,8.563
26.633,12.376
24.699,16.015
24.849,13.283
24.482,11.558
29.234,12.012
29.524,11.06
29.432,11.311
27.293,10.796
24.034,11.388
30.171,8.416
29.86,7.682
29.354,8.91
28.229,10.475
28.746,10.17
27.188,11.191
24.906,11.005
29.037,9.438
21.082,10.832
28.967,13.724
21.716,10.404
28.576,10.009
30.09,11.495
28.93,10.895
29.754,10.465
30.076,11.243
29.2,10.926
30.482,7.22
30.389,6.143
31.23,8.334
31.039,10.265
27.598,13.799
29.601,12.145
30.899,7.649
31.392,7.226
31.848,6.354
31.591,7.324
31.31,7.958
29.793,9.006
29.931,7.737
27.716,11.82
30.719,11.025
31.446,9.105
32.002,7.518
31.965,7.036
31.648,7.828
32.303,7.53
31.559,10.122
29.318,12.018
25.216,13.669
27.99,14.429
26.266,16.117
23.44,13.505
25.472,10.674
24.637,10.895
22.157,10.44
25.74,9.003
26.559,11.35
26.236,13.174
26.309,13.651
27.058,14.071
22.199,13.223
26.379,12.352
22.022,14.532
28.142,13.83
27.699,11.707
30.639,10.207
30.751,10.192
30.634,11.185
29.343,11.44
32.057,13.612
32.058,12.66
30.329,13.77
27.244,13.099
27.038,15.214
26.649,12.088
31.359,6.579
31.48,6.39
32.057,7.98
30.056,10.451
30.745,13.441
26.173,12.848
24.028,14.162
31.319,13.157
26.312,14.859
25.874,13.8
27.947,14.469
26.617,14.201
25.447,14.176
26.315,11.784
31.33,11.355
30.273,11.942
29.133,12.518
23.242,13.8
22.301,12.18
24.864,12.412
29.327,12.44
26.51,12.426
26.677,12.985
30.46,13.937
32.528,13.604
32.595,13.578
30.297,13.406
31.443,12.41
30.05,12.784
31.57,12.756
30.657,13.893
25.587,14.157
25.423,14.525
26.324,12.616
27.95,13.281
27.05,13.97
25.26,13.957
23.998,12.638
25.145,10.832
28.237,12.873
26.515,12.391
28.125,14.039
32.586,11.763
30.701,14.396
26.37,14.532
25.063,15.272
24.96,14.594
24.67,13.26
27.116,10.693
27.678,12.035
25.365,13.461
26.475,13.237
28.689,12.355
25.298,14.092
24.367,11.511
26.138,12.007
30.113,13.724
24.799,9.916
26.218,12.611
22.124,6.041
29.599,11.102
25.79,10.961
24.254,13.749
25.462,15.243
24.668,14.915
27.859,12.105
21.606,7.729
29.574,7.783
32.408,9.026
26.524,13.138
28.403,7.511
34,6.68
28.236,13.866
23.871,15.241
25.309,15.39
24.547,14.311
24.259,13.344
22.943,13.014
23.06,13.861
16.424,11.118
27.798,9.586
27.665,10.568
30.532,13.695
29.529,13.581
30.782,14.193
29.14,15.248
28.899,15.296
27.312,14.167
26.952,13.62
22.654,11.534
23.393,10.817
28.402,10.266
20.259,12.56
28.052,11.42
18.063,10.366
20.565,11.889
26.094,11.594
22.601,12.633
24.658,12.663
25.225,11.033
23.972,10.13
24.756,15.531
24.739,15.913
26.58,14.13
23.177,14.644
19.258,11.534
18.717,10.38
21.189,8.634
17.937,10.213
27.824,10.539
25.221,13.171
26.269,8.722
26.562,11.343
24.59,11.95
24.648,12.283
23.83,13.854
25.611,14.783
23.809,13.1
23.374,12.695
24.334,13.927
24.086,14.919
22.732,13.205
28.658,13.151
21.794,11.778
21.418,11.074
25.271,13.149
21.825,13.01
26.393,12.689
20.423,13.925
21.538,12.445
25.807,11.446
25.804,15.16
20.958,15.342
22.889,14.082
30.019,13.995
27.76,15.522
27.345,15.585
20.304,15.162
22.754,14.73
25.676,13.746
19.756,11.932
24.367,11.006
26.263,13.044
26.636,14.26
24.433,14.459
21.76,14.087
22.197,14.554
20.877,14.816
19.926,14.008
20.621,12.101
24.005,12.525
22.664,13.753
25.9,14.091
29.871,13.519
23.833,14.559
20.146,13.206
25.452,13.73
28.771,14.755
27.967,13.694
24.829,12.168
27.21,14.166
28.094,14.909
23.378,14.954
23.147,15.302
30.398,14.026
20.818,10.652
26.807,8.856
26.214,13.435
25.245,12.66
30.823,12.775
26.51,14.926
22.791,15.339
26.222,14.758
26.6,13.237
26.083,13.001
24.06,14.353
23.33,14.098
21.447,14.739
19.983,14.885
18.417,9.799
28.346,9.873
33.572,9.932
27.225,15.135
25.898,15.232
21.87,15.573
24.714,14.586
24.916,10.072
28.486,8.762
21.688,13.138
21.536,11.882
24.105,10.904
23.517,12.032
27.74,11.989
28.044,11.362
26.056,14.885
27.135,14.254
29.747,14.419
29.301,15.731
21.853,15.728
22.812,12.628
31.038,12.172
24.82,14.588
30.564,13.791
25.167,12.78
30.875,11.083
30.855,10.931
31.98,9.77
31.993,10.133
26.138,11.471
23.352,14.073
22.448,13.296
23.436,14.117
22.333,13.669
23.616,13.088
23.008,13.643
25.946,11.266
28.747,12.163
25.051,13.904
21.996,14.395
23.738,10.362
27.704,8.979
25.312,13.888
23.133,13.333
23.905,13.153
21.305,13.51
22.772,12.965
23.024,11.722
25.685,12.783
20.269,9.293
26.794,11.239
23.949,12.383
26.924,12.553
22.877,13.144
23.225,13.008
24.303,11.991
26.542,11.339
25.257,12.245
27.578,12.17
23.544,12.834
25.028,12.745
23.7,11.427
28.093,11.757
27.929,10.28
26.575,10.97
23.186,10.892
23.434,11.107
23.508,9.104
24.586,9.884
25.237,11.522
25.601,11.243
26.256,12.284
25.457,13.411
24.856,12.729
25.525,11.943
28.369,11.228
26.508,9.269
29.019,8.311
26.125,11.789
24.382,10.725
25.489,10.359
25.473,10.044
28.255,7.192
29.089,6.092
28.203,6.108
28.354,6.026
28.944,8.384
29.01,9.214
28.058,8.99
29.263,8.278
29.105,9.93
29.561,11.942
25.745,13.363
28.732,13.742
28.576,12.956
26.103,11.774
24.025,9.664
28.044,8.708
28.181,8.671
28.247,8.245
28.157,7.649
27.755,7.086
27.684,7.014
26.453,8.696
27.407,9.35
26.231,14.306
27.717,11.037
29.09,10.87
25.151,11.984
28.72,7.616
28.32,6.918
28.046,13.054
22.878,10.916
25.836,6.73
28.024,8.156
27.232,13.009
27.77,9.123
30.379,6.662
30.349,9.165
29.715,8.408
29.725,9.155
27.805,9.797
30.572,9.018
31.272,8.629
30.883,8.618
27.825,7.971
26.708,6.975
31.738,7.198
30.325,7.959
32.371,6.24
32.129,7.143
32.341,6.115
32.116,5.546
32.014,4.706
31.698,5.126
30.947,6.572
31.361,6.556
31.387,7.249
30.405,9.831
29.736,10.66
23.685,12.165
32.065,11.622
23.849,10.613
30.912,11.65
31.496,12.49
31.031,10.418
29.635,7.653
31.604,9.013
21.62,10.327
28.631,8.748
30.045,10.683
24.795,15.38
25.125,15.515
26.449,10.943
28.77,13.461
27.762,12.103
30.292,10.924
30.038,10.592
29.046,11.584
29.374,9.25
30.32,7.025
28.784,9.114
30.442,10.816
24.561,10.893
31.466,9.462
31.237,9.2455
31.008,9.029
32.688,8.598
32.362,8.308
32.66,11.084
33.036,11.501
33.372,11.827
32.535,11.619
30.838,13.082
26.104,12.534
23.823,12.047
27.582,12.066
24.653,13.192
28.328,13.493
30.621,13.606
31.988,12.335
31.874,12.232
31.433,11.75
32.306,10.592
31.254,9.421
31.689,14.166
25.976,13.671
29.531,11.153
31.163,14.337
30.339,13.825
28.242,13.14
21.884,14.076
30.419,14.359
28.355,15.9
28.835,14.324
27.884,14.395
27.22,14.177
26.951,14.692
25.308,14.375
26.234,14.597
22.901,13.693
26.452,14.106
23.183,12.842
27.959,12.178
29.597,13.993
31.666,13.588
26.065,12.013
25.322,12.926
27.467,12.448
25.828,13.565
26.872,13.315
24.287,11.33
28.854,10.707
27.355,12.478
25.689,11.938
22.152,9.185
28.781,9.675
27.101,14.178
30.05,14.686
27.667,14.057
26.723,14.282
27.416,13.747
30.445,14.394
32.147,13.934
28.937,14.685
26.851,13.807
26.355,14.672
23.201,13.569
29.305,13.747
21.535,13.888
25.039,12.724
26.359,12.469
26.487,15.171
25.557,15.287
26.639,15.141
31.476,14.015
26.267,14.864
27.089,15.381
24.496,14.169
30.73,15.585
28.583,15.431
25.288,15.913
25.158,13.553
21.888,15.234
24.393,15.473
27.911,14.488
28.008,13.075
29.45,15.061
31.28,11.935
24.659,14.863
26.199,15.695
24.736,13.138
24.049,14.445
24.445,11.32
25.201,12.505
26.149,14.557
24.376,14.923
25.487,15.014
24.508,13.913
23.777,13.74
23.572,13.477
25.797,13.085
23.413,13.688
20.054,12.471
21.383,11.413
28.038,12.402
21.656,12.427
19.555,14.366
26.857,12.666
27.754,13.916
31.567,13.76
28.366,15.673
24.387,14.578
19.908,11.538
24.47,12.68
23.682,15.468
18.673,13.613
29.331,13.32
30.133,13.353
28.92,14.239
20.582,15.539
24.519,14.822
28.13,15.161
24.148,15.576
26.913,15.561
23.333,15.016
24.49,11.746
27.605,10.219
23.476,15.64
19.773,15.216
22.724,14.499
26.266,14.912
28.282,16.011
22.465,15.103
25.08,14.252
23.411,13.844
23.746,14.632
22.765,13.924
23.333,13.996
21.588,11.466
19.209,12.865
25.173,12.747
26.722,15.157
23.767,14.753
24.712,14.229
23.179,14.597
23.011,13.645
25.231,12.514
19.279,14.173
21.29,12.601
21.813,11.415
26.408,9.253
25.188,11.175
25.436,10.947
21.141,11.492
27.222,13.42
24.504,15.612
21.291,12.415
23.006,14.024
22.198,15.125
27.209,14.441
20.525,16.05
23.837,15.554
23.306,15.549
21.812,15.415
23.183,15.024
22.617,14.304
26.256,14.255
22.437,12.263
28.38,12.822
21.377,11.398
27.326,11.87
22.47,14.195
28.075,14.065
20.495,12.687
25.001,12.272
20.625,15.232
26.7,15.062
26.15,13.464
26.692,14.738
20.646,11.194
27.205,12.925
22.165,12.84
28.385,14.934
22.117,14.091
23.672,11.854
24.037,12.71
24.614,14.542
22.982,13.514
27.12,14.189
20.692,14.975
22.662,14.337
23.058,11.672
25.851,12.017
22.02,14.352
24.862,15.071
24.894,10.57
28.395,10.41
27.133,11.188
23.583,12.016
25.856,12.1
22.125,12.249
23.883,12.501
27.859,12.961
28.238,13.552
28.145,14.064
28.666,13.984
22.272,12.26
19.946,10.848
26.722,11.104
22.134,10.565
26.738,12.232
21.689,10.942
24.172,10.798
25.136,14.386
22.43,12.959
21.1,13.646
29.159,12.197
24.953,14.118
25.951,14.559
25.265,14.762
21.41,13.591
25.824,10.698
26.275,12.313
24.082,15.439
23.207,14.492
20.881,11.074
25.114,12.764
22.351,12.751
22.454,11.391
23.522,11.876
27.024,11.976
31.501,10.832
31.65,8.971
29.738,9.024
30.253,9.944
28.163,12.38
27.843,14.123
27.253,13.97
26.256,13.683
26.968,13.315
26.798,13.714
27.136,14.049
29.088,11.697
29.084,11.426
26.703,13.991
28.676,13.727
28.485,12.81
28.658,12.305
28.186,12.656
28.619,12.254
28.508,11.739
26.211,11.772
27.683,11.989
28.665,11.852
25.296,11.711
28.323,9.355
28.726,8.042
28.859,7.145
28.396,7.466
28.625,8.109
28.143,11.343
28.322,10.245
28.807,9.058
28.683,9.925
28.708,9.389
28.73,8.171
28.435,8.32
26.955,9.944
26.285,9.873
27.683,10.028
27.053,10.771
27.187,9.687
27.187,9.761
26.436,9.554
25.21,9.624
24.452,7.199
26.762,8.12
24.183,8.002
25.822,6.585
25.511,5.81
21.25,10.75
22.316,12.39
24.672,11.44
25.723,13.007
21.621,12.696
22.886,9.758
25.65,10.571
29.04,12.388
29.219,10.856
29.314,7.639
28.717,6.696
29.193,6.657
29.676,6.842
29.458,7.789
29.52,9.037
29.985,11.524
29.882,9.965
28.573,12.658
26.604,11.672
28.498,9.473
29.583,7.545
30.292,8.534
29.776,8.641
30.746,6.933
29.991,6.25
29.385,6.603
29.52,7.28
30.014,8.027
29.851,8.335
28.874,9.452
27.849,10.249
29.933,9.289
29.948,8.449
29.683,9.863
27.598,11.763
30.432,13.412
30.321,12.175
27.829,12.666
28.376,12.376
30.633,8.059
31.853,5.222
30.723,5.322
31.449,7.782
31.573,8.321
31.049,9.49
25.901,12.432
27.219,13.045
30.061,12.911
24.848,15.081
30.539,13.315
29.713,13.224
26.138,10.083
24.124,9.837
25.987,11.399
28.162,9.658
29.91,9.951
28.14,11.013
28.112,10.625
29.45,11.591
29.101,12.129
26.255,10.202
25.784,10.511
28.953,9.996
27.461,9.01
30.231,7.49
19.758,14.682
29.599,13.453
21.95,11.485
21.311,12.589
29.193,13.038
26.895,11.688
27.542,12.301
31.035,12.437
29.044,11.646
24.739,13.47
31.415,14.64
23.853,14.637
27.641,13.967
26.41,14.92
25.439,14.833
30.133,15.039
29.978,14.243
31.557,12.612
32.78,10.811
32.739,9.923
32.415,13.164
31.576,15.029
26.952,13.594
26.15,14.789
27.191,14.834
32.4,14.409
27.811,14.248
31.037,13.4
30.227,12.551
32.079,9.723
34.112,8.45
34.235,9.119
33.851,9.26
32.173,10.761
30.971,12.711
33.364,11.788
32.65,12.783
32.481,12.027
30.41,13.639
28.665,11.99
33.476,13.675
34.009,12.798
34.791,11.204
33.779,11.837
26.698,16.3
26.314,15.997
29.38,16.152
27.373,16.442
30.636,16.594
28.97,15.89
27.226,15.338
25.144,12.864
26.71,14.437
23.523,15.311
26.15,14.188
30.25,15.267
26.256,14.497
27.566,13.98
30.692,15.026
34.202,14.791
25.372,14.968
24.937,14.545
30.427,14.727
30.208,14.483
30.625,14.238
25.985,14.166
27.851,14.27
26.846,14.282
27.018,14.028
26.036,12.278
24.019,14.112
25.246,12.859
25.993,14.329
23.76,12.39
25.89,12.475
29.965,12.52
26.01,14.812
23.87,14.434
28.128,13.693
26.161,13.544
25.961,13.661
28.701,12.145
29.54,14.187
22.781,15.103
23.92,12.052
27.659,12.51
23.266,10.958
26.335,11.272
26.325,15.208
28.969,15.829
29.857,15.679
27.012,15.867
26.005,14.877
26.713,15.382
24.321,15.491
22.736,14.256
25.562,16.196
21.048,15.043
33.371,15.605
28.084,15.821
31.511,14.396
19.556,15.164
26.844,13.906
31.128,14.524
25.879,15.383
24.331,12.66
29.906,10.188
30.751,10.026
30.249,13.778
33.296,16.632
28.554,15.366
27.697,14.382
29.338,14.734
31.553,15.648
27.602,16.19
23.756,15.83
24.661,15.441
27.279,13.929
31.929,15.57
28.19,14.256
29.666,15.421
25.034,15.24
20.768,15.112
22.92,11.899
26.344,13.109
21,14.858
27.857,14.337
29.303,15.089
29.946,13.537
26.044,13.33
32.632,14.177
24.498,15.248
24.58,15.838
25.066,15.881
28.498,13.053
30.277,11.279
29.708,14.18
25.768,11.395
30.194,12.144
24.038,14.59
25.603,10.649
25.316,15.367
24.842,14.809
22.334,15.407
23.867,15.06
26.231,13.549
25.714,13.426
22.316,13.868
24.362,14.424
24.795,14.658
22.728,15.235
22.292,15.257
27.398,14.719
22.292,13.062
29.258,12.999
26.304,14.482
25.1,13.618
25.192,12.766
21.607,14.579
24.801,14.467
23.04,15.131
22.736,15.303
24.194,15.089
23.307,14.953
18.867,12.398
21.366,11.962
20.427,13.395
27.331,14.019
22.348,14.823
23.561,15.508
23.506,15.165
22.14,15.71
24.504,15.464
18.619,14.679
22.475,13.994
25.131,13.883
24.94,13.151
27.282,12.195
19.065,15.271
20.129,14.445
28.442,13.983
20.082,13.895
23.822,14.199
20.934,13.822
26.371,12.872
25.016,11.672
28.816,12.559
19.315,13.096
23.393,13.162
23.062,11.912
23.453,11.99
21.583,14.927
17.99,12.27
25.142,12.059
21.194,14.309
21.523,13.812
26.91,13.516
21.867,10.271
27.589,11.655
24.242,14.328
22.081,13.579
28.583,13.999
25.615,12.772
25.366,12.411
25.397,14.841
24.591,15.105
22.489,14.585
27.087,12.652
26.324,15.29
26.807,12.647
25.34,12.108
25.128,15.332
23.273,11.703
25.95,10.389
25.463,10.799
21.203,11.595
26.521,13.729
23.616,13.675
23.217,11.984
27.372,12.525
20.647,13.132
24.358,13.119
26.322,12.967
24.649,13.126
29.285,12.347
24.216,14.322
28.347,14.641
28.702,14.768
24.229,15.367
27.193,14.92
24.974,14.207
24.454,15.174
25.565,14.983
24.856,14.585
26.216,14.93
26.001,14.442
24.908,13.135
25.515,13.269
31.044,14.681
27.359,14.304
26.383,14.098
22.102,13.854
22.936,11.964
24.306,12.639
25.257,11.973
23.944,11.739
27.949,14.334
32.061,12.243
29.932,12.343
31.363,11.611
31.066,11.263
30.116,11.825
22.485,14.064
23.795,12.304
22.347,9.473
27.004,11.816
25.75,13.2
25.437,13.977
22.791,13.856
22.416,13.038
27.69,13.423
23.262,13.878
23.622,13.627
25.291,12.538
22.516,11.092
25.657,11.609
28.887,12.107
27.042,13.167
20.53,11.32
28.621,10.683
28.664,11.704
28.589,10.655
28.693,10.474
28.753,8.729
28.866,8.547
28.991,7.526
27.585,9.316
28.373,9.099
28.18,7.781
27.59,8.244
24.072,9.215
26.64,12.353
23.473,11.916
26.777,12.506
28.915,13.033
23.05,12.073
23.894,12.255
26.194,11.085
27.393,10.564
27.569,10.11
28.975,10.704
26.191,11.769
27.362,11.585
22.878,13.887
22.296,13.554
25.974,13.39
22.347,13.231
28.486,11.63
28.081,11.516
26.445,12.399
25.376,11.359
29.429,12.137
29.344,8.577
29.633,7.745
29.309,9.314
23.372,12.58
23.444,11.702
22.321,13.584
24.044,11.651
26.251,11.968
24.163,11.424
26.301,12.261
28.462,13.182
29.01,11.562
29.193,10.203
28.055,10.779
27.838,10.464
27.33,12.017
24.915,12.106
25.827,7.734
27.286,8.668
28.31,9.944
26.676,10.082
28.548,8.396
24.904,10.054
30.092,10.083
21.412,13.367
23.503,11.785
28.66,11.71
28.597,10.904
28.263,8.994
25.177,15.554
25.545,14.286
26.825,15.277
27.471,15.766
24.813,18.129
25.486,18.382
24.928,18.084
25.384,17.603
26.163,18.701
26.884,17.765
26.735,15.591
26.75,13.876
27.682,13.691
25.617,15.337
24.383,18.459
22.974,18.915
26.428,18.456
27.023,17.08
28.959,15.277
30.448,15.246
31.087,18.022
30.245,18.564
31.275,17.517
31.059,15.788
31.837,15.958
31.351,16.528
30.917,16.808
31.814,18.373
31.98,18.372
31.379,15.716
31.598,18.726
26.978,15.708
32.002,16.29
31.611,20.164
31.553,19.155
31.092,19.095
32.082,16.873
33.102,16.253
33.22,15.676
33.811,15.98
33.977,16.602
33.864,16.691
33.39,17.036
33.668,17.204
34.664,16.938
34.96,17.259
34.241,15.508
33.186,15.495
34.446,18.542
33.194,18.791
34.478,16.977
34.374,19.162
34.575,19.785
34.743,19.809
33.756,20.603
33.983,19.423
34.014,17.753
33.238,19.147
33.423,19.972
34.484,19.841
33.555,19.971
33.313,20.375
33.415,21.105
32.865,20.603
31.517,20.657
30.78,17.808
33.167,17.729
33.682,19.659
33.959,20.559
32.75,20.739
31.484,19.049
34.841,19.168
35.222,19.355
35.276,17.681
34.409,17.537
35.548,18.428
34.818,19.631
35.389,19.827
34.501,20.213
35.605,23.171
35.514,22.425
35.336,22.189
37.475,20.539
36.149,21.921
29.556,21.246
34.017,21.667
32.573,22
23.33,20.498
22.786,19.856
22.284,19.215
22.928,19.017
24.131,19.146
21.315,19.058
26.685,18.404
27.428,18.812
27.325,17.782
27.51,18.556
27.644,18.473
28.109,17.383
28.402,16.207
29.005,16.914
29.559,16.867
25.498,20.155
26.426,19.963
22.918,19.886
21.752,18.866
25.198,19.823
26.396,19.48
23.571,18.985
23.382,19.021
23.445,19.903
21.435,19.597
27.224,19.579
28.908,18.471
30.555,16.761
30.148,15.205
30.322,16.964
28.894,17.599
23.74,19.44
23.783,19.153
23.762,19.222
27.771,19.395
23.638,19.448
25.051,19.338
24.166,20.231
20.557,17.947
19.722,17.094
26.437,16.63
25.86,17.994
24.162,19.127
25.469,19.967
24.569,18.511
24.352,19.409
24.432,19.508
25.111,19.423
26.158,19.592
24.126,18.261
26.245,18.16
26.227,17.232
25.114,19.008
25.187,18.277
23.121,18.644
24.512,18.234
24.529,17.697
25.981,18.004
26.841,16.92
26.915,18.355
24.069,18.95
25.689,18.225
26.03,18.181
25.81,18.21
25.107,18.819
24.949,18.677
25.667,17.585
27.336,16.696
27.685,17.793
27.898,18.798
28.117,18.183
26.62,17.602
21.758,18.171
25.36,17.571
25.275,16.795
25.597,16.402
25.188,16.781
24.912,16.98
25.926,16.954
23.509,17.846
26.594,17.7
22.203,17.491
27.576,16.224
27.96,15.331
27.389,17.302
26.926,17.606
26.341,16.597
25.759,16.449
25.713,16.576
25.561,16.095
25.984,16.287
24.54,17.46
25.706,17.631
24.14,18.509
25.629,17.991
24.626,18.308
24.174,17.466
22.455,16.672
21.874,17.338
25.122,16.906
25.494,16.905
25.11,16.437
23.842,17.806
21.339,16.568
18.236,15.257
20.564,15.331
24.527,15.207
25.649,15.998
24.152,16.6
25.057,18.089
24.865,18.36
24.868,18.639
24.35,18.098
21.791,16.921
24.851,15.835
24.583,16.533
24.89,16.196
23.893,16.492
23.514,15.554
24.85,15.052
19.049,15.04
23.112,14.995
22.502,15.673
23.684,16.062
23.829,17.113
23.508,18.105
24.109,18.327
22.228,18.444
22.356,18.888
20.907,18.635
24.299,18.186
23.204,18.55
25.039,18.03
25.918,17.556
22.888,18.238
20.548,16.696
23.129,15.297
21.554,15.424
24.231,15.778
24.962,15.481
24.738,15.249
20.714,15.302
22.97,15.051
25.16,15.759
22.946,17.332
25.802,16.701
22.299,17.062
26.024,15.88
26.221,15.921
24.648,18.519
22.757,18.002
19.078,15.849
24.931,14.683
24.884,15.295
25.648,15.071
25.869,16.241
25.467,16.175
24.827,15.237
25.274,15.6
25.541,17.144
26.448,16.421
25.883,15.713
25.153,15.523
19.026,15.84
24.197,15.215
25.916,15.712
26.306,15.645
27.184,15.709
27.914,16.821
26.49,17.041
27.776,15.733
28.797,16.552
30.061,16.944
30.101,19.569
27.014,19.684
22.898,18.405
19.877,16.918
24.269,16.213
20.608,16.253
19.183,16.929
23.237,16.756
25.122,17.15
25.818,16.503
26.958,17.747
27.56,16.326
27.524,16.466
25.896,18.139
23.156,18.117
28.065,17.737
28.64,18.335
29.761,18.494
27.239,18.786
29.399,18.83
26.206,18.801
27.917,17.907
25.382,18.133
27.225,18.901
28.906,17.628
30.385,16.162
30.924,16.161
30.534,17.414
31.871,18.692
29.132,20.654
31.993,20.312
32.031,18.597
29.965,20.289
27.674,19.629
22.951,19.419
28.015,19.04
30.221,18.447
28.791,20.269
25.498,18.084
22.691,18.331
29.065,17.958
27.893,18.65
24.547,19.651
26.851,16.647
28.255,16.187
21.019,17.792
25.606,16.768
27.022,17.086
26.083,18.747
23.268,19.56
20.925,18.578
26.571,18.53
22.012,18.305
26.325,16.738
26.279,17.128
23.303,18.93
24.487,18.418
24.717,17.897
25.745,16.523
26.459,14.991
26.785,14.934
26.789,16.504
26.841,16.774
27.202,16.992
22.893,17.855
26.464,17.87
26.65,19.763
27.502,19.524
26.561,15.745
27.824,14.498
26.25,17.748
25.387,16.522
27.462,17.304
27.855,17.053
26.069,15.146
26.628,15.329
27.941,17.703
26.839,17.417
27.599,15.997
27.261,15.177
27.626,17.748
27.677,16.717
28.077,16.299
28.511,14.874
28.227,16.105
26.362,17.647
28.373,19.223
22.257,18.522
21.743,17.725
25.81,16.797
25.681,16.385
22.846,16.407
24.602,15.258
23.968,15.209
25.244,13.88
25.664,16.382
25.795,16.847
25.339,18.6
22.886,19.011
22.898,18.804
25,17.666
25.443,16.351
26.697,16.334
26.422,16.469
26.865,15.325
26.531,14.029
26.861,13.798
26.781,12.243
27.162,12.748
27.646,12.765
28.755,13.191
28.406,13.635
28.356,13.924
29.418,15.511
29.548,14.383
28.018,16.037
25.88,18.901
23.362,19.617
25.855,18.982
28.304,18.54
28.63,18.569
29.044,18.94
26.845,16.834
27.807,16.657
25.431,18.057
27.443,16.398
28.942,15.955
29.287,14.805
29.823,13.933
31.353,14.117
32.266,14.482
32.499,15.854
33.675,15.114
33.297,15.84
33.49,15.643
33.737,15.714
33.332,16.41
33.212,15.481
33.555,17.5
33.084,17.883
33.288,16.928
31.489,17.797
33.652,16.427
34.266,17.02
33.519,16.646
33.975,16.928
34.883,16.156
34.021,13.922
33.975,13.402
34.652,15.078
34.844,16.757
34.907,16.844
34.225,18.142
34.557,19.13
34.708,18.571
35.407,20.021
35.324,19.58
35.066,19.651
35.141,18.814
35.302,19.024
36.051,20.555
34.926,15.295
33.403,14.2
33.04,20.103
33.638,17.148
34.235,11.392
32.197,15.061
34.51,19.503
28.974,19.979
33.966,17.525
34.395,19.812
34.812,20.492
35.235,21.921
35.746,23.033
33.133,19.972
34.254,20.68
36.006,18.179
35.444,17.335
36.093,18.545
36.17,18.76
36.38,19.02
36.229,19.188
35.825,18.124
35.478,14.911
35.495,14.506
35.783,18.066
32.295,20.961
35.349,20.076
35.155,18.225
35.76,17.715
36.333,21.173
36.577,20.849
36.819,18.48
37.544,19.118
37.307,19.121
37.813,17.775
37.337,17.832
37.904,17.989
37.598,17.542
38.154,20.403
37.97,17.381
38.206,17.347
37.771,18.318
38.066,17.365
37.651,17.293
37.373,17.086
37.471,18.345
37.391,17.906
37.501,19.866
36.109,21.06
34.779,21.429
33.385,22.293
33.292,21.39
25.658,21.206
25.51,20.737
26.362,19.079
25.325,20.412
27.582,20.174
26.406,19.666
22.638,18.755
23.816,19.928
25.764,19.719
28.562,19.094
28.438,19.308
23.377,19.801
23.072,19.193
24.843,19.301
26.706,19.241
23.829,19.888
24.351,20.133
22.881,19.793
22.341,20.362
26.952,19.85
28.622,18.626
25.435,18.783
26.682,19.117
24.789,19.635
27.763,18.87
28.879,18.317
24.849,18.711
26.706,19.822
25.689,18.006
25.041,18.936
26.78,19.25
27.073,17.603
25.503,20.134
25.826,18.979
25.43,18.929
27.506,17.718
27.303,16.895
26.496,16.276
25.505,16.562
27.109,16.237
25.422,18.708
25.306,17.299
27.151,18.164
23.938,17.872
25.427,17.568
24.365,17.533
25.383,18.175
24.722,18.914
23.305,18.525
24.101,18.181
21.634,18.365
21.365,18.471
20.608,17.57
21.626,17.377
21.713,16.626
24.913,16.017
24.391,15.954
24.723,16.428
19.231,17.402
21.884,17.417
24.06,17.003
25.55,16.064
25.779,15.189
21.967,17.595
20.759,16.855
24.383,16.231
25.083,17.579
24.429,18.393
24.37,18.028
24.667,17.707
24.715,18.684
25.651,18.028
24.119,17.981
22.66,17.664
25.676,17.078
24.039,18.197
25.245,17.472
20.325,17.498
25.18,16.925
21.816,17.702
23.986,16.154
23.117,17.619
24.246,16.902
24.399,17.628
24.536,18.007
24.604,17.198
23.517,17.232
23.958,18.066
23.005,17.778
25.01,17.543
23.056,16.72
25.71,16.919
23.876,17.068
25.802,15.859
26.349,15.665
26.329,16.353
20.717,16.791
25.784,16.803
22.841,17.642
24.725,16.972
23.916,17.149
22.432,16.754
24.473,16.094
24.938,16.327
20.986,17.197
24.715,17.131
24.77,17.459
26.772,17.011
24.166,18.297
25.614,17.979
19.785,17.51
25.009,16.413
25.367,16.283
23.208,18.253
24.277,17.945
25.429,16.38
26.508,16.371
24.553,17.919
25.929,16.432
26.418,14.691
26.042,17.958
25.272,18.202
26.083,17.435
26.458,17.03
25.14,18.274
20.102,17.605
20.503,17.17
25.896,17.297
23.765,17.419
26.998,18.888
26.559,18.106
26.483,17.078
25.035,18.648
20.66,18.99
27.375,18.179
28.135,18.612
28.943,18.959
21.553,18.881
27.663,17.977
20.607,17.788
19.882,16.828
27.054,17.566
21.321,18.859
26.077,19.06
21.085,18.671
23.807,18.346
25.398,18.088
24.597,17.827
23.025,18.559
21.069,18.256
21.5,17.91
25.2,18.14
20.461,17.934
19.033,16.266
25.003,15.526
25.809,16.488
27.189,16.939
26.453,18.077
27.597,17.825
27.467,17.844
25.245,19.033
25.311,18.502
24.741,18.575
20.774,17.586
24.962,16.934
24.494,17.405
26.444,17.673
23.708,19.304
26.724,19.436
23.033,18.909
22.478,19.602
21.485,18.398
25.8,18.335
22.478,19.211
22.294,18.491
25.843,18.682
23.294,18.927
22.365,19.314
23.723,18.771
21.776,18.879
21.788,17.406
25.836,17.595
21.918,18.471
21.489,18.929
24.477,18.211
24.071,18.768
24.153,17.651
22.057,19.353
23.498,19.267
22.332,17.997
25.529,17.377
23.713,18.218
23.619,19.072
23.93,19.501
23.551,17.724
27.523,17.11
27.45,17.699
25.709,19.06
22.312,18.384
27.887,16.692
28.016,15.465
28.238,16.528
27.867,18.049
22.199,18.773
22.728,18.103
28.079,18.6
27.897,18.17
27.842,17.478
27.747,17.238
26.979,18.303
23.755,17.871
26.415,16.803
27.014,18.301
24.8,18.714
26.864,17.076
27.091,17.676
23.973,18.08
22.957,16.347
26.015,17.274
25.378,17.562
25.024,16.289
25.412,13.774
24.364,14.38
25.478,13.857
25.789,13.823
25.749,14.853
26.174,15.135
25.643,15.027
26.25,16.835
26.035,16.579
25.658,17.209
23.736,18.48
25.571,18.487
24.701,15.705
25.395,15.852
20.902,16.128
23.765,16.503
23.675,17.033
20.057,17.368
23.347,16.335
24.093,17.016
24.557,17.316
26.41,16.755
25.369,14.835
24.934,13.872
24.699,15.634
25.168,15.133
25.215,14.786
25.907,13.16
25.794,12.595
25.525,13.519
26.278,15.52
25.688,14.401
25.402,13.535
26.17,12.99
25.263,14.494
24.4,16.028
26.437,15.072
26.069,14.131
26.08,13.779
27.337,13.65
26.909,12.228
25.98,13.211
26.901,15.507
28.741,14.18
28.815,12.268
29.077,12.482
29.189,12.556
29.41,10.361
28.664,11.482
28.742,11.249
28.591,10.941
29.605,12.496
28.85,12.786
28.998,12.758
27.326,12.383
27.89,12.053
27.686,15.716
27.844,17.114
27.662,16.711
28.726,16.112
28.563,14.761
27.286,16.775
25.001,17.044
25.629,17.638
26.067,16.205
27.847,13.233
28.193,10.106
27.05,10.8
26.808,10.946
27.795,13.999
28.814,13.907
27.485,16.217
27.756,16.777
28.713,16.008
28.718,15.812
29.395,15.861
29.609,14.523
28.454,13.466
28.49,13.291
28.869,16.717
29.353,16.43
30.079,15.213
29.397,14.286
28.389,12.417
27.621,13.103
27.99,11.983
28.069,12.299
29.259,10.023
30.098,11.284
30.782,12.955
31.736,13.211
31.811,15.371
31.029,15.632
31.757,12.92
31.978,11.698
32.0195,11.5815
32.061,11.465
31.858,12.734
31.28,12.401
33.068,9.73
33.799,12.23
34.076,10.412
34.213,9.385
34.344,10.763
33.48,17.329
33.838,18.678
33.584,20.341
32.589,21.91
30.764,21.256
22.77,20.508
27.545,17.292
27.863,14.982
30.554,15.052
32.578,14.068
33.025,14.373
33.92,16.892
33.745,17.915
34.014,18.455
34.553,20.613
33.965,21.022
26.534,20.771
23.016,19.377
23.494,18.636
21.576,18.96
22.255,19.192
22.415,18.323
21.038,18.683
23.36,18.622
26.62,19.419
25.471,17.831
26.518,17.197
27.861,16.112
27.885,15.665
27.86,16.661
28.236,16.621
28.661,15.903
28.402,16.381
24.51,17.931
27.209,19.945
27.892,18.166
28.46,18.436
28.87,17.01
29.053,16.432
28.357,16.988
29.545,17.002
28.209,14.852
28.295,13.435
27.586,13.402
31.49,15.06
31.099,15.526
31.282,18.176
31.905,18.056
32.058,18.808
30.182,19.631
25.343,20.966
24.249,19.379
29.915,19.964
29.413,19.389
24.945,20.455
30.315,19.071
29.128,17.672
28.853,18
24.707,19.817
26.654,19.538
27.287,19.497
27.571,19.352
27.134,19.2
26.654,19.697
28.824,19.621
29.696,18.769
29.831,18.711
21.373,19.21
28.473,19.099
28.368,16.858
28.3,16.133
28.203,16.123
27.766,17.08
28.397,17.745
27.877,18.728
28.489,17.806
28.561,16.13
27.702,16.708
27.662,17.141
27.6,18.269
26.452,17.158
27.21,18.22
26.966,17.889
27.959,16.58
27.745,16.01
27.11,16.633
22.969,18.197
25.441,18.402
25.633,17.737
25.343,16.38
25.364,17
26.404,15.806
27.334,18.009
28.068,18.719
28.232,19.089
28.333,18.794
26.107,19.44
25.363,19.157
23.132,18.519
20.577,17.827
26.266,17.909
25.748,16.806
26.8,16.936
21.76,18.761
24.236,17.764
26.554,18.124
27.131,18.201
26.474,16.892
26.948,17.443
27.858,17.284
20.905,17.168
24.693,16.696
26.773,15.533
23.229,16.468
24.681,15.66
25.604,14.6
25.895,14.527
28.323,14.19
25.388,18.716
23.727,16.127
25.881,16.605
20.638,17.183
22.217,16.031
22.855,15.275
23.791,15.675
23.085,17.092
22.857,16.023
21.97,16.172
24.248,15.631
25.418,17.531
23.843,15.791
26.072,15.816
21.415,17.046
18.965,16.226
21.883,16.277
24.797,16.085
20.748,16.071
19.411,16.072
23.607,16.056
23.226,16.719
24.507,17.151
25.229,17.859
24.342,17.304
23.922,17.26
23.818,18.094
24.981,18.148
24.641,17.922
23.729,18.08
25.559,17.939
25.961,17.868
23.844,17.972
21.37,17.842
19.745,16.405
24.271,16.334
18.776,16.791
25.351,16.45
27.038,17.069
19.893,17.116
24.627,16.41
25.547,16.478
25.171,17.765
21.792,17.867
25.367,18.103
26.343,18.175
26.333,17.774
26.476,16.819
27.717,16.576
26.399,18.126
27.705,17.249
21.203,17.869
28.268,17.409
29.399,18.759
30.424,18.964
27.574,19.294
27.211,19.074
28.169,18.955
26.252,18.504
26.492,18.904
19.986,17.886
23.33,17.889
24.175,17.695
25.998,17.554
27.151,17.457
25.196,17.287
27.086,17.175
22.228,18.447
28.027,16.996
26.704,17.547
26.402,17.616
23.406,17.862
25.751,17.742
23.872,17.519
24.083,17.68
25.646,17.303
25.084,17.819
25.817,17.959
26.694,18.829
27.222,18.05
27.806,17.015
25.231,16.758
25.827,18.883
23.477,18.806
26.768,18.544
22.354,17.555
21.804,18.593
22.832,19.305
22.721,19.121
24.804,18.884
24.524,18.427
26.396,18.395
26.208,18.767
25.391,17.487
25.498,17.25
23.209,18.701
22.434,18.649
25.305,17.62
28.116,16.988
28.068,16.029
27.17,18.5
27.608,18.243
27.044,19.058
26.706,18.906
25.373,18.234
25.831,17.686
26.283,17.775
22.485,19.981
27.942,19.875
27.539,19.144
24.882,18.967
26.402,18.389
23.653,19.168
24.419,17.253
25.941,17.444
26.64,17.705
25.966,17.854
28.125,16.245
27.177,15.428
30.367,15.682
27.781,18.884
22.246,19.353
28.729,17.729
29.306,16.191
29.345,15.437
29.319,15.088
29.792,15.744
29.765,17.827
26.06,18.852
29.023,19.667
27.1,16.91
29.248,16.855
29.648,17.11
28.56,16.826
30.445,16.279
28.718,17.737
28.784,18.627
29.558,17.544
30.778,18.135
24.61,19.199
27.405,18.678
28.402,13.84
27.904,12.592
26.57,12.557
27.112,13.756
28.09,13.858
27.01,15.22
25.962,18.65
19.979,18.004
25.848,17.386
26.589,18.55
22.094,18.925
23.505,19.063
27.811,19.007
26.227,19.619
27.092,18.119
25.096,19.223
22.278,17.78
26.39,15.994
25.442,15.273
26.301,13.926
25.978,16.498
24.484,17.219
26.099,17.922
27.478,17.936
27.626,14.75
28.028,14.244
27.175,13.325
27.78,13.477
27.027,15.162
28.144,14.568
27.945,15.633
27.373,14.072
27.091,14.377
27.369,15.251
26.824,15.272
27.57,15.406
25.427,16.643
24.564,15.817
26.204,15.237
22.547,19.745
21.411,18.106
26.454,18.12
26.473,15.672
26.09,12.502
26.05,12.766
26.56,14.727
27.139,14.713
27.858,14.088
27.76,14.241
28.203,15.337
23.378,18.822
26.225,18.997
28.12,18.917
27.057,17.938
26.808,16.567
28.084,16.196
27.626,15.978
27.995,14.207
28.574,14.253
28.807,16.203
28.929,16.12
29.163,17.183
29.41,16.258
29.712,16.876
29.049,17.003
29.74,17.26
29.226,16.974
28.382,16.335
26.563,15.879
27.256,19.116
27.239,18.225
27.728,15.191
28.353,15.518
29.092,16.854
30.412,16.942
28.663,18.777
30.232,18.381
28.912,14.598
29.846,15.457
29.844,17.347
33.122,18.407
34.382,17.688
34.413,16.821
34.683,16.479
34.233,16.93
33.22,15.016
34.335,15.621
35.43,17.834
34.662,16.057
33.933,15.044
34.146,13.606
34.661,13.919
34.932,14.724
34.968,15.76
34.376,20.009
34.501,19.092
34.705,20.322
34.457,19.267
34.869,15.669
34.652,14.01
33.941,15.892
33.863,16.23
36.036,17.937
34.698,22.05
35.17,20.34
34.428,22.673
35.663,22.259
34.043,20.759
34.027,21.755
32.36,20.909
34.979,22.142
34.837,20.238
35.018,18.202
35.836,16.833
36.247,16.653
36.156,17.286
35.824,17.672
34.783,21.572
28.501,21.393
33.496,18.267
36.168,18.265
36.207,16.522
35.93,17.233
34.815,18.634
35.859,21.986
33.867,21.01
34.5,21.622
31.041,18.991
33.797,17.382
31.525,17.587
31.593,20.864
33.453,21.379
35.957,21.532
36.107,18.953
34.711,20.409
36.407,19.864
36.076,23.603
36.442,23.39
25.189,20.312
33.586,20.001
23.929,18.716
22.837,19.833
22.642,19.698
23.44,19.78
25.241,19.959
25.6,19.862
25.423,19.344
26.66,19.666
24.517,19.02
24.722,18.241
24.389,19.143
26.355,18.606
24.81,18.261
28.18,20.846
25.913,20.513
24.022,18.7
26.146,18.087
25.902,19.633
26.076,18.856
26.659,19.363
25.517,18.816
25.224,18.824
25.521,18.867
25.611,19.027
25.283,19.155
24.727,19.179
27.651,18.928
25.543,19.61
26.713,18.835
28.129,18.976
26.296,20.585
23.488,19.839
26.563,19.002
26.14,20.01
21.535,19.206
19.527,16.818
25.879,16.588
26.907,17.707
28.452,18.29
26.503,20.05
26.569,19.705
26.018,20.231
24.371,19.487
25.784,19.517
21.079,19.193
20.429,18.391
24.427,18.278
27.131,17.407
27.045,18.844
22.808,19.349
22.148,19.104
27.144,18.995
28.252,17.366
28.582,16.581
29.249,15.789
28.319,18.924
29.209,17.709
29.477,16.734
23.603,18.942
23.403,17.703
27.166,18.037
26.133,18.669
25.651,17.525
25.722,17.026
26.935,16.501
27.068,17.361
25.793,16.877
26.396,16.395
25.76,15.783
24.72,18.288
20.183,16.999
25.961,16.378
22.889,17.838
26.769,16.619
26.194,18.975
20.419,18.288
21.907,18.065
26.085,17.691
24.914,18.23
24.652,18.13
19.85,16.943
24.672,16.748
26.077,16.507
24.8,17.285
25.906,15.962
25.313,16.108
23.802,17.781
25.202,16.767
26.377,17.042
24.646,19.198
26.033,17.904
25.191,17.456
24.808,16.101
26.269,15.635
25.055,15.747
27.258,14.737
20.326,15.732
25.618,15.858
21.995,17.34
27.102,16.945
27.128,17.744
24.58,17.951
25.609,18.145
24.107,18.7
27.871,18.382
26.784,17.709
25.788,17.655
27.413,17.296
20.764,17.614
25.987,17.541
25.655,18.041
24.035,17.761
23.382,17.629
24.28,17.559
18.932,16.817
20.62,16.716
20.021,16.732
23.595,17.358
26.247,17.496
23.857,17.853
24.541,17.626
26.11,18.045
24.904,18.274
20.643,17.382
25.759,16.761
24.645,17.755
20.745,17.946
23.722,17.398
20.129,17.42
25.575,17.392
20.588,17.908
23.773,16.932
23.604,16.858
23.705,16.549
24.362,15.825
24.464,17.355
25.668,18.066
23.582,18.768
25.257,18.193
24.217,17.954
23.922,17.471
22.048,17.697
26.268,17.797
25.974,18.077
21.946,18.19
25.134,18.766
25.405,17.744
26.323,16.569
25.463,18.39
20.412,17.673
27.249,17.401
26.128,17.697
26.153,18.471
26.279,18.281
24.189,18.139
26.193,17.326
26.771,16.344
25.961,18.502
24.554,17.43
26.855,16.927
25.977,17.62
23.732,16.729
24.659,17.055
26.209,16.632
26.245,17.845
25.324,18.027
25.452,17.748
26.127,17.411
26.169,17.804
25.335,17.957
26.023,16.908
26.16,17.418
25.322,17.754
25.782,17.685
25.767,16.662
26.465,17.213
27.178,17.858
28.015,17.282
27.358,17.851
27.136,16.842
24.58,19.102
25.935,18.954
26.574,18.195
25.925,19.224
27.282,18.04
27.234,18.434
27.948,17.68
23.477,19.168
28.153,16.93
27.87,14.373
28.542,15.513
27.412,16.623
26.92,16.425
22.941,18.422
24.949,18.211
24.654,18.727
26.195,18.328
25.282,18.525
21.334,19.169
21.607,18.701
22.227,19.112
25.403,19.677
22.809,18.639
25.345,18.175
25.747,17.306
26.408,16.657
26.349,15.778
26.991,15.623
26.929,17.064
27.269,16.073
29.936,16.798
28.142,17.856
28.289,18.948
28.603,18.015
28.247,15.982
28.165,17.828
29.42,15.698
28.265,14.789
29.4,15.683
23.072,19.299
24.729,18.159
23.347,17.631
22.781,16.994
26.544,16.038
26.456,18.001
22.629,16.022
26.291,15.97
27.407,15.768
26.346,16.921
25.974,17.607
22.339,17.615
26.841,18.065
28.365,18.673
23.362,18.953
25.093,17.896
28.541,16.312
24.731,16.592
23.477,16.244
25.797,14.663
26.627,15.019
26.752,13.706
26.677,14.947
27.146,14.525
26.939,12.363
26.151,11.337
25.312,11.413
26.24,12.618
26.221,13.076
26.467,12.781
26.948,12.58
27.077,12.621
26.434,13.414
25.366,13.707
26.577,14.83
26.807,16.267
26.02,18.193
26.6,18.668
26.241,18.9
25.226,18.735
25.178,15.541
25.987,14.495
26.082,14.155
26.986,13.389
26.047,13.148
26.292,15.272
25.787,17.467
25.799,17.018
26.856,17.137
25.604,18.237
26.184,15.763
25.474,13.059
26.17,12.294
27.296,13.111
26.308,17.596
27.183,15.04
27.389,12.594
27.135,13.419
27.227,13.324
26.567,14.672
27.041,14.499
26.764,15.164
27.973,16.11
27.99,17.683
26.73,15.809
27.077,17.135
28.894,15.029
28.813,14.001
28.086,12.989
27.974,14.371
28.776,14.526
28.67,16.548
28.145,14.774
28.496,14.654
26.246,18.183
25.209,19.275
25.778,19.402
27.692,16.512
28.259,14.861
27.964,14.887
28.65,15.786
28.877,13.463
29.757,13.784
30.131,9.965
29.916,10.236
30.078,13.053
30.164,14.236
29.768,13.629
29.386,11.498
29.906,14.664
30.893,14.649
29.81,9.871
29.378,9.93
29.595,12.165
29.555,13.245
29.24,10.994
31.296,13.259
32.074,11.984
30.821,18.36
33.421,16.276
32.272,15.433
33.504,13.593
34.681,17.892
34.398,18.377
34.94,18.286
35.99,17.943
36.732,19.079
36.241,18.554
34.423,20.844
34.12,20.139
35.901,20.82
37.063,19.301
34.251,20.073
33.189,20.677
33.989,21.134
29.408,19.913
30.381,19.576
28.918,19.264
27.247,18.706
26.059,18.433
28.902,18.48
29.746,19.235
30.714,13.163
31.09,13.774
33.187,20.435
33.588,21.287
33.808,20.312
32.599,20.592
33.888,21.077
35.314,22.255
34.856,22.41
33.793,20.854
30.55,22.328
24.072,18.431
22.057,16.708
29.11,14.232
29.022,14.98
28.658,16.618
29.674,17.193
28.698,15.693
28.912,15.519
29.966,15.347
30.573,15.792
27.346,18.063
28.29,17.542
29.98,17.565
30.58,16.661
30.632,14.682
31.372,15.046
33.821,15.836
34.212,19.868
34.489,19.342
34.059,18.304
32.513,19.97
32.465,20.276
33.163,20.828
31.755,22.375
27.294,20.282
23.4,19.544
27.692,17.941
24.292,19.026
26.222,19.224
26.436,17.386
28.935,15.52
27.808,15.625
25.996,20.255
28.77,19.956
32.096,18.691
33.026,18.203
33.548,16.992
33.926,19.256
27.453,20.243
30.641,20.664
31.451,20.008
22.979,19.509
21.86,19.264
23.608,18.438
26.099,17.305
25.997,16.981
24.188,17.381
24.593,17.826
25.842,17.769
24.514,17.629
26.085,17.567
26.187,19.069
24.914,18.762
21.651,19.236
20.912,18.255
20.82,17.813
23.942,17.948
24.267,18.71
26.381,17.957
28.227,16.557
27.057,17.886
25.85,18.478
24.076,17.609
23.243,16.319
26.697,16.318
22.127,16.919
22.639,16.717
23.013,18.9
25.269,18.656
26.094,17.442
26.54,16.934
26.194,18.129
27.388,18.013
27.769,17.654
26.852,17.819
25.22,17.068
24.058,17.264
24.444,17.392
25.221,16.647
25.381,16.943
25.504,16.41
24.521,16.976
25.479,16.287
26.846,17.507
26.048,18.245
26.635,18.403
25.308,18.347
25.469,18.058
26.379,17.719
28.176,17.304
28.061,18.207
28.111,17.463
27.629,18.312
22.532,17.443
24.52,16.922
24.715,17.383
24.597,16.825
26.126,15.16
21.461,17.012
26.214,16.049
23.645,15.396
26.855,15.413
25.403,16.082
25.513,17.558
23.609,18.222
24.781,17.602
22.292,18.138
22.449,17.897
25.039,17.368
19.571,17.199
25.262,16.872
23.231,17.921
24.722,17.899
20.972,18.315
21.555,17.538
23.452,17.35
18.556,16.582
19.031,16.492
17.976,16.386
20.378,16.282
23.484,16.45
22.896,16.886
22.226,17.572
23.335,17.096
23.508,17.157
24.427,17.383
23.516,17.929
25.472,17.419
21.981,18.241
23.864,17.646
25.736,17.248
24.127,17.443
24.577,17.266
23.319,18.219
19.965,17.174
24.993,16.775
23.121,15.966
24.916,15.454
23.446,17.325
24.797,17.585
24.7,17.356
24.518,16.554
23.449,15.211
21.75,15.913
24.868,15.531
23.591,17.061
23.063,17.264
24.99,16.707
24.211,18.264
22.257,18.605
25.504,17.992
24.975,18.144
25.276,18.353
19.839,17.855
24.386,16.829
25.039,18.027
26.128,18.15
19.418,17.335
20.303,17.035
25.594,17.449
22.313,17.985
23.882,18.045
26.042,16.93
25.716,18.088
20.981,18.574
23.247,17.886
26.21,17.494
20.972,18.376
19.201,17.722
19.249,17.559
23.664,16.088
24.878,16.466
24.115,18.223
23.379,17.866
25.894,16.952
24.635,17.064
25.563,18.803
21.507,18.855
24.324,17.675
26.198,17.039
22.186,19.043
21.095,16.997
23.906,16.147
25.364,18.646
26.618,17.947
25.544,17.661
19.762,17.598
25.172,17.236
23.432,17.32
21.401,17.734
23.836,16.935
25.164,17.505
26.188,16.359
24.273,17.938
21.623,18.052
26.156,17.215
24.704,18.435
23.676,18.22
25.482,17.483
22.571,17.091
24.539,18.352
21.816,19.512
26.039,18.035
26.527,17.856
26.225,19.248
26.267,18.598
22.249,18.277
20.743,18.765
20.781,18.01
20.818,17.175
25.889,17.659
24.79,17.854
21.212,18.613
24.385,16.752
25.732,16.795
24.492,17.845
25.607,17.407
27.628,17.196
25.128,18.135
22.713,18.438
22.82,16.754
24.377,17.746
23.186,17.126
23.79,16.764
22.995,16.274
28.185,17.398
25.533,16.025
29.267,15.788
28.3,15.593
21.671,19.085
21.877,19.004
26.959,17.487
28.24,16.995
28.198,14.815
28.655,15.098
27.993,17.836
23.673,18.798
27.015,17.389
27.957,17.054
26.831,17.839
27.014,15.641
28.01,15.637
27.494,17.397
27.668,15.738
28.242,16.096
27.428,18.746
24.719,18.92
26.711,19.108
27.918,19.369
26.596,19.479
24.526,17.824
27.162,17.984
24.109,18.897
26.949,16.888
27.318,15.96
27.261,14.532
26.804,13.611
27.651,16.744
28.269,15.592
24.748,17.438
25.892,16.808
27.083,15.131
25.473,14.962
25.772,16.203
26.223,18.142
25.533,16.869
24.82,15.427
25.285,15.339
25.551,16.21
25.357,14.752
26.262,14.262
26.276,13.263
25.939,14.453
26.086,14.714
26.156,14.738
25.932,14.173
26.156,15.571
26.049,14.989
26.869,13.46
26.279,13.896
23.899,14.655
25.162,15.881
27.055,12.71
26.174,13.715
26.689,14.186
27.014,13.253
27.413,12.522
25.774,14.791
24.657,14.528
26.496,13.6
26.918,12.983
26.749,13.189
26.75,13.555
27.113,15.237
27.957,17.556
26.948,15.539
26.837,17.005
26.745,18.594
27.506,14.702
28.271,14.777
27.547,14.194
27.432,14.105
28.306,13.984
27.94,14.028
28.221,13.694
27.522,13.445
28.88,13.396
28.541,12.594
28.294,13.363
29.113,13.283
28.526,13.538
29.072,14.654
28.588,15.647
28.872,17.976
29.33,13.997
29.072,14.273
30.197,16.142
30.718,15.299
29.945,15.106
30.772,15.116
30.5,15.818
29.845,17.174
29.803,14.58
29.864,14.589
30.963,16.027
31.226,16.113
32.387,15.171
32.558,15.264
32.443,20.041
33.454,20.119
34.139,19.733
33.699,18.777
32.915,21.52
31.388,20.148
31.555,19.082
32.597,19.193
30.946,18.959
32.63,19.84
33.652,20.17
31.808,18.234
33.546,17.74
33.024,14.481
34.344,15.685
35.721,16.451
34.952,17.618
35.343,17.759
34.092,18.861
33.789,22.043
28.317,20.308
29.847,20.688
31.64,21.352
29.851,21.344
30.277,20.428
31.324,20.024
27.058,19.949
24.815,18.899
28.775,15.797
31.057,15.353
33.195,18.175
32.656,16.659
34.333,16.761
33.254,20.497
33.896,19.095
23.721,21.085
30.361,19.465
34.28,18.368
24.86,19.767
28.485,20.072
21.048,18.144
27.792,18.126
27.76,19.513
28.157,19.785
29.697,18.315
29.312,16.983
24.625,18.085
27.088,17.951
28.825,19.947
28.1,19.471
26.318,19.392
26.976,19.704
25.379,18.522
28.688,18.366
26.624,19.709
28.246,20.069
27.548,20.065
29.039,19.583
29.146,18.054
29.909,18.172
30.976,15.769
30.064,19.761
31.767,20.932
28.645,20.915
25.596,19.892
29.687,20.264
21.942,19.601
22.064,19.338
21.01,19.278
21.778,18.993
22.033,19.429
24.373,19.299
26.257,19.027
26.803,19.172
24.416,17.928
24.363,18.909
26.894,18.628
24.305,19.172
21.833,19.044
21.467,19.247
26.216,20.061
27.644,19.455
23.221,19.318
24.109,19.374
27.08,18.719
27.439,18.363
28.871,17.025
28.98,19.224
27.315,18.565
25.921,19.153
26.91,18.867
25.692,18.966
24.889,19.099
25.829,18.82
21.271,18.664
26.13,18.247
24.777,19.51
24.827,19.084
26.829,18.419
29.047,18.095
27.997,17.624
27.101,17.462
26.471,18.798
26.348,18.849
26.314,18.464
24.988,18.789
26.251,18.795
26.748,17.744
26.406,16.847
25.85,17.237
26.274,16.487
24.889,18.555
21.231,18.197
25.941,18.677
20.654,18.1
26.383,17.527
25.44,17.399
26.752,17.226
27.424,18.398
26.171,18.403
26.011,18.242
26.245,17.862
25.761,18.336
25.786,18.284
20.977,17.433
19.767,17.508
24.287,17.379
23.636,17.737
23.569,17.868
20.413,17.728
19.213,17.101
24.969,16.881
24.371,16.49
24.582,15.742
22.647,16.198
24.466,16.024
23.234,15.953
24.31,16.9
24.463,16.317
24.123,16.259
24.126,16.797
25.437,17.571
24.208,16.911
24.258,16.28
22.661,16.45
25.985,15.923
25.133,17.552
25.133,17.445
24.02,17.872
26.449,17.583
24.582,18.007
20.782,17.201
23.77,16.195
18.882,16.228
25.214,15.017
19.891,17.268
24.531,17.066
24.896,16.632
25.1,17.631
25.6,17.322
25.404,17.744
24.425,17.036
22.037,17.397
24.771,17.206
20.941,16.774
24.726,16.964
21.751,17.499
25.109,17.649
22.859,17.319
22.536,17.882
23.163,17.308
20.397,17.141
26.018,16.786
20.186,17.455
22.08,16.98
24.139,17.321
24.198,17.659
25.627,17.147
25.965,17.913
25.221,18.246
25.654,18.578
21.594,18.733
19.774,17.261
23.954,16.387
20.004,16.295
18.668,16.576
18.877,16.252
21.508,15.842
25.2,15.263
24.755,16.01
25.2,19.022
23.439,18.99
23.754,18.426
19.348,16.751
19.298,15.206
23.894,14.673
25.336,16.056
24.8,17.378
23.86,18.211
20.265,18.383
23.36,17.487
24.971,17.981
24.116,17.941
19.894,17.257
19.307,16.575
23.577,16.57
25.017,16.232
25.239,17.019
25.711,16.458
25.126,17.837
25.877,18.412
22.466,18.338
26.428,18.49
26.548,19.488
24.06,18.781
26.304,17.671
25.912,18.175
25.95,17.225
25.695,16.639
25.429,16.92
25.057,17.746
20.891,17.406
24.637,16.938
20.151,17.89
24.739,17.253
26.655,16.926
25.092,17.881
21.19,18.135
24.513,17.873
26.48,16.254
26.556,18.126
24.913,18.943
27.206,19.626
26.897,18.106
27.129,16.812
27.325,16.951
29.459,17.103
29.22,16.908
27.04,19.072
21.815,19.509
21.755,18.514
30.128,16.703
30.1,15.087
29.522,14.502
29.572,13.595
29.573,13.711
29.318,14.166
29.134,16.657
29.558,15.085
30.266,16.419
30.439,19.395
23.012,19.301
22.738,17.092
22.277,17.817
21.54,16.163
27.18,15.386
26.441,14.086
27.002,15.989
27.226,18.263
25.725,18.121
26.163,19.301
22.592,18.728
23.184,18.986
23.296,19.078
23.361,15.312
26.687,15.827
26.254,15.323
26.582,14.076
26.202,14.38
26.194,14.315
26.31,14.696
25.927,14.227
26.106,15.534
26.411,16.957
26.151,14.965
25.384,12.993
25.316,13.795
26.142,13.58
26.093,12.235
27.531,12.846
28.377,13.575
27.184,15.218
28.057,14.913
27.753,17.288
27.427,17.99
28.585,16.022
27.357,14.708
27.34,14.506
27.052,14.303
28.377,14.883
28.367,15.372
27.22,17.04
27.029,16.284
26.262,16.456
26.71,17.69
27.681,17.887
26.937,17.364
27.821,16.928
28.203,17.441
28.415,18.103
27.008,16.947
25.924,15.703
27.644,14.514
28.091,14.533
26.88,13.675
27.115,13.836
26.496,14.921
26.121,15.915
27.478,15.563
26.796,18.485
26.052,16.583
27.461,15.093
27.231,13.819
26.918,13.67
26.911,13.701
27.504,13.977
27.381,14.852
27.384,13.434
26.688,13.744
26.38,15.305
26.707,14.476
26.526,11.096
26.57,11.711
23.455,12.97
25.623,12.292
25.642,16.817
26.71,17.741
27.061,17.918
26.382,17.086
27.531,15.745
27.694,13.994
27.156,14.03
26.87,16.378
25.862,18.304
27.112,15.358
27.525,16.831
27.765,15.337
27.445,14.135
28.304,14.841
28.363,14.854
27.778,13.429
27.514,15.576
28.639,15.588
27.547,17.85
28.257,17.967
29.287,19.269
30.162,14.869
31.873,14.274
31.804,14.368
31.53,13.196
31.539,11.118
31.505,11.04
31.373,13.571
29.919,12.632
30.938,11.794
32.05,18.972
32.766,18.891
31.696,13.924
32.727,13.543
33.265,20.133
33.291,19.796
32.781,16.692
32.807,16.273
31.299,14.868
29.9,14.083
30.854,18.114
31.017,19.195
31.18,18.678
31.93,18.449
31.328,14.541
31,14.185
31.734,15.509
32.034,17.495
31.9865,16.5395
31.939,15.584
32.892,14.783
32.187,13.938
32.988,13.843
32.331,13.364
32.657,11.424
32.582,18.799
31.302,19.98
32.213,18.775
28.67,20.343
33.941,19.961
34.341,18.735
34.675,17.914
34.97,16.947
34.938,17.668
35.693,18.703
36.062,17.688
35.036,16.261
34.827,14.58
34.981,14.838
35.188,17.478
36.416,17.551
35.834,18.688
35.832,19.361
36.008,20.423
35.383,21.337
35.741,17.836
34.74,17.976
35.066,21.157
30.681,20.458
33.834,21.273
28.803,20.508
33.051,21.145
29.311,19.046
33.643,19.432
27.593,19.54
31.798,19.364
31.48,20.15
34.494,19.103
35.061,16.105
35.016,16.084
35.239,21.467
35.506,18.671
35.717,18.342
29.238,20.878
31.087,19.695
32.228,21.492
32.329,21.071
29.868,18.698
25.545,16.841
31.765,17.756
29.083,19.241
25.211,20.187
27.662,19.539
29.263,18.602
33.401,18.38
33.968,18.147
33.185,18.646
34.257,17.764
34.016,18.882
34.064,18.826
35.147,21.318
26.154,20.976
23.47,19.479
24.228,18.549
24.823,18.809
21.834,19.322
24.975,18.62
27.349,18.751
26.092,19.34
23.009,18.424
21.607,18.656
24.608,17.988
22.18,17.156
23.56,17.484
22.655,18.288
27.902,18.091
27.663,17.805
26.85,18.4
27.241,18.578
26.189,19.121
24.764,18.433
27.504,17.997
23.533,18.436
23.913,18.469
26.119,18.142
24.918,18.196
26.631,18.815
23.624,19.215
24.629,18.929
27.729,18.147
26.176,18.591
23.136,18.651
24.33,18.624
21.995,18.786
24.417,18.601
25.351,18.348
25.963,17.409
25.187,16.038
25.515,15.419
24.833,17.006
20.979,17.131
20.162,17.386
19.334,17.144
25.482,17.101
23.263,16.851
27.644,16.007
27.067,16.798
25.318,17.167
24.408,17.08
26.768,17.044
24.631,18.152
26.359,18.213
20.432,17.925
25.788,17.728
27.367,18.425
28.56,17.845
28.881,16.273
25.605,18.118
19.794,17.005
26.657,16.412
24.386,17.073
24.792,16.759
25.232,17.479
27.607,16.132
26.119,16.077
27.664,15.825
26.679,16.468
25.91,16.704
27.607,18.624
21.385,18.229
19.844,16.929
22.41,16.401
24.587,16.053
24.101,16.792
25.216,16.329
23.906,17.516
21.959,17.26
24.909,16.504
22.519,15.846
21.381,16.737
25.668,16.18
24.358,16.788
25.073,16.115
24.838,15.722
25.154,15.239
26.919,15.208
24.358,15.036
22.821,15.751
23.192,15.091
25.55,14.801
26.976,17.016
24.877,17.15
26.282,17.141
23.8,18.263
22.382,16.829
25.402,15.942
25.849,16.77
25.65,17.888
25.148,17.596
24.878,17.512
25.545,16.425
22.84,18.216
23.731,16.751
26.037,16.861
27.313,17.361
27.511,18.413
23.403,17.947
25.665,17.539
25.603,17.856
26.668,16.918
26.909,18.14
20.891,17.199
25.335,16.19
22.368,15.235
25.217,14.909
26.405,15.204
26.767,16.109
26.798,17.43
26.864,18.53
27.554,17.236
28.003,16.395
28.788,16.595
26.801,17.474
28.286,17.791
27.3,17.744
30.006,18.287
22.073,17.979
23.796,18.088
27.263,17.668
25.613,17.279
27.307,16.234
25.741,17.612
27.308,16.847
26.2,17.037
26.535,18.498
27.505,17.1
28.186,18.023
27.396,18.2
29.987,18.281
30.022,18.811
31.017,18.21
24.979,18.372
20.029,18.268
20.152,17.619
27.477,17.392
25.793,17.789
26.273,16.921
28.71,16.526
26.337,18.88
28.047,18.717
25.767,17.981
26.238,18.963
29.681,19.314
29.794,18.986
30.022,19.187
26.516,19.249
28.852,18.788
30.167,19.043
22.086,19.065
23.915,18.755
20.27,17.226
27.628,17.101
26.679,16.724
26.012,18.354
27.372,16.985
27.929,16.659
27.813,19.012
29.385,18.83
30.102,19.803
31.664,18.229
29.983,19.855
29.682,18.983
26.795,19.998
29.899,19.48
29.26,19.316
29.95,19.585
30.795,18.059
30.464,17.985
23.214,17.337
27.503,18.584
30.745,19.183
30.407,17.881
30.735,18.465
22.874,18.949
22.129,19.074
26.038,18.741
27.622,17.5
28.501,15.941
28.201,16.369
28.529,18.481
27.768,17.007
28.202,17.021
24.707,17.231
26.812,16.098
28.254,15.57
27.298,18.046
22.216,18.631
26.698,18.071
26.096,17.67
26.553,17.207
26.601,16.605
26.049,18.732
24.528,16.002
25.545,15.921
24.226,18.326
24.553,18.273
23.616,17.728
27.026,16.647
26.581,18.412
20.566,18.349
22.886,15.14
25.953,14.698
26.118,15.373
27.284,17.104
24.848,17.001
25.709,17.317
26.995,16.08
26.738,14.177
26.325,14.556
26.423,15.033
26.498,17.007
27.159,18.085
30.141,16.154
29.621,17.631
29.432,16.417
29.011,18.581
27.186,18.903
28.204,18.548
30.562,19.431
28.894,17.21
30.1,15.648
30.476,15.537
28.839,18.529
31.389,16.33
31.297,14.226
31.115,14.164
31.256,15.146
30.499,16.374
30.909,16.195
30.75,15.724
29.877,13.89
31.765,13.828
31.702,18.065
32.158,18.537
32.916,19.535
31.351,19.109
31.807,18.398
30.492,18.506
28.692,18.426
29.447,16.842
30.619,15.624
31.753,18.343
30.675,19.733
31.426,19.135
31.045,19.883
31.763,16.722
33.131,16.982
33.832,19.023
34.37,18.446
34.297,15.887
34.49,15.973
33.923,16.335
31.508,19.948
26.51,19.965
22.739,17.749
28.347,18.439
30.792,16.809
30.726,16.573
30.855,15.966
32.409,15.937
32.545,19.118
33.431,19.257
33.953,18.425
34.464,17.054
33.78,16.241
33.537,14.701
33.627,15.403
33.925,16.417
32.079,19.793
33.986,18.252
34.695,17.656
35.33,19.113
34.81,19.755
35.114,18.91
34.179,20.868
34.023,20.925
33.413,21.208
31.847,20.514
32.642,18.7
34.368,18.912
34.547,19.498
33.34,20.332
33.213,20.461
30.592,19.483
33.472,18.914
32.835,19.915
34.937,19.344
35.225,20.198
35.418,18.707
35.858,18.66
32.709,21.192
24.368,20.591
27.369,20.179
29.363,20.252
31.948,19.442
31.766,20.451
31.035,20.918
32.215,22.182
34.881,21.545
35.718,17.656
36.36,18.493
34.025,23.148
32.673,21.033
33.249,21.625
34.261,21.523
33.109,20.822
33.341,18.877
34.967,18.623
35.033,20.863
35.648,21.33
33.992,21.045
33.315,21.399
36.131,21.31
37.501,20.822
38.08,18.677
36.982,18.751
36.608,18.92
35.515,20.086
36.184,21.363
35.221,21.965
33.893,22.53
29.72,22.129
26.495,19.569
32.453,18.748
33.551,16.311
34.56,15.552
33.215,17.749
34.041,18.327
33.997,19.66
34.557,19.804
32.128,18.043
35.976,17.685
36.919,17.164
37.023,16.513
36.969,16.298
36.673,16.817
34.832,19.386
35.089,22.892
34.373,21.579
32.371,19.37
26.162,19.219
29.417,17.521
29.478,16.587
32.77,16.551
33.503,17.48
32.221,18.953
30.661,19.5
27.014,19.758
25.776,18.131
26.178,19.081
26.311,20.745
25.543,19.96
26.463,20.165
25.222,20.3
28.355,21.105
29.601,20.998
27.929,18.71
29.137,18.606
22.875,20.359
25.858,19.885
24.51,19.71
27.963,20.006
28.903,19.757
28.512,19.605
26.025,19.355
24.682,19.389
29.264,19.058
25.561,20.43
25.828,17.729
24.31,19.226
28.178,19.805
26.396,20.254
26.34,18.288
28.516,18.094
27.73,17.897
24.22,18.48
29.052,18.686
25.594,18.141
25.351,19.117
26.712,18.941
26.57,17.584
27.172,17.996
26.883,19.173
25.082,19.344
24.922,16.887
26.707,19.68
27.555,18.879
27.419,18.879
27.281,19.475
26.928,19.111
26.446,19.304
22.713,18.732
26.341,19.195
26.337,18.426
26.28,18.285
23.751,19.236
24.166,19.117
25.605,18.836
25.74,18.366
26.311,17.564
25.851,18.266
26.458,17.217
23.723,18.273
25.721,18.086
25.292,18.103
26.036,18.443
26.914,17.759
24.996,18.731
28.223,18.267
26.444,18.095
28.145,17.548
29.456,16.964
28.153,18.618
27.841,19.172
27.527,18.101
28.127,17.481
27.191,18.342
29.475,17.866
27.765,18.847
27.824,19.174
29.389,18.475
25.8,18.432
24.227,18.499
27.268,18.24
22.394,18.785
28.195,19.501
24.401,20.005
21.522,18.618
19.239,16.491
17.157,15.699
17.77,15.553
19.736,16.489
20.11,16.74
18.098,16.116
24.35,16.027
22.637,17.613
23.407,17.957
25.382,17.451
25.507,18.674
26.26,18.307
23.805,18.638
23.542,18.408
27.834,18.397
22.655,18.14
26.717,18.427
25.577,18.752
27.138,17.787
25.754,18.569
25.075,18.146
24.069,17.466
22.247,16.74
24.333,17.093
25.293,17.403
24.534,18.257
24.291,17.794
20.521,17.32
25.523,16.66
26.558,16.745
22.999,17.679
22.743,16.882
17.188,15.367
21.752,14.99
24.925,14.147
24.868,16.988
24.89,15.995
22.782,16.315
26.64,15.262
26.258,17.871
24.284,18.231
24.285,17.454
24.846,17.842
24.149,18.024
25.044,17.805
20.459,17.391
25.61,16.741
26.515,17.603
26.564,17.684
27.444,17.963
26.726,18.238
25.147,18.174
19.989,17.965
24.49,17.271
22.781,17.095
28.004,16.528
28.488,17.343
28.004,15.66
28.53,16.856
29.231,18.858
27.88,19.399
28.554,19.433
28.951,18.522
31.838,19.834
22.824,18.786
27.241,19.477
27.393,18.443
28.31,18.131
26.569,18.638
27.617,18.191
27.662,18.556
24.292,19.185
23.697,18.935
23.56,18.565
26.543,18.215
27.823,17.252
26.3,18.342
26.361,17.364
26.365,16.805
26.176,16.89
25.338,19.51
25.421,18.414
27.062,17.704
25.11,17.861
24.527,18.952
26.429,17.575
25.962,19.009
27.399,18.197
27.468,16.735
26.728,16.839
26.624,17.153
26.341,16.875
25.336,17.906
24.079,17.846
24.673,16.73
25.426,16.821
26.24,17.212
25.661,18.517
26.636,17.507
27.155,16.044
26.688,15.504
26.51,16.502
27.142,17.79
27.074,19.509
24.174,19.822
27.062,18.596
27.467,17.321
27.524,17.081
27.835,15.502
27.075,15.315
28.22,15.42
27.826,16.696
27.664,17.997
27.502,17.78
26.705,18.026
27.863,17.993
27.888,17.926
21.984,19.342
26.995,19.541
27.495,18.921
26.758,17.205
28.036,18.192
27.967,18.305
27.745,18.297
26.839,17.552
26.701,15.355
26.396,16.844
26.773,18.208
27.705,18.854
28.953,18.855
28.631,18.63
27.591,17.122
26.963,17.866
24.291,19.113
24.939,18.753
22.628,19.205
25.499,18.24
26.532,17.583
27.068,16.11
27.163,18.408
26.747,18.654
27.015,15.19
27.666,13.942
21.678,17.136
26.657,16.397
26.624,16.008
25.425,18.613
26.867,19.085
26.707,17.051
26.66,16.46
26.95,16.474
30.192,16.994
29.407,18.925
27.599,17.762
30.524,18.474
29.23,19.564
29.493,17.686
29.994,16.271
30.008,19.13
31.535,16.917
28.384,19.289
31.453,17.823
31.033,15.508
31.076,16.038
31.943,17.404
32.914,15.314
32.765,15.312
32.453,16.606
32.701,18.972
32.682,18.587
32.813,16.513
31.931,16.043
