19930101,
28.079,9.002
29.811,8.256
29.257,7.971
28.85,9.297
29,10.596
28.078,11.846
29.298,10.651
27.489,10.273
26.334,10.17
28.127,8.729
28.697,9.15
28.768,8.73
28.706,8.95
29.185,9.116
29.576,9.225
27.255,8.785
28.564,8.869
29.178,8.458
28.902,8.778
29.558,9.108
29.184,8.499
29.223,7.944
29.208,7.183
30.191,8.279
30.775,5.772
30.371,5.597
30.653,5.974
30.664,6.288
30.121,6.789
29.917,8.129
27.102,10.704
29.544,10.358
23.645,12.212
30.532,12.354
31.012,8.768
30.954,7.278
30.905,7.809
31.32,8.251
32.098,9.172
31.734,8.871
30.931,8.863
29.785,9.08
30.706,9.733
31.207,8.67
31,8.463
30.85,9.16
30.632,10.479
30.923,10.576
31.279,10.479
30.39,15.169
28.301,15.399
28.951,15.492
29.45,13.739
26.761,13.853
22.89,12.416
20.763,14.874
24.229,13.457
25.847,13.278
23.215,12.216
22.7,15.704
22.987,12.584
23.017,12.887
25.467,13.506
28.364,13.989
28.879,13.379
29.906,12.089
29.153,11.662
29.172,12.501
29.355,12.004
30.062,11.912
29.979,12.467
27.565,12.876
23.129,14.876
27.643,14.077
26.586,14.052
24.074,12.93
22.773,14.073
20.884,14.982
21.826,13.94
23.828,13.777
23.007,15.113
24.505,14.07
24.66,13.806
22.253,13.245
20.544,14.925
24.144,13.803
21.393,13.507
20.958,13.827
23.124,12.987
27,12.376
27.242,12.442
27.298,13.266
26.071,14.091
26.27,13.937
26.969,14.127
28.593,13.475
29.881,11.662
30.265,9.942
30.304,9.265
30.402,8.826
30.208,9.381
29.205,11.159
29.93,11.239
30.456,9.349
30.665,8.824
30.312,8.714
25.711,11.441
25.434,13.841
28.349,10.693
30.662,10.277
30.052,10.568
28.181,11.551
25.475,14.057
27.83,14.022
20.231,12.562
25.277,12.47
22.03,13.26
25.945,13.999
20.984,14.462
23.141,14.114
27.103,13.855
24.055,14.799
24.891,14.569
24.546,10.472
30.393,10.099
31.012,12.971
26.474,14.708
29.181,14.285
26.947,14.977
26.236,14.223
25.656,15.109
26.153,13.197
25.612,12.911
29.719,12.995
27.537,13.725
22.577,12.577
24.32,14.427
26.783,13.734
25.561,14.279
28.68,13.846
29.656,12.905
25.439,13.94
26.351,14.559
25.067,14.45
25.387,14.615
18.681,14.064
25.458,12.509
30.636,13.295
28.51,14.814
24.813,13.602
27.192,13.725
28.499,14.803
28.548,14.761
26.119,14.653
24.463,10.4
20.294,10.276
20.743,11.401
24.136,13.562
16.261,10.646
29.776,11.537
25.351,14.341
24.931,14.985
24.487,15.046
26.784,13.009
23.78,13.961
24.638,14.058
24.743,13.743
27.962,13.95
27.472,14.371
25.666,14.488
24.132,14.891
25.033,13.846
25.913,14.413
21.392,14.615
25.061,13.286
27.054,14.144
24.017,14.859
18.539,9.272
27.059,7.823
21.44,11.587
23.148,11.126
23.365,13.85
24.246,14.523
23.215,14.899
22.429,14.524
26.601,14.838
22.595,16.086
22.296,13.58
23.795,9.414
30.163,11.507
24.23,14.64
27.733,14.032
22.368,15.927
23.115,15.099
23.28,15.282
23.124,12.94
23.639,13.438
22.559,14.533
22.188,14.344
22.892,13.524
28.688,11.701
24.135,15.029
22.281,15.616
21.813,14.811
19.531,14.819
22.318,14.488
17.867,13.616
24.288,12.949
23.358,14.042
19.064,11.096
23.74,8.368
22.11,14.013
23.236,14.127
23.002,13.566
23.14,14.176
19.491,13.552
25.049,11.647
27.534,13.525
24.207,13.919
28.321,13.779
25.303,12.984
20.293,12.278
20.328,10.642
26.79,10.593
24.94,14.714
19.225,14.76
26.768,14.181
23.977,14.805
24.489,12.184
27.586,8.804
22.341,13.595
23.769,13.593
22.826,14.259
25.195,14.521
24.103,14.468
23.49,13.909
23.256,13.823
27.744,13.986
26.271,11.138
29.921,12.427
22.408,13.602
29.076,13.304
23.507,13.528
30.098,13.891
20.271,13.25
21.852,12.462
24.819,13.907
27.046,14.089
27.721,14.598
28.386,14.225
24.625,12.978
31.213,12.693
27.512,13.755
30.881,13.079
26.494,14.106
21.839,15.282
19.577,10.229
28.27,9.771
23.543,10.499
26.811,13.375
24.242,13.981
21.712,12.307
24.043,10.976
24.217,13.365
25.016,13.075
24.671,12.968
25.892,13.722
24.734,14.56
24.89,15.31
22.934,15.379
23.386,13.725
24.591,12.412
22.657,13.08
22.671,13.702
21.964,12.322
22.2,12.782
18.904,13.545
23.738,13.123
19.151,10.725
23.755,11.329
27.257,11.605
26.797,13.417
25.184,13.013
25.421,12.592
27.361,10.126
28.214,10.164
26.742,12.853
27.926,9.182
28.023,8.998
28.447,7.192
27.499,7.537
27.647,9.815
25.387,12.494
27.938,11.349
26.821,10.598
27.168,8.81
27.417,8.063
26.623,8.938
27.112,8.423
27.053,8.582
26.654,9.871
27.939,9.634
28.068,8.555
27.448,8.148
27.325,8.574
27.505,9.545
25.131,11.864
26.648,13.88
24.56,13.9
25.605,12.866
25.511,13.824
23.063,13.887
23.321,13.887
27.117,10.885
26.117,10.237
22.719,13.614
25.971,12.781
23.434,11.691
25.685,10.718
27.264,8.171
25.761,6.947
24.789,10.445
26.182,8.732
27.286,8.188
26.689,8.703
24.297,8.542
25.085,8.615
26.514,8.844
26.446,8.387
24.084,10.246
27.321,9.962
27.231,10.93
23.843,10.267
21.128,8.895
24.226,10.425
25.81,9.674
27.901,8.559
26.601,8.288
24.844,9.028
20.582,9.444
23.945,7.912
24.659,7.482
23.907,8.538
22.088,7.473
21.937,9.142
18.402,12.51
23.827,12.638
23.457,8.078
23.934,8.164
23.607,8.991
21.734,9.048
27.337,7.418
26.804,8.994
24.815,7.785
25.738,7.087
27.116,8.641
21.994,9.717
26.305,10.262
17.517,10.449
27.001,9.32
26.972,10.467
25.857,11.684
21.495,10.948
27.301,11.054
25.457,11.666
26.956,9.456
28.453,9.693
27.945,10.27
27.951,10.23
24.723,10.065
27.628,10.012
29.129,7.235
29.389,6.703
28.893,6.357
28.978,6.471
29.293,6.567
28.723,4.897
27.506,5.525
27.732,5.71
29.076,6.262
28.878,6.399
29.111,5.994
29.487,7.452
30.158,5.692
29.389,6.578
29.393,8.099
28.132,9.539
27.969,9.019
29.642,9.038
30.181,8.288
29.696,7.857
28.838,8.1
29.605,8.356
29.984,8.401
30.241,10.095
31.569,9.551
30.806,8.344
30.077,10.43
29.432,9.952
29.183,13.08
28.791,14.565
27.304,13.259
27.977,13.572
22.859,11.65
27.07,10.883
26.66,10.679
29.044,9.628
26.106,10.341
26.873,11.534
26.54,12.746
25.056,9.616
25.785,8.156
28.642,8.145
29.717,10.19
29.272,9.686
29.933,12.434
30.885,11.211
31.111,9.563
31.513,10.597
31.64,9.282
31.388,8.68
31.472,8.623
31.784,8.821
31.989,12.953
32.102,13.623
30.806,13.629
29.615,14.668
30.343,14.785
31.968,14.042
32.396,12.267
30.45,11.736
32.674,11.637
31.772,12.022
32.001,11.961
31.062,13.082
30.952,12.289
32.308,10.875
31.287,12.148
32.231,12.117
31.516,11.638
31.044,11.299
31.429,13.146
31.913,11.589
30.103,13.866
30.269,12.861
31.928,12.602
33.039,11.289
33.829,10.337
33.385,10.613
34.146,10.354
33.382,10.088
33.858,10.119
32.055,10.71
31.561,11.656
33.378,11.614
34.002,12.541
33.982,10.414
33.714,10.802
29.78,14.023
30.059,13.571
32.832,12.61
33.685,12.615
29.825,13.309
29.787,14.281
23.352,13.878
26.669,13.483
26.249,13.76
28.217,14.056
28.605,14.279
29.003,14.113
25.84,13.759
23.63,13.565
22.606,13.253
26.224,13.313
30.271,13.542
32.76,9.893
32.368,9.889
32.483,8.78
30.975,9.414
29.661,8.968
30.282,8.613
30.179,8.223
30.6,10.722
30.562,10.991
31.175,11.314
32.461,12.606
32.788,13.083
32.397,14.753
30.662,14.554
31.817,14.451
28.03,14.483
27.812,15.003
27.278,14.97
24.292,13.878
28.021,13.905
25.805,14.81
31.892,14.056
26.599,14.029
25.153,13.749
24.781,13.019
25.753,14.225
24.995,14.31
30.829,14.288
27.24,14.408
27.569,14.499
26.425,14.67
25.71,14.494
24.21,14.666
24.456,13.048
25.658,14.928
25.477,15.034
24.396,14.648
25.887,15.106
22.68,14.805
23.188,13.061
29.019,13.662
25.162,15.061
24.278,14.429
25.104,13.845
28.953,14.445
26.828,13.603
27.455,15.049
19.372,11.361
27.308,9.921
25.8,14.848
27.465,14.647
24.384,14.902
23.12,15.073
18.556,15.56
20.961,14.339
25.622,13.528
28.235,12.861
21.613,14.582
24.853,13.739
22.554,13.914
26.86,13.937
22.056,14.704
25.328,14.324
21.677,14.473
23.131,14.403
23.978,14.413
22.647,14.553
23.471,14.376
25.155,13.739
23.184,14.526
20.451,12.24
25.286,12.311
23.098,14.918
24.588,14.465
23.994,14.649
26.399,14.45
32.357,13.608
26.294,14.676
23.43,15.016
22.338,13.506
21.931,13.675
22.288,12.775
26.058,12.707
23.015,13.58
22.945,13.237
21.443,13.312
21.561,13.743
20.755,14.063
20.903,10.379
22.855,10.951
17.595,9.733
23.092,10.749
25.023,10.721
25.09,12.196
23.743,14.207
22.91,14.232
24.1,14.114
25.487,13.152
20.697,14.338
28.367,12.357
27.385,14.215
25.404,14.741
22.89,15.417
22.342,14.838
21.98,14.785
24.529,14.566
27.15,15.03
21.388,13.299
25.057,13.441
24.484,14.375
21.801,14.274
26.866,14.096
21.095,15.027
25.754,14.91
25.086,14.917
22.834,14.748
23.528,13.036
26.131,14.765
22.644,14.874
22.714,13.456
21.586,14.237
26.225,14.789
24.328,12.267
21.985,13.818
25.242,14.175
25.006,14.361
22.639,12.85
23.887,12.616
21.787,13.194
19.843,13.392
21.208,12.535
21.717,13.525
20.947,14.261
26.816,13.355
30.773,13.383
30.507,13.537
27.457,13.69
28.214,13.012
30.442,12.777
20.793,15.068
24.497,13.834
19.331,13.877
23.766,13.902
18.055,9.983
27.397,10.204
22.014,14.667
23.016,13.599
21.668,12.132
24.756,12.193
20.829,11.551
28.329,10.322
23.684,12.077
18.661,14.211
19.937,10.849
27.897,8.561
23.082,14.492
23.974,13.164
25.056,13.057
26.621,13.053
25.09,15.278
30.771,14.048
24.315,13.676
25.382,14.363
22.439,14.467
17.925,14.754
22.112,11.226
23.01,11.288
18.193,11.357
24.946,11.755
23.49,11.174
25.252,12.182
22.306,12.672
21.143,10.775
23.216,11.532
24.989,12.99
27.651,12.511
24.833,12.092
27.402,11.08
27.91,10.343
27.943,9.611
27.461,9.67
25.488,12.645
25.73,13.663
24.694,13.255
26.148,13.17
26.172,12.49
24.975,14.671
26.461,14.503
27.796,12.645
26.878,12.314
25.72,12.29
25.071,13.883
24.993,14.007
20.88,13.11
25.988,12.206
26.831,11.666
25.257,11.995
26.61,11.264
26.135,11.601
22.733,12.924
25.953,12.653
26.308,12.338
26.204,11.435
24.912,10.788
24.445,12.204
26.84,9.405
26.769,7.119
27.086,7.349
28.091,5.908
25.573,5.592
25.166,6.42
26.292,6.989
26.416,7.452
26.189,10.446
25.378,11.581
24.976,10.373
25.1,11.864
24.208,12.336
27.555,9.061
26.577,9.266
26.732,10.387
25.829,9.239
27.515,7.168
27.466,7.341
27.375,6.347
26.925,6.764
26.883,11.451
26.591,9.263
27.988,6.379
27.478,5.087
27.546,6.221
27.138,6.458
26.996,6.501
27.336,6.66
27.075,6.468
26.35,6.709
25.552,8.12
26.296,6.513
28.031,5.651
27.291,5.509
27.233,3.338
26.922,4.029
27.323,5.067
26.91,5.958
27.155,8.649
27.728,6.848
27.316,6.057
27.083,5.61
27.64,4.441
28.122,5.234
28.501,4.955
27.791,5.065
28.038,4.391
28.387,4.221
27.349,5.55
28.442,5.93
28.304,7.139
27.571,7.883
26.216,9.053
25.794,9.627
23.301,8.949
23.702,7.369
26.827,8.342
21.632,10.049
26.075,9.357
27.534,9.764
28.161,10.04
25.719,11.563
26.219,10.154
27.567,8.688
29.139,8.682
28.983,6.476
29.496,4.654
29.513,3.516
28.944,4.931
29.182,7.542
28.498,7.892
29.429,8.189
28.425,9.088
17.363,10.542
27.121,9.823
23.102,11.815
21.564,9.974
24.832,10.194
22.891,12.316
26.764,10.715
28.081,8.615
27.597,8.897
25.096,9.169
25.321,10.097
20.601,11.126
26.365,13.028
28.494,11.913
29.281,10.848
28.963,10.439
26.677,11.717
25.653,10.34
26.646,13.845
27.018,12.323
27.428,12.099
27.423,12.841
29.101,13.73
29.683,13.089
29.592,12.246
29.573,12.643
30.245,9.667
30.982,9.071
30.432,10.747
30.347,11.476
30.895,10.77
31.002,11.367
30.864,10.493
31.088,10.302
30.465,10.051
32.47,6.62
32.548,6.853
32.793,8.201
32.879,10.274
33.07,10.147
32.673,9.74
31.888,10.865
28.816,11.628
31.122,12.041
31.001,12.262
25.279,13.002
27.51,12.997
25.92,11.486
31.308,10.69
30.634,11.241
29.519,12.121
30.7,11.234
27.907,10.96
30.359,11.988
31.237,14.404
31.36,12.932
28.842,12.064
26.127,11.499
25.688,15.927
24.886,15.347
25.165,14.158
26.538,14.082
27.026,14.775
28.578,14.532
28.789,14.394
29.24,14.159
25.364,13.684
22.53,13.984
20.243,14.015
19.886,14.191
20.945,13.609
26.364,13.195
29.471,13.641
23.872,14.231
23.296,14.083
23.783,12.956
29.198,12.54
29.643,11.587
29.802,10.466
29.893,9.209
29.545,8.371
28.382,9.849
26.328,13.501
25.358,14.094
23.91,14.287
23.67,14.289
24.165,14.274
24.077,14.337
26.621,14.672
24.666,14.038
21,14.075
22.086,14.109
24.291,13.869
24.202,13.88
24.577,14.066
28.678,14.158
25.5,14.311
28.237,14.432
25.682,13.993
30.238,11.374
26.759,12.234
28.624,14.472
27.471,14.272
24.458,14.636
28.045,14.38
25.925,13.943
27.44,14.339
29.872,14.205
30.413,14.369
31.55,14.206
26.14,13.418
26.747,14.182
26.67,14.421
26.249,13.574
26.537,13.834
26.257,14.122
26.648,14.075
24.508,14.289
26.968,14.095
24.849,14.259
21.345,14.93
26.758,13.373
24.036,13.207
22.761,14.491
24.118,14.035
25.706,10.842
23.85,10.23
20.457,11.28
28.125,11.671
28.291,13.931
24.874,11.744
28.428,14.015
28.981,13.928
26.047,14.495
23.97,14.116
19.165,10.152
20.384,9.905
20.189,9.209
29.062,10.421
25.277,12.176
25.863,12.587
28.045,13.386
26.414,13.833
24.257,14.824
18.974,13.779
25.591,13.121
28.57,13.454
23.418,13.183
23.552,14.002
22.771,14.399
21.95,14.493
24.006,12.844
22.197,14.18
21.469,13.179
23.497,13.34
25.027,14.57
24.772,13.557
26.094,14.627
21.172,13.482
21.01,11.144
18.706,13.282
20.2,11.829
23.67,11.005
22.278,14.297
24.113,13.402
27.008,13.211
31.18,13.419
24.467,12.57
24.024,11.644
21.481,14.064
23.719,15.169
24.298,14.035
22.116,14.911
25.246,15.069
19.128,9.631
27.383,11.859
19.023,13.953
24.418,13.718
23.733,14.278
22.503,13.25
23.222,12.751
19.931,15.033
25.353,14.627
23.417,15.83
24.537,13.013
23.691,10.577
22.854,11.061
23.57,14.289
22.811,14.622
23.343,12.228
23.436,14.313
19.537,12.479
22.245,12.708
24.682,14.011
21.859,14.858
19.436,14.187
23.549,13.992
23.091,14.783
19.527,14.749
24.98,14.203
20.861,12.734
24.145,13.962
18.37,10.917
17.045,9.374
23.13,10.037
22.09,10.772
24.357,12.318
24.44,14.601
22.881,14.001
26.81,13.503
22.622,13.291
20.734,14.166
20.933,8.648
30.267,8.518
24.783,14.674
24.686,14.642
23.624,15.36
24.16,13.799
24.669,13.507
22.662,12.363
28.557,11.798
24.553,11.945
26.169,12.085
24.181,11.936
24.311,13.976
27.639,10.019
28.616,14.306
23.956,14.298
22.794,13.637
24.877,13.17
24.632,12.766
27.706,9.304
26.584,9.42
25.601,11.112
23.799,14.044
25.778,14.837
28.376,14.186
23.615,13.588
23.109,9.751
28.054,10.81
24.62,13.282
26.974,12.937
25.024,14.427
23.976,14.818
24.061,15.085
23.985,14.123
29.586,12.455
24.837,13.111
23.796,12.592
28.775,11.832
26.096,13.752
24.284,13.105
25.109,13.742
25.926,13.368
27.957,9.594
29.197,8.901
29.029,9.657
28.92,10.247
27.644,12.132
25.669,12.458
28.79,9.794
29.068,8.974
28.895,8.05
28.46,7.728
27.292,8.165
27.929,11.34
27.577,9.745
27.358,9.378
26.943,8.891
27.851,8.247
27.735,10.168
27.773,10.243
28.374,8.653
28.791,8.223
28.778,9.774
27.219,11.91
26.258,13.138
27.601,12.54
27.602,11.535
27.853,11.111
27.411,11.977
26.116,11.26
28.253,8.512
27.613,7.552
27.078,7.68
26.523,9.752
25.296,12.621
26.838,11.604
27.275,7.887
27.253,6.142
27.054,5.378
25.644,6.836
24.176,10.006
24.012,10.321
25.936,11.743
25.438,11.524
26.222,9.29
26.548,8.484
26.344,9.151
27.447,9.719
27.774,8.466
27.622,6.849
27.962,5.689
28.108,5.83
27.615,5.54
25.997,7.155
27.507,5.963
27.36,7.186
27.494,9.94
28.617,7.774
27.869,8.037
22.122,10.906
28.23,8.168
26.181,8.975
26.521,9.019
25.657,9.958
28.334,11.464
22.694,13.201
26.553,11.226
28.453,8.252
28.071,8.535
26.525,15.032
22.957,14.266
20.974,15.06
20.408,11.727
26.736,12.16
27.665,8.703
27.189,9.003
27.879,10.649
28.2,7.385
27.126,7.772
27.576,7.234
25.687,9.785
24.055,12.641
24.627,10.745
27.936,8.795
27.201,7.77
26.827,8.567
26.986,9.366
27.387,8.941
28.039,8.083
28.295,8.095
27.742,7.954
28.25,8.648
29.358,7.457
29.231,8.253
27.842,9.634
27.741,12.546
25.623,14.496
30.182,11.742
30.478,10.778
28.97,11.994
29.134,12.962
29.828,12.226
30.036,11.795
27.451,12.75
27.633,15.25
28.998,13.597
28.953,13.298
22.277,10.296
28.826,12.245
28.572,11.56
23.525,11.024
29.701,10.653
27.906,10.758
30.032,9.668
29.872,9.595
29.901,10.407
30.19,12.683
30.72,11.453
30.683,11.098
30.255,11.617
29.805,13.394
31.822,8.792
31.501,8.066
32.052,9.588
31.346,12.053
29.205,14.966
30.722,12.107
29.76,12.677
22.141,11.834
28.841,13.786
25.357,13.957
28.733,13.589
22.266,15.527
22.14,15.081
26.476,12.785
27.964,12.295
27.265,13.553
24.323,12.403
21.678,11.866
23.474,11.914
27.119,9.413
27.863,9.128
29.776,9.29
27.527,11.651
30.012,11.096
29.674,11.858
26.128,12.451
28.166,12.982
27.885,13.1905
27.604,13.399
25.618,13.809
23.692,15.48
24.514,14.712
29.115,13.222
28.64,13.141
27.662,14.117
22.592,13.354
28.834,12.644
28.884,12.07
30.14,11.279
22.836,13.853
28.102,14.395
22.819,13.675
23.452,13.578
27.476,13.797
26.948,14.802
24.53,14.48
24.185,15.506
23.536,12.066
26.137,12.284
26.053,14.932
29.178,14.43
29.863,12.716
29.537,13.228
24.821,13.479
28.255,13.11
31.169,12.779
28.335,15.665
24.488,14.962
25.361,14.996
22.167,12.949
28.829,12.368
27.66,13.957
27.092,14.155
29.482,13.941
29.612,14.518
29.951,14.615
29.123,14.505
26.274,14.227
27.277,13.79
26.608,14.245
25.861,14.308
26.375,13.822
26.648,13.993
23.092,14.489
25.311,13.6
25.468,11.917
28.678,12.284
30.381,12.159
30.914,13.148
28.7,13.746
21.55,14.617
20.094,13.245
23.781,13.276
29.634,13.337
29.576,12.377
30.343,12.246
31.751,11.473
30.174,12.384
23.854,14.816
24.563,13.158
26.937,12.567
26.437,14.682
26.358,14.894
23.58,13.93
22.219,11.172
28.344,14.404
21.02,15.458
20.464,14.795
25.613,14.642
23.757,15.014
20.482,15.343
20.207,14.871
24.736,12.881
25.845,13.209
26.864,13.494
31.966,13.618
28.193,14.038
29.354,15.79
33.18,10.898
36.249,11.342
31.232,12.45
27.475,13.397
27.819,13.837
25.021,14.444
29.851,13.279
28.363,13.218
16.548,10.46
30.498,9.627
27.792,12.532
32.088,11.851
28.585,13.9
25.506,13.844
24.837,13.036
26.045,9.669
28.115,9.219
31.355,12.752
28.876,15.019
31.064,15.111
31.262,14.748
27.484,15.753
26.438,15.731
26.642,15.29
23.254,14.196
22.809,12.714
25.435,12.284
24.225,9.49
25.457,10.913
24.976,13.455
24.836,13.238
20.291,9.472
18.952,10.722
24.419,11.318
24.658,13.126
25.769,14.659
27.579,14.43
25.96,14.765
24.059,13.341
27.64,12.88
19.857,12.948
25.071,11.515
26.135,12.893
22.98,12.955
24.536,14.237
23.926,13.697
27.449,14.634
26.106,13.411
22.847,13.467
27.221,15.61
27.818,15.578
23.952,15.012
26.63,14.794
26.895,14.945
23.458,14.193
20.58,14.934
27.518,14.554
26.716,14.034
23.275,15.148
29.455,14.424
23.238,14.538
21.547,15.049
23.649,13.192
21.207,15.29
23.309,14.775
24.467,14.845
23.817,15.015
22.64,14.852
23.726,15.246
22.462,15.241
23.976,14.197
24.05,14.621
24.008,13.954
25.41,13.513
29.756,13.764
22.741,13.434
21.812,14.448
23.715,14.519
22.592,12.814
23.69,13.9
25.688,13.422
25.511,15.179
25.261,14.953
21.645,14.475
22.733,14.994
23.916,15.096
23.278,14.972
23.668,14.66
21.948,14.169
21.45,14.601
23.385,14.429
23.343,15.215
21.245,15.113
19.155,13.667
25.978,12.241
24.494,12.644
24.607,11.775
24.298,14.398
23.36,14.151
24.452,12.223
28.881,13.848
22.105,13.394
24.356,13.017
21.498,14.889
22.992,14.349
26.099,15.047
21.791,14.355
29.156,12.454
23.487,13.185
23.372,15.381
23.922,14.093
24.399,14.079
23.93,13.95
21.665,14.104
25.458,14.027
25.475,13.443
28.526,14.485
23.212,13.392
23.448,14.423
25.653,14.152
25.691,12.385
24.139,12.866
21.629,12.822
28.007,12.783
23.56,11.539
31.201,11.113
23.673,14.27
23.722,14.793
26.358,14.427
27.19,14.081
28.998,14.705
23.75,12.76
22.869,13.222
22.795,13.199
23.089,13.776
22.289,14.622
22.738,13.02
21.61,10.714
27.917,10.234
23.392,13.468
24.291,13.097
22.861,13.306
20.164,8.671
23.705,7.799
23.808,11.059
23.816,12.854
25.279,12.912
20.64,11.033
23.226,11.63
23.069,12.565
25.094,13.501
27.551,11.967
26.795,12.211
27.518,13.149
26.541,12.667
28.411,14.239
25.688,12.839
27.815,13.783
26.559,13.805
26.972,11.558
27.978,10.668
27.375,9.612
28.002,8.656
27.578,8.338
27.249,10.613
27.637,10.991
27.43,8.159
27.55,6.78
27.755,8.733
27.913,8.2
27.414,9.514
27.756,8.849
27.732,10.404
25.496,10.521
26.868,11.898
24.716,11.075
27.516,11.486
27.391,10.247
27.377,11.003
28.167,10.565
27.285,10.957
27.073,10.482
27.51,11.955
25.492,12.188
25.763,12.937
20.922,12.914
26.034,11.808
27.688,12.44
27.091,10.221
27.418,9.395
26.329,11.19
26.942,11.614
27.811,9.357
27.669,8.956
27.187,8.538
27.682,7.857
27.174,9.232
27.923,9.093
26.929,10.158
26.005,13.428
22.031,14.423
20.118,14.469
23.398,13.793
22.475,13.227
26.979,13.474
27.472,13.446
27.378,12.927
26.241,12.628
27.031,11.721
27.523,13.825
27.942,9.974
27.02,8.579
27.122,9.54
27.874,9.286
26.804,9.769
26.702,11.094
27.276,8.973
27.985,9.138
27.85,8.949
27.388,10.328
28.279,8.995
28.482,7.779
28.087,8.934
28.087,7.934
28.645,8.487
28.199,8.502
27.29,8.507
19.997,12.219
27.714,10.779
19.296,11.682
27.71,13.872
20.369,13.852
29.474,12.009
29.624,9.428
29.692,10.389
26.566,13.493
27.163,13.416
22.488,12.276
27.062,11.836
21.453,14.644
27.541,11.182
29.5,9.228
29.51,8.689
29.27,8.126
28.913,8.973
25.666,9.406
28.714,10.489
27.318,9.818
28.21,10.272
21.395,9.842
27.082,9.596
26.562,9.587
21.026,12.692
28.535,13.416
27.815,11.76
29.952,10.122
29.922,12.174
30.508,11.395
30.131,13.85
29.05,13.486
27.648,12.631
26.112,10.873
25.42,12.878
25.254,11.476
26.171,11.577
28.965,11.386
29.271,10.318
28.963,9.227
29.332,8.95
29.417,6.741
28.655,7.823
27.88,10.262
28.36,13.291
28.975,11.608
26.135,12.39
30.32,12.204
30.886,10.377
30.732,10.283
27.744,13.948
23.385,15.845
24.069,10.346
28.839,10.197
28.524,11.092
27.256,11.838
26.846,13.618
21.78,12.898
30.204,11.832
29.104,10.669
30.916,9.71
30.147,10.945
30.836,12.69
31.088,12.372
31.896,11.004
31.524,10.885
22.851,13.352
31.574,11.776
29.897,12.018
28.68,12.912
29.78,12.954
26.874,10.852
29.989,12.053
24.498,14.876
30.405,12.331
29.578,12.018
30.8,11.97
30.946,13.245
29.617,13.08
31.022,12.167
31.871,10.8
32.116,9.784
32.315,10.612
32.192,11.692
32.191,11.479
30.075,13.099
30.053,11.818
21.948,14.607
26.597,14.835
28.792,12.566
28.191,13.532
27.19,14.649
27.822,14.328
24.466,14.701
26.52,14.395
28.238,14.328
27.908,13.133
26.115,13.994
29.461,13.607
29.393,14.361
29.428,14.305
28.219,14.476
24.955,14.537
24.868,14.051
25.9,14.449
24.416,14.389
28.195,14.708
27.222,14.653
22.489,14.075
25.407,14.613
28.004,13.292
26.611,13.509
27.567,14.065
29.904,12.519
31.043,11.472
31.23,11.106
31.551,11.88
32.132,13.088
30.487,13.993
26.607,14.084
23.877,14.575
30.107,14.299
28.309,15.609
27.846,14.88
22.043,13.568
24.654,13.261
25.887,13.449
27.202,14.61
25.761,14.265
25.997,15.021
27.609,15.474
25.95,13.627
27.07,14.397
27.091,15.241
30.668,15.235
34.12,14.71
31.32,14.712
30.982,15.276
26.819,15.558
24.328,15.905
26.549,14.566
30.456,14.238
26.502,15.223
26.351,14.153
25.978,15.587
24.654,13.326
27.191,12.167
26.763,13.864
25.498,14.802
25.198,14.632
25.256,14.116
24.524,12.202
25.559,9.304
29.66,10.574
25.848,12.419
30.203,12.599
26.658,15.334
25.519,15.51
28,15.394
24.34,16.03
24.483,14.401
24.181,13.319
22.823,12.345
23.717,11.338
23.614,10.789
20.225,12.734
26.785,11.865
25.882,11.944
25.143,13.842
25.483,15.058
22.815,14.157
24.186,14.311
23.468,14.895
20.393,12.975
22.662,11.671
24.411,11.407
20.786,13.221
24.539,13.32
23.711,13.357
24.418,13.727
25.096,14.477
21.324,13.602
17.912,14.821
25.568,14.267
22.516,12.526
23.985,12.037
23.184,14.415
24.021,11.071
30.857,11.632
27.889,13.655
22.558,14.956
23.912,14.887
29.514,14.302
23.145,12.684
25.988,11.021
22.2,13.788
25.14,13.794
24.507,14.728
23.135,14.644
24.273,13.2
24.951,12.665
23.086,12.38
26.583,14.697
24.471,16.287
25.342,15.856
22.098,15.756
20.564,11.461
23,13.961
23.314,16.449
21.769,15.94
24.153,15.231
23.108,15.279
21.933,15.619
20.905,15.627
18.271,14.004
23.496,13.082
22.138,10.532
24.454,11.719
24.56,15.022
24.899,13.725
23.304,13.63
20.553,12.983
22.135,14.299
23.762,15.42
21.8,14.006
23.426,13.728
25.955,15.433
27.59,14.436
23.977,14.655
20.064,13.166
24.002,13.778
26.49,13.206
24.805,13.362
24.644,14.136
22.495,12.371
25.459,13.9
25.906,14.645
24.663,15.021
27.066,13.646
19.386,13.471
23.08,12.179
22.133,14.671
24.268,14.698
23.288,11.759
26.747,13.912
19.377,12.105
27.656,12.069
21.978,14.908
22.31,13.786
23.012,14.005
24.527,13.472
27.342,14.09
23.597,14.147
23.845,14.681
30.118,14.533
26.741,13.937
23.971,14.957
22.511,14.009
21.198,13.24
25.464,13.681
25.551,14.562
30.375,14.213
24.247,15.041
26.075,14.815
23.685,13.864
18.571,10.015
20.476,9.709
23.703,10.435
22.134,10.832
26.244,13.94
24.918,14.083
25.766,15.029
25.535,14.688
28.121,14.261
26.038,13.898
29.607,12.755
28.981,12.227
22.262,13.816
19.151,13.326
24.872,12.355
23.935,13.368
27.582,13.378
26.416,12.268
29.222,7.836
28.603,6.349
28.503,8.133
27.708,9.355
27.967,11.269
28.02,12.173
27.08,12.44
28.709,9.45
28.686,8.262
28.156,7.672
27.55,8.02
28.071,9.213
28.048,9.718
28.32,8.714
28.608,7.484
27.181,9.069
26.192,11.028
26.472,11.904
26.658,10.499
27.748,10.348
27.389,9.514
27.845,10.692
27.844,9.5
27.332,9.309
26.067,12.119
27.702,11.161
27.771,9.3
27.851,9.972
27.31,10.965
17.244,13.57
20.896,13.909
20.203,12.561
23.01,10.481
22.429,12.669
25.778,12.362
26.24,10.239
26.976,9.538
24.422,11.419
27.514,11.089
26.578,10.791
26.932,10.289
26.796,10.147
26.921,9.696
27.254,11.572
25.829,11.561
25.99,12.046
27.39,7.606
27.424,6.171
26.824,6.517
26.679,6.252
26.127,6.389
27.143,6.48
27.642,6.296
26.421,9.368
25.598,10.115
22.871,12.737
23.615,13.325
23.844,14.307
20.937,11.34
26.188,13.015
26.994,9.691
24.577,11.216
23.14,13.754
25.22,14.38
25.406,12.872
26.599,11.116
25.971,11.648
25.649,8.516
25.54,7.218
26.648,7.645
26.27,9.003
27.268,10.218
23.33,9.021
25.439,8.746
24.503,11.354
26.39,13.015
24.37,12.826
26.244,11.219
27.262,9.813
26.219,10.573
28.487,10.149
28.504,8.347
26.906,9.652
28.786,9.142
29.42,7.116
29.339,5.959
27.392,7.686
26.328,8.672
27.262,10.742
27.633,10.184
28.051,8.362
28.196,7.204
28.565,6.458
28.967,7.754
28.911,7.637
29.28,7.521
28.204,8.624
28.845,9.799
29.014,10.298
29.254,9.212
29.123,8.571
28.247,7.864
30.087,6.234
29.747,7.398
28.384,8.966
28.906,7.783
29.929,7.054
29.267,8.3
29.373,8.807
27.832,10.101
26.276,15.295
23.315,13.65
22.811,13.589
25.247,11.434
26.74,10.182
20.792,8.399
27.049,9.619
22.405,11.141
26.386,9.642
27.677,9.771
27.286,10.613
27.716,10.21
25.27,10.794
28.783,10.458
26.232,10.439
29.07,10.73
29.421,13.078
26.899,14.077
23.061,12.541
27.143,12.428
26.529,14.969
25.007,12.356
24.944,10.581
28.827,8.939
26.732,11.429
28.018,9.364
27.006,10.731
29.427,8.813
26.492,11.738
30.613,12.133
30.735,8.972
29.152,8.583
26.549,12.858
24.488,15.409
26.657,14.664
26.513,15.892
26.223,15.046
29.48,13.75
26.661,14.039
26.213,11.51
24.994,11.273
25.908,11.486
25.613,13.031
22.565,11.712
25.498,14.55
25.552,15.156
27.798,15.022
27.692,13.672
28.837,14.894
27.865,14.981
27.58,15.631
29.823,15.561
26.444,15.549
23.958,13.849
27.481,14.22
24.324,14.286
25.677,13.964
27.659,14.642
25.886,14.924
26.912,14.547
20.763,14.785
25.09,14.005
28.012,13.33
29.853,13.78
29.238,13.678
27.041,14.692
26.139,14.318
27.998,14.181
28.428,14.353
26.692,13.966
29.609,14.035
25.241,14.027
24.261,13.632
24.365,13.455
25.978,13.644
29.145,12.681
30.426,11.681
29.067,12.212
28.81,12.585
29.907,11.4
30.005,12.305
26.769,14.209
24.786,14.084
28.749,14.45
26.257,14.398
30.158,13.182
30.64,13.25
29.811,14.446
27.377,14.325
25.147,13.278
26.313,13.673
26.39,14.356
28.88,14.108
25.145,13.092
28.379,12.738
24.378,14.251
20.459,12.976
19.812,14.149
23.34,13.981
26.81,12.855
27.857,12.007
26.724,13.96
26.414,13.347
26.882,13.803
26.533,13.697
24.826,13.165
26.308,14.237
25.84,14.882
27.323,14.463
23.915,14.666
24.7,14.325
23.187,12.598
21.914,12.464
27.481,13.567
24.601,13.863
23.532,13.642
22.146,13.455
25.68,14.165
26.162,14.645
22.943,14.419
25.132,13.939
23.269,14.343
24.904,14.556
23.025,14.835
16.62,11.995
20.674,12.818
25.171,13.559
23.766,14.5
23.127,14.515
26.686,13.6
23.045,14.581
15.797,13.346
19.422,13.925
24.705,12.966
22.184,15.501
16.933,9.734
21.128,10.514
23.482,13.452
24.314,14.233
21.261,13.914
17.058,14.341
20.68,13.894
23.575,13.988
20.508,13.813
18.813,11.796
24.548,12.646
24.477,12.194
23.836,11.265
24.813,13.76
27.434,13.039
23.64,14.6
20.89,14.632
23.764,13.882
20.884,13.686
25.838,15.107
27.275,15.23
25.852,14.55
25.575,14.399
18.004,15.11
25.662,15.28
22.558,14.871
28.345,13.759
22.732,14.85
25.474,12.691
23.489,14.17
23.08,14.964
21.87,13.744
23.63,13.264
19.368,14.588
22.981,12.374
23.061,13.722
20.128,14.44
22.713,14.754
28.148,13.615
23.787,14.677
29.009,13.324
25.03,15.096
18.804,15.038
22.99,14.289
21.192,15.203
26.108,14.705
21.571,14.122
20.938,13.757
19.703,13.54
17.693,7.928
21.099,9.744
27.061,12.328
24.144,14.961
22.534,14.841
23.637,13.954
20.345,14.488
27.082,12.052
27.265,13.175
27.888,14.382
22.011,14.468
22.664,13.107
25.715,12.479
21.279,13.342
21.845,13.563
19.629,12.862
20.882,11.626
23.002,10.752
20.701,12.038
22.527,12.42
25.783,13.061
23.071,13.042
27.824,13.838
24.714,13.899
20.461,14.337
22.239,13.294
28.748,10.033
31.527,7.315
30.752,14.816
22.876,15.108
23.603,12.356
29.951,14.785
23.211,13.898
21.513,12.169
24.327,13.28
19.029,13.477
24.044,12.896
25.91,14.654
28.928,13.247
23.632,14.684
25.048,14.253
21.317,14.694
23.289,13.095
22.746,14.558
24.553,14.308
29.069,14.062
23.438,11.119
25.432,12.609
22.198,13.503
25.455,11.186
23.207,9.439
18.803,13.622
19.363,8.263
24.939,8.88
22.676,8.719
22.806,13.058
22.822,10.708
21.903,9.124
26.492,13.718
22.622,12.638
25.517,13.896
25.652,14.42
24.514,14.013
21.423,13.857
21.65,12.798
22.962,13.571
24.727,13.108
26.436,13.843
24.253,12.691
24.23,11.122
24.318,12.807
28.275,12.803
27.666,11.824
23.822,11.674
22.9,13.148
19.705,13.447
21.971,12.293
22.588,13.148
22.071,13.708
21.036,12.67
22.456,13.361
16.445,13.765
21.868,13.554
25.851,13.234
27.273,11.198
26.526,10.964
24.39,12.911
22.092,13.333
22.73,13.744
21.39,11.619
24.657,12.95
20.079,12.132
22.849,12.483
21.321,12.516
24.41,13.055
26.289,9.98
25.947,8.671
26.864,9.641
25.421,11.336
25.428,11.25
26.468,10.567
25.826,9.409
25.318,8.549
23.862,11.312
26.406,10.156
23.755,11.761
24.141,11.393
21.196,9.856
25.198,10.217
26.765,11.085
25.409,10.393
26.221,8.57
25.111,9.376
25.671,9.669
24.807,12.517
24.789,11.453
25.903,11.117
27.077,11.523
27.446,10.056
26.909,10.502
26.895,11.716
27.247,9.603
24.276,12.401
20.462,11.508
21.228,7.822
26.132,6.79
27.926,7.983
27.228,7.478
26.675,10.116
27.788,9.635
27.904,6.55
25.622,7.363
25.176,7.696
19.387,7.977
21.046,9.069
23.355,8.355
18.956,9.604
25.208,10.428
23.322,9.963
23.514,10.085
22.907,7.206
25.168,7.951
19.885,10.516
25.082,10.046
27.175,7.84
25.985,7.422
28.325,7.253
27.195,8.133
25.345,9.054
25.311,8.322
25.749,8.816
26.857,7.918
24.863,8.829
25.013,7.44
26.764,7.583
20.838,10.03
26.542,14.609
27.014,14.565
26.85,14.667
26.89,13.273
27.416,10.94
27.702,10.494
27.807,9.809
25.826,13.166
27.186,10.055
28.859,7.508
28.731,6.977
27.501,6.887
27.578,8.444
28.172,8.286
26.065,10.13
23.039,9.452
27.281,9.584
18.063,12.129
27.286,12.07
22.303,10.658
27.332,10.237
27.323,10.441
27.616,9.914
28.568,8.984
28.696,9.976
27.79,8.866
28.816,6.477
28.846,5.139
29.272,7.274
29.103,8.978
27.979,10.946
28.557,10.137
29.518,8.124
29.462,6.403
29.793,7.269
29.736,6.134
29.445,8.061
29.137,9.515
28.592,9.376
27.195,12.757
29.305,11.115
29.976,8.373
30.187,5.746
29.988,6.611
29.764,6.977
30.128,7.704
29.985,8.481
28.219,13.642
25.714,14.027
27.458,14.816
25.037,14.935
24.505,14.453
24.035,13.092
25.464,13.621
22.453,11.569
25.064,10.617
27.75,11.612
28.169,12.481
26.82,12.758
25.009,12.902
23.963,12.094
27.375,13.267
21.085,14.119
28.446,12.522
28.34,10.786
30.014,9.379
29.493,9.715
29.386,10.391
28.944,12.228
29.717,12.644
30.17,12.541
28.175,12.421
28.164,12.468
26.864,14.459
29.31,11.27
29.859,8.218
29.405,5.548
29.836,6.354
29.439,8.81
29.363,11.9
27.699,11.72
26.385,12.581
27.511,13.242
27.212,14.726
26.475,14.268
29.394,13.45
29.135,13.382
28.943,14.003
28.48,12.377
30.376,9.108
29.296,9.377
27.654,11.377
24.519,14.085
23.836,13.016
24.674,13.918
26.732,13.14
25.608,13.629
28.141,13.566
30.873,11.926
30.784,10.82
30.382,10.258
29.578,9.867
29.568,8.666
28.089,8.988
28.984,8.56
29.328,8.764
27.309,13.446
29.625,14.311
30.079,14.151
30.603,14.482
30.046,14.223
26.768,14.097
21.834,13.814
23.445,12.793
25.403,12.557
25.691,13.236
29.427,12.422
29.79,12.677
27.755,13.884
26.514,14.454
25.225,14.726
26.872,14.503
25.066,14.299
28.384,10.975
29.407,10.047
26.425,12.835
24.684,14.277
25.572,12.398
25.169,14.361
23.765,10.253
24.87,11.149
24.786,13.597
21.905,10.919
24.168,12.738
22.741,10.655
26.221,10.039
23.059,11.136
24.539,12.879
25.688,13.345
23.837,14.415
24.582,13.168
18.384,6.566
28.105,8.01
30.341,13.184
23.634,13.311
24.962,7.818
33.945,6.283
26.153,12.128
26.381,14.305
24.97,14.274
24.931,13.848
26.073,14.636
24.14,13.895
24.682,12.901
19.645,12.904
27.345,10.566
24.921,12.439
27.293,12.653
25.29,11.836
27.119,12.789
24.537,13.327
25.055,12.981
25.162,15.024
24.351,13.623
24.159,13.399
23.211,12.411
28.528,12.557
22.689,10.889
25.284,11.046
17.176,12.123
22.599,10.757
25.793,9.368
20.203,9.82
30.216,9.344
22.408,12.466
25.845,11.116
23.54,15.011
23.018,15.462
22.77,13.985
23.002,15.088
19.818,12.798
19.411,11.299
17.705,8.833
18.549,9.908
28.296,10.957
22.509,12.815
24.457,10.143
23.147,10.415
24.555,11.89
26.742,12.854
23.523,13.072
23.716,13.76
23.368,11.136
22.12,11.507
24.371,13.014
23.777,13.912
20.116,14.424
27.243,13.513
23.507,11.89
22.827,12.838
26.288,12.873
22.594,12.634
25.057,13.344
21.578,13.923
21.68,9.415
23.461,8.52
22.939,12.505
22.459,14.947
23.751,15.552
26.944,15.067
23.22,14.687
24.559,14.493
22.214,14.496
24.855,14.609
26.055,13.812
21.889,13.669
24.06,13.402
26.889,13.038
24.553,14.537
22.108,13.589
21.152,12.653
21.724,14.42
19.662,14.954
19.011,14.045
19.875,13.026
23.402,13.631
22.195,13.499
22.662,13.148
23.298,12.351
23.377,13.275
18.799,12.981
24.991,13.165
26.914,14.147
26.664,14.251
24.622,13.637
26.896,13.849
28.007,14.563
20.704,13.154
23.107,14.866
30.054,13.654
20.931,12.486
25.51,10.888
25.167,13.785
19.055,10.745
30.081,10.56
24.623,14.526
23.793,14.757
25.916,14.247
25.689,12.686
25.688,12.945
21.21,14.744
18.907,14.47
22.906,14.144
22.231,14.185
17.662,9.62
26.76,10.474
30.971,12.092
21.958,11.819
26.883,12.098
22.83,14.845
22.801,14.104
22.982,10.988
24.416,10.043
23.121,12.709
19.455,9.262
23.161,10.641
23.93,9.486
23.713,9.448
27.462,9.413
20.521,12.306
22.438,14.19
22.616,10.975
26.457,9.902
19.803,14.239
22.378,11.63
26.486,11.868
25.307,13.562
28.621,13.417
22.711,12.437
26.922,12.23
26.451,13.262
29.038,11.068
28.574,12.025
24.225,11.197
22.902,13.791
20.973,11.823
22.552,12.588
20.038,13.602
21.785,13.857
19.591,12.549
24.048,12.442
26.662,13.786
21.286,12.646
20.136,13.891
22.393,12.313
25.104,12.283
20.492,13.854
22.518,13.493
24.487,13.453
16.962,13.741
26.088,12.374
23.925,13.206
25.338,12.924
17.944,12.7
24.623,13.559
24.369,11.666
24.233,12.104
23.359,13.126
25.63,12.302
15.64,11.51
24.267,12.881
26.214,11.659
26.597,11.133
25.224,12.511
24.539,12.983
23.914,12.294
26.617,9.676
25.78,9.18
25.275,9.876
21.198,9.344
24.582,8.439
22.436,10.08
24.881,10.806
24.735,12.045
24.652,12.639
26.386,13.032
25.2,13.745
24.643,13.637
26.803,12.072
26.627,9.683
23.177,10.179
26.907,9.742
27.025,10.826
25.723,10.13
26.7,11.151
26.573,9.492
26.748,7.482
26.94,6.084
26.921,5.48
26.708,5.538
27.137,6.885
27.182,7.817
26.817,7.597
26.227,9.248
27.337,10.89
28.041,11.556
27.776,13.006
28.348,12.072
28.408,10.333
26.94,10.19
24.408,9.394
26.635,8.323
26.432,7.751
26.747,7.841
27.028,8.345
26.489,7.845
26.319,9.207
26.222,10.021
26.322,8.63
22.498,9.918
26.633,8.05
26.37,10.336
21.356,11.97
25.948,8.867
26.614,10.112
26.117,14.006
24.75,9.965
25.479,9.8
25.58,10.476
23.531,7.156
25.516,6.395
27.747,5.748
27.531,9.609
27.717,8.339
27.978,10.574
26.418,10.059
27.394,9.59
28.523,10.012
28.964,9.022
26.7,11.49
27.014,10.428
29.103,9.895
29.026,8.721
30.122,5.156
29.92,6.001
30.212,5.69
30.173,7.26
29.783,5.568
29.535,5.052
28.897,6.416
29.002,6.791
29.351,7.388
28.54,8.471
27.979,10.624
24.725,12.343
29.124,11.13
28.633,9.91
29.388,10.453
29.788,10.977
29.424,9.766
29.287,9.264
29.698,8.744
24.466,8.632
27.04,9.182
28.591,10.961
21.903,15.03
22.269,14.445
24.019,10.981
28.941,11.001
28.015,10.108
28.954,9.663
28.939,9.557
28.969,9.741
29.286,7.336
29.181,5.904
28.779,6.978
29.38,9.152
26.167,9.548
29.806,7.505
29.9015,7.558
29.997,7.611
30.555,7.437
30.339,7.742
30.228,10.251
30.805,10.105
31.134,10.568
30.287,10.388
29.775,11.962
23.455,12.1
22.228,11.1
27.3,11.017
27.708,12.326
29.54,11.973
30.053,11.669
31.035,9.893
30.765,9.872
30.697,9.545
30.906,8.151
30.47,7.447
30.398,11.375
27.177,12.652
29.58,11.42
31.409,10.124
30.888,10.423
29.769,11.422
26.612,12.262
31.099,13.253
30.273,12.885
30.031,13.133
28.337,15.261
27.209,14.045
26.197,13.806
25.935,15.039
26.69,14.563
23.01,14.204
25.407,13.398
25.079,12.828
26.198,12.792
30.299,11.782
29.217,11.239
25.832,12.604
28.103,14.027
27.28,13.993
27.762,14.157
27.182,14.211
23.737,12.67
26.809,12.672
25.666,13.716
24.58,13.216
23.454,12.953
26.812,12.008
27.479,13.278
29.312,12.816
28.794,12.716
30.896,12.374
30.206,13.904
30.343,11.975
29.795,11.503
28.561,13.283
28.315,14.395
28.8,14.274
26.916,14.393
28.481,14.108
21.983,13.397
25.907,13.912
23.929,13.847
25.815,14.575
25.54,14.349
26.04,14.391
27.562,13.615
25.43,14.382
25.664,14.632
23.901,13.725
26.586,14.666
24.678,14.765
21.748,14.422
26.65,13.964
19.967,13.173
23.644,14.506
28.472,14.213
26.249,12.576
28.745,14.609
31.387,13.812
24.656,14.923
24.547,14.358
23.94,13.667
23.783,14.378
25.092,11.409
26.333,11.372
25.564,14.125
25.081,14.635
26.074,13.082
25.764,13.424
25.718,13.8
22.973,14.674
25.202,13.656
23.785,14.454
16.997,10.497
23.132,12.295
29.197,13.31
17.298,13.414
16.173,10.296
29.643,8.972
24.894,13.979
30.885,13.813
26.597,13.925
24.177,15.132
19.967,10.648
25.477,13.99
21.824,15.273
17.639,13.493
29.129,13.101
28.727,13.986
24.589,14.213
18.413,13.899
22.34,13.852
25.518,13.807
24.248,13.638
24.517,14.722
22.11,14.831
25.226,14.03
26.099,13.026
23.052,15.875
17.945,14.956
21.618,15.019
23.831,14.551
25.246,15.569
25.905,15.576
25.307,15.646
24.339,15.189
25.08,14.964
20.612,15.029
21.672,13.318
21.818,13.152
19.366,13.653
23.801,13.267
23.576,14.633
20.003,12.06
21.886,12.888
23.734,14.532
24.916,13.71
26.93,12.825
18.808,13.402
21.713,9.978
22.331,9.748
26.718,8.839
22.618,11.74
25.654,12.584
21.325,11.945
25.774,14.27
22.357,13.487
21.931,11.302
21.961,13.859
22.18,15.079
26.144,14.428
20.346,15.304
21.365,15.566
22.956,14.389
24.182,14.721
22.655,13.678
22.172,14.924
24.289,14.115
22.691,13.403
25.973,13.889
19.347,11.124
25.286,11.788
23.136,14.558
27.363,14.675
21.934,11.911
23.534,11.984
21.92,15.402
24.769,15.213
24.738,13.31
27.142,14.42
21.282,13.119
24.57,12.87
19.853,12.95
25.906,13.64
23.351,14.094
22.705,13.283
24.255,13.935
22.271,13.271
23.413,12.797
27.481,14.757
21.502,14.688
22.167,14.136
23.422,11.592
25.236,11.858
20.779,14.138
19.449,13.956
22.258,11.019
25.52,10.601
24.023,9.404
21.934,13.69
23.219,12.922
21.084,12.767
24.211,13.655
25.782,12.484
26.463,12.512
25.863,13.698
29.202,13.009
23.156,13.422
16.662,10.897
28.108,10.282
22.164,10.364
25.964,13.698
20.933,9.633
23.512,10.025
23.582,12.675
21.114,12.32
22.348,9.584
28.532,10.191
28.552,13.095
28.635,14.799
25.576,14.694
20.758,9.91
25.519,9.953
23.698,14.665
24.485,13.42
23.66,13.745
21.319,12.893
24.76,13.203
22.508,12.44
22.971,12.498
26.073,13.14
28.183,9.082
28.593,8.458
29.374,9.258
28.642,7.121
28.314,6.812
28.284,8.316
28.096,9.913
28.103,11.052
27.422,11.029
27.78,10.597
27.802,12.319
28.181,10.748
27.195,9.195
27.649,8.603
27.603,12.376
28.167,11.575
28.144,11.828
27.839,11.345
28.5,11.144
26.374,11.122
27.953,9.995
28.273,10.677
27.906,10.098
27.331,8.818
27.682,10.096
27.59,7.845
27.385,9.117
27.102,8.501
26.676,9.822
26.283,10.873
27.418,10.641
28.027,9.039
28.25,7.355
28.11,6.729
28.125,8.912
28.2,8.93
27.934,7.877
26.297,9.42
26.323,10.643
27.361,9.211
27.585,9.109
27.629,8.82
27.397,9.117
26.504,9.033
26.961,8.609
24.801,8.22
25.679,7.767
22.578,9.768
25.07,7.905
24.687,7.909
22.427,10.385
19.679,12.594
22.872,10.663
23.975,11.263
22.481,11.926
23.365,12.428
26.248,12.27
27.043,10.161
27.296,8.58
27.459,7.507
25.504,8.13
26.944,8.661
27.592,8.446
27.056,9.723
27.489,9.533
27.898,10.156
28.721,8.587
28.163,7.76
27.745,8.886
27.97,7.382
28.225,6.064
29.007,7.73
29.311,6.453
29.758,5.593
29.297,5.57
28.14,5.569
28.364,7.286
28.323,6.491
28.757,6.406
27.763,7.424
28.096,7.616
29.02,6.953
28.914,5.772
28.314,9.181
27.779,9.913
28.645,11.103
28.885,10.512
27.015,10.9
27.282,10.33
29.559,5.95
30.043,2.432
29.474,3.17
29.676,6.233
30.122,6.612
29.167,7.877
27.007,13.37
25.361,11.451
28.009,12.494
19.974,14.21
28.449,11.935
27.283,12.437
27.248,11.117
24.441,11.468
25.98,13.209
24.614,10.585
27.854,10.13
26.901,10.399
26.782,11.114
27.838,13.004
28.077,12.362
25.289,10.397
23.263,12.097
26.681,10.765
25.985,9.229
28.83,7.816
18.632,13.285
28.672,11.312
25.187,12.738
20.146,13.187
27.896,10.593
26.697,9.664
27.525,13.859
29.364,12.021
27.584,10.257
27.706,11.979
29.91,12.456
25.057,12.557
29.515,13.861
23.695,12.441
23.437,13.5
28.92,14.208
29.411,12.32
30.228,11.287
30.917,9.89
30.874,9.796
30.988,12.364
30.753,12.087
26.217,14.011
26.622,12.343
28.024,11.624
30.235,11.857
28.132,12.299
30.152,11.685
30.093,11.895
32.078,8.678
33.051,8.18
33.17,9.061
32.787,9.767
31.385,10.795
28.238,13.243
30.69,12.946
29.77,13.046
29.734,13.529
26.196,13.134
28.613,13.657
31.989,12.298
32.57,10.396
33.187,10.365
30.851,12.456
25.897,14.532
28.403,13.409
30.808,12.501
31.397,13.185
32.691,12.068
31.693,13.017
28.299,15.502
24.809,15.087
27.836,15.473
22.109,15.278
24.097,14.49
27.554,14.239
27.192,13.698
27.748,14.101
30.958,12.909
31.023,12.901
24.091,13.789
24.084,14.217
26.516,14.301
28.575,13.213
26.777,13.076
25.07,14.356
26.84,13.015
26.325,13.733
26.597,12.785
25.74,12.342
25.544,13.28
26.363,14.343
27.462,13.95
26.758,13.609
29.034,14.086
28.615,14.171
26.771,14.579
25.639,14.282
29.115,14.17
25.398,13.413
28.451,14.266
25.087,12.972
26.534,13.96
24.034,14.583
24.156,14.167
24.663,14.215
22.801,13.958
21.515,14.281
25.371,13.986
26.889,14.995
30.333,13.522
27.161,14.909
25.44,14.147
25.142,14.838
24.79,15.177
19.983,14.379
22.261,14.53
19.909,13.103
25.724,14.561
27.97,15.055
28.593,14.61
18.977,13.257
28.557,14.077
29.258,14.079
24.897,14.336
23.867,14.022
27.883,13.743
25.849,12.762
32.024,10.174
33.742,10.855
29.195,13.924
25.77,13.14
28.755,14.412
32.074,15.104
29.616,14.814
24.348,14.992
25.958,14.53
26.823,14.573
28.934,15.228
26.921,14.385
26.677,14.976
26.141,15.172
24.062,14.962
24.006,13.07
28.206,14.529
16.375,12.689
25.568,10.26
25.525,11.437
29.989,11.347
24.461,12.044
30.83,13.926
26.068,15.648
23.157,16.372
23.727,15.739
24.35,11.223
26.762,10.311
24.629,11.344
21.259,8.76
27.279,9.07
24.146,14.999
22.882,13.609
24.702,14.19
24.889,14.498
22.511,15.009
22.927,15.168
26.329,14.634
26.109,14.8
23.014,14.165
23.722,15.216
24.667,15.076
22.823,14.892
22.615,14.946
23.346,14.648
20.681,10.215
26.658,9.507
22.041,12.51
25.796,12.736
27.13,14.045
18.689,15.761
26.564,14.365
22.28,16.068
23.854,15.217
21.355,15.285
21.473,15.559
17.684,11.827
20.396,12.455
21.246,14.237
26.101,14.224
23.227,15.901
22.12,16.14
24.584,15.173
24.476,15.08
22.73,15.842
18.585,14.893
20.91,14.613
22.7,14.425
19.725,10.698
26.377,10.106
19.293,15.34
21.338,14.48
27.968,14.082
18.842,14.159
22.045,13.727
19.802,13.932
23.995,13.14
24.998,10.38
27.162,10.636
19.798,14.298
21.701,14.045
23.041,9.126
24.876,9.657
22.009,14.695
18.119,11.184
25.234,12.487
20.185,14.29
19.93,13.079
25.009,13.612
21.124,10.518
25.757,13.112
24.681,14.458
22.404,14.586
26.037,14.415
24.067,10.921
25.586,10.515
25.385,14.576
24.613,14.771
23.452,14.831
24.947,13.302
24.257,14.654
24.216,14.378
23.747,14.853
23.24,15.08
25.146,12.255
25.442,12.047
24.144,13.709
21.154,10.712
25.524,12.092
22.131,12.694
25.34,10.272
27.52,10.929
19.672,13.837
25.532,14.696
24.938,12.853
25.247,12.152
27.275,12.902
24.942,14.977
28.719,14.463
31.383,14.287
25.738,14.73
23.923,13.885
24.31,14.834
24.672,14.766
27.997,13.693
29.626,13.457
28.98,14.617
23.826,14.083
25.694,12.885
27.51,11.522
30.733,11.316
29.767,12.727
29.19,13.439
23.44,14.439
23.015,13.765
24.139,13.615
22.662,12.49
23.034,14.207
28.909,8.928
28.938,8.374
29.59,10.208
29.25,7.616
28.629,6.728
28.411,6.517
25.25,11.691
24.592,12.939
22.235,11.475
26.164,13.074
24.354,13.525
24.442,13.347
20.739,12.839
20.485,12.948
25.117,12.123
18.571,13.983
23.055,13.864
22.922,14.41
21.199,13.615
25.488,10.882
26.929,10.116
26.379,10.536
21.494,12.232
27.39,11.977
27.258,9.43
27.043,7.657
27.321,9.01
28.556,9.056
27.724,7.882
27.204,6.746
26.192,6.511
26.398,6.698
26.655,5.2
26.472,5.729
25.924,7.026
26.547,11.013
25.373,13.172
27.056,11.192
27.473,9.14
22.259,13.307
23.228,12.017
24.64,9.646
27.056,9.223
26.709,8.757
27.273,9.42
24.814,11.747
26.486,10.84
24.008,13.449
23.452,13.663
26.875,13.955
24.257,13.196
26.799,10.843
27.027,9.684
27.098,9.952
25.294,12.222
27.697,10.187
26.945,9.02
27.24,9.981
27.09,9.866
26.612,10.514
23.041,12.065
18.542,13.291
26.897,11.567
27.636,10.664
25.749,11.239
25.864,12.34
28.009,10.763
27.979,7.88
27.813,6.8
27.548,8.243
27.871,9.012
27.533,9.954
25.274,13.556
25.668,11.197
27.063,9.714
26.968,9.633
28.227,7.924
27.446,7.7
27.375,10.501
28.225,10.079
26.411,12.206
27.963,11.049
28.48,9.541
28.622,8.69
27.971,8.14
25.177,15.554
25.545,14.286
26.825,15.277
27.471,15.766
24.813,18.129
25.486,18.382
24.928,18.084
25.384,17.603
26.163,18.701
26.884,17.765
26.735,15.591
26.75,13.876
27.682,13.691
25.617,15.337
24.383,18.459
22.974,18.915
26.428,18.456
27.023,17.08
28.959,15.277
30.448,15.246
31.087,18.022
30.245,18.564
31.275,17.517
31.059,15.788
31.837,15.958
31.351,16.528
30.917,16.808
31.814,18.373
31.98,18.372
31.379,15.716
31.598,18.726
26.978,15.708
32.002,16.29
31.611,20.164
31.553,19.155
31.092,19.095
32.082,16.873
33.102,16.253
33.22,15.676
33.811,15.98
33.977,16.602
33.864,16.691
33.39,17.036
33.668,17.204
34.664,16.938
34.96,17.259
34.241,15.508
33.186,15.495
34.446,18.542
33.194,18.791
34.478,16.977
34.374,19.162
34.575,19.785
34.743,19.809
33.756,20.603
33.983,19.423
34.014,17.753
33.238,19.147
33.423,19.972
34.484,19.841
33.555,19.971
33.313,20.375
33.415,21.105
32.865,20.603
31.517,20.657
30.78,17.808
33.167,17.729
33.682,19.659
33.959,20.559
32.75,20.739
31.484,19.049
34.841,19.168
35.222,19.355
35.276,17.681
34.409,17.537
35.548,18.428
34.818,19.631
35.389,19.827
34.501,20.213
35.605,23.171
35.514,22.425
35.336,22.189
37.475,20.539
36.149,21.921
29.556,21.246
34.017,21.667
32.573,22
23.33,20.498
22.786,19.856
22.284,19.215
22.928,19.017
24.131,19.146
21.315,19.058
26.685,18.404
27.428,18.812
27.325,17.782
27.51,18.556
27.644,18.473
28.109,17.383
28.402,16.207
29.005,16.914
29.559,16.867
25.498,20.155
26.426,19.963
22.918,19.886
21.752,18.866
25.198,19.823
26.396,19.48
23.571,18.985
23.382,19.021
23.445,19.903
21.435,19.597
27.224,19.579
28.908,18.471
30.555,16.761
30.148,15.205
30.322,16.964
28.894,17.599
23.74,19.44
23.783,19.153
23.762,19.222
27.771,19.395
23.638,19.448
25.051,19.338
24.166,20.231
20.557,17.947
19.722,17.094
26.437,16.63
25.86,17.994
24.162,19.127
25.469,19.967
24.569,18.511
24.352,19.409
24.432,19.508
25.111,19.423
26.158,19.592
24.126,18.261
26.245,18.16
26.227,17.232
25.114,19.008
25.187,18.277
23.121,18.644
24.512,18.234
24.529,17.697
25.981,18.004
26.841,16.92
26.915,18.355
24.069,18.95
25.689,18.225
26.03,18.181
25.81,18.21
25.107,18.819
24.949,18.677
25.667,17.585
27.336,16.696
27.685,17.793
27.898,18.798
28.117,18.183
26.62,17.602
21.758,18.171
25.36,17.571
25.275,16.795
25.597,16.402
25.188,16.781
24.912,16.98
25.926,16.954
23.509,17.846
26.594,17.7
22.203,17.491
27.576,16.224
27.96,15.331
27.389,17.302
26.926,17.606
26.341,16.597
25.759,16.449
25.713,16.576
25.561,16.095
25.984,16.287
24.54,17.46
25.706,17.631
24.14,18.509
25.629,17.991
24.626,18.308
24.174,17.466
22.455,16.672
21.874,17.338
25.122,16.906
25.494,16.905
25.11,16.437
23.842,17.806
21.339,16.568
18.236,15.257
20.564,15.331
24.527,15.207
25.649,15.998
24.152,16.6
25.057,18.089
24.865,18.36
24.868,18.639
24.35,18.098
21.791,16.921
24.851,15.835
24.583,16.533
24.89,16.196
23.893,16.492
23.514,15.554
24.85,15.052
19.049,15.04
23.112,14.995
22.502,15.673
23.684,16.062
23.829,17.113
23.508,18.105
24.109,18.327
22.228,18.444
22.356,18.888
20.907,18.635
24.299,18.186
23.204,18.55
25.039,18.03
25.918,17.556
22.888,18.238
20.548,16.696
23.129,15.297
21.554,15.424
24.231,15.778
24.962,15.481
24.738,15.249
20.714,15.302
22.97,15.051
25.16,15.759
22.946,17.332
25.802,16.701
22.299,17.062
26.024,15.88
26.221,15.921
24.648,18.519
22.757,18.002
19.078,15.849
24.931,14.683
24.884,15.295
25.648,15.071
25.869,16.241
25.467,16.175
24.827,15.237
25.274,15.6
25.541,17.144
26.448,16.421
25.883,15.713
25.153,15.523
19.026,15.84
24.197,15.215
25.916,15.712
26.306,15.645
27.184,15.709
27.914,16.821
26.49,17.041
27.776,15.733
28.797,16.552
30.061,16.944
30.101,19.569
27.014,19.684
22.898,18.405
19.877,16.918
24.269,16.213
20.608,16.253
19.183,16.929
23.237,16.756
25.122,17.15
25.818,16.503
26.958,17.747
27.56,16.326
27.524,16.466
25.896,18.139
23.156,18.117
28.065,17.737
28.64,18.335
29.761,18.494
27.239,18.786
29.399,18.83
26.206,18.801
27.917,17.907
25.382,18.133
27.225,18.901
28.906,17.628
30.385,16.162
30.924,16.161
30.534,17.414
31.871,18.692
29.132,20.654
31.993,20.312
32.031,18.597
29.965,20.289
27.674,19.629
22.951,19.419
28.015,19.04
30.221,18.447
28.791,20.269
25.498,18.084
22.691,18.331
29.065,17.958
27.893,18.65
24.547,19.651
26.851,16.647
28.255,16.187
21.019,17.792
25.606,16.768
27.022,17.086
26.083,18.747
23.268,19.56
20.925,18.578
26.571,18.53
22.012,18.305
26.325,16.738
26.279,17.128
23.303,18.93
24.487,18.418
24.717,17.897
25.745,16.523
26.459,14.991
26.785,14.934
26.789,16.504
26.841,16.774
27.202,16.992
22.893,17.855
26.464,17.87
26.65,19.763
27.502,19.524
26.561,15.745
27.824,14.498
26.25,17.748
25.387,16.522
27.462,17.304
27.855,17.053
26.069,15.146
26.628,15.329
27.941,17.703
26.839,17.417
27.599,15.997
27.261,15.177
27.626,17.748
27.677,16.717
28.077,16.299
28.511,14.874
28.227,16.105
26.362,17.647
28.373,19.223
22.257,18.522
21.743,17.725
25.81,16.797
25.681,16.385
22.846,16.407
24.602,15.258
23.968,15.209
25.244,13.88
25.664,16.382
25.795,16.847
25.339,18.6
22.886,19.011
22.898,18.804
25,17.666
25.443,16.351
26.697,16.334
26.422,16.469
26.865,15.325
26.531,14.029
26.861,13.798
26.781,12.243
27.162,12.748
27.646,12.765
28.755,13.191
28.406,13.635
28.356,13.924
29.418,15.511
29.548,14.383
28.018,16.037
25.88,18.901
23.362,19.617
25.855,18.982
28.304,18.54
28.63,18.569
29.044,18.94
26.845,16.834
27.807,16.657
25.431,18.057
27.443,16.398
28.942,15.955
29.287,14.805
29.823,13.933
31.353,14.117
32.266,14.482
32.499,15.854
33.675,15.114
33.297,15.84
33.49,15.643
33.737,15.714
33.332,16.41
33.212,15.481
33.555,17.5
33.084,17.883
33.288,16.928
31.489,17.797
33.652,16.427
34.266,17.02
33.519,16.646
33.975,16.928
34.883,16.156
34.021,13.922
33.975,13.402
34.652,15.078
34.844,16.757
34.907,16.844
34.225,18.142
34.557,19.13
34.708,18.571
35.407,20.021
35.324,19.58
35.066,19.651
35.141,18.814
35.302,19.024
36.051,20.555
34.926,15.295
33.403,14.2
33.04,20.103
33.638,17.148
34.235,11.392
32.197,15.061
34.51,19.503
28.974,19.979
33.966,17.525
34.395,19.812
34.812,20.492
35.235,21.921
35.746,23.033
33.133,19.972
34.254,20.68
36.006,18.179
35.444,17.335
36.093,18.545
36.17,18.76
36.38,19.02
36.229,19.188
35.825,18.124
35.478,14.911
35.495,14.506
35.783,18.066
32.295,20.961
35.349,20.076
35.155,18.225
35.76,17.715
36.333,21.173
36.577,20.849
36.819,18.48
37.544,19.118
37.307,19.121
37.813,17.775
37.337,17.832
37.904,17.989
37.598,17.542
38.154,20.403
37.97,17.381
38.206,17.347
37.771,18.318
38.066,17.365
37.651,17.293
37.373,17.086
37.471,18.345
37.391,17.906
37.501,19.866
36.109,21.06
34.779,21.429
33.385,22.293
33.292,21.39
25.658,21.206
25.51,20.737
26.362,19.079
25.325,20.412
27.582,20.174
26.406,19.666
22.638,18.755
23.816,19.928
25.764,19.719
28.562,19.094
28.438,19.308
23.377,19.801
23.072,19.193
24.843,19.301
26.706,19.241
23.829,19.888
24.351,20.133
22.881,19.793
22.341,20.362
26.952,19.85
28.622,18.626
25.435,18.783
26.682,19.117
24.789,19.635
27.763,18.87
28.879,18.317
24.849,18.711
26.706,19.822
25.689,18.006
25.041,18.936
26.78,19.25
27.073,17.603
25.503,20.134
25.826,18.979
25.43,18.929
27.506,17.718
27.303,16.895
26.496,16.276
25.505,16.562
27.109,16.237
25.422,18.708
25.306,17.299
27.151,18.164
23.938,17.872
25.427,17.568
24.365,17.533
25.383,18.175
24.722,18.914
23.305,18.525
24.101,18.181
21.634,18.365
21.365,18.471
20.608,17.57
21.626,17.377
21.713,16.626
24.913,16.017
24.391,15.954
24.723,16.428
19.231,17.402
21.884,17.417
24.06,17.003
25.55,16.064
25.779,15.189
21.967,17.595
20.759,16.855
24.383,16.231
25.083,17.579
24.429,18.393
24.37,18.028
24.667,17.707
24.715,18.684
25.651,18.028
24.119,17.981
22.66,17.664
25.676,17.078
24.039,18.197
25.245,17.472
20.325,17.498
25.18,16.925
21.816,17.702
23.986,16.154
23.117,17.619
24.246,16.902
24.399,17.628
24.536,18.007
24.604,17.198
23.517,17.232
23.958,18.066
23.005,17.778
25.01,17.543
23.056,16.72
25.71,16.919
23.876,17.068
25.802,15.859
26.349,15.665
26.329,16.353
20.717,16.791
25.784,16.803
22.841,17.642
24.725,16.972
23.916,17.149
22.432,16.754
24.473,16.094
24.938,16.327
20.986,17.197
24.715,17.131
24.77,17.459
26.772,17.011
24.166,18.297
25.614,17.979
19.785,17.51
25.009,16.413
25.367,16.283
23.208,18.253
24.277,17.945
25.429,16.38
26.508,16.371
24.553,17.919
25.929,16.432
26.418,14.691
26.042,17.958
25.272,18.202
26.083,17.435
26.458,17.03
25.14,18.274
20.102,17.605
20.503,17.17
25.896,17.297
23.765,17.419
26.998,18.888
26.559,18.106
26.483,17.078
25.035,18.648
20.66,18.99
27.375,18.179
28.135,18.612
28.943,18.959
21.553,18.881
27.663,17.977
20.607,17.788
19.882,16.828
27.054,17.566
21.321,18.859
26.077,19.06
21.085,18.671
23.807,18.346
25.398,18.088
24.597,17.827
23.025,18.559
21.069,18.256
21.5,17.91
25.2,18.14
20.461,17.934
19.033,16.266
25.003,15.526
25.809,16.488
27.189,16.939
26.453,18.077
27.597,17.825
27.467,17.844
25.245,19.033
25.311,18.502
24.741,18.575
20.774,17.586
24.962,16.934
24.494,17.405
26.444,17.673
23.708,19.304
26.724,19.436
23.033,18.909
22.478,19.602
21.485,18.398
25.8,18.335
22.478,19.211
22.294,18.491
25.843,18.682
23.294,18.927
22.365,19.314
23.723,18.771
21.776,18.879
21.788,17.406
25.836,17.595
21.918,18.471
21.489,18.929
24.477,18.211
24.071,18.768
24.153,17.651
22.057,19.353
23.498,19.267
22.332,17.997
25.529,17.377
23.713,18.218
23.619,19.072
23.93,19.501
23.551,17.724
27.523,17.11
27.45,17.699
25.709,19.06
22.312,18.384
27.887,16.692
28.016,15.465
28.238,16.528
27.867,18.049
22.199,18.773
22.728,18.103
28.079,18.6
27.897,18.17
27.842,17.478
27.747,17.238
26.979,18.303
23.755,17.871
26.415,16.803
27.014,18.301
24.8,18.714
26.864,17.076
27.091,17.676
23.973,18.08
22.957,16.347
26.015,17.274
25.378,17.562
25.024,16.289
25.412,13.774
24.364,14.38
25.478,13.857
25.789,13.823
25.749,14.853
26.174,15.135
25.643,15.027
26.25,16.835
26.035,16.579
25.658,17.209
23.736,18.48
25.571,18.487
24.701,15.705
25.395,15.852
20.902,16.128
23.765,16.503
23.675,17.033
20.057,17.368
23.347,16.335
24.093,17.016
24.557,17.316
26.41,16.755
25.369,14.835
24.934,13.872
24.699,15.634
25.168,15.133
25.215,14.786
25.907,13.16
25.794,12.595
25.525,13.519
26.278,15.52
25.688,14.401
25.402,13.535
26.17,12.99
25.263,14.494
24.4,16.028
26.437,15.072
26.069,14.131
26.08,13.779
27.337,13.65
26.909,12.228
25.98,13.211
26.901,15.507
28.741,14.18
28.815,12.268
29.077,12.482
29.189,12.556
29.41,10.361
28.664,11.482
28.742,11.249
28.591,10.941
29.605,12.496
28.85,12.786
28.998,12.758
27.326,12.383
27.89,12.053
27.686,15.716
27.844,17.114
27.662,16.711
28.726,16.112
28.563,14.761
27.286,16.775
25.001,17.044
25.629,17.638
26.067,16.205
27.847,13.233
28.193,10.106
27.05,10.8
26.808,10.946
27.795,13.999
28.814,13.907
27.485,16.217
27.756,16.777
28.713,16.008
28.718,15.812
29.395,15.861
29.609,14.523
28.454,13.466
28.49,13.291
28.869,16.717
29.353,16.43
30.079,15.213
29.397,14.286
28.389,12.417
27.621,13.103
27.99,11.983
28.069,12.299
29.259,10.023
30.098,11.284
30.782,12.955
31.736,13.211
31.811,15.371
31.029,15.632
31.757,12.92
31.978,11.698
32.0195,11.5815
32.061,11.465
31.858,12.734
31.28,12.401
33.068,9.73
33.799,12.23
34.076,10.412
34.213,9.385
34.344,10.763
33.48,17.329
33.838,18.678
33.584,20.341
32.589,21.91
30.764,21.256
22.77,20.508
27.545,17.292
27.863,14.982
30.554,15.052
32.578,14.068
33.025,14.373
33.92,16.892
33.745,17.915
34.014,18.455
34.553,20.613
33.965,21.022
26.534,20.771
23.016,19.377
23.494,18.636
21.576,18.96
22.255,19.192
22.415,18.323
21.038,18.683
23.36,18.622
26.62,19.419
25.471,17.831
26.518,17.197
27.861,16.112
27.885,15.665
27.86,16.661
28.236,16.621
28.661,15.903
28.402,16.381
24.51,17.931
27.209,19.945
27.892,18.166
28.46,18.436
28.87,17.01
29.053,16.432
28.357,16.988
29.545,17.002
28.209,14.852
28.295,13.435
27.586,13.402
31.49,15.06
31.099,15.526
31.282,18.176
31.905,18.056
32.058,18.808
30.182,19.631
25.343,20.966
24.249,19.379
29.915,19.964
29.413,19.389
24.945,20.455
30.315,19.071
29.128,17.672
28.853,18
24.707,19.817
26.654,19.538
27.287,19.497
27.571,19.352
27.134,19.2
26.654,19.697
28.824,19.621
29.696,18.769
29.831,18.711
21.373,19.21
28.473,19.099
28.368,16.858
28.3,16.133
28.203,16.123
27.766,17.08
28.397,17.745
27.877,18.728
28.489,17.806
28.561,16.13
27.702,16.708
27.662,17.141
27.6,18.269
26.452,17.158
27.21,18.22
26.966,17.889
27.959,16.58
27.745,16.01
27.11,16.633
22.969,18.197
25.441,18.402
25.633,17.737
25.343,16.38
25.364,17
26.404,15.806
27.334,18.009
28.068,18.719
28.232,19.089
28.333,18.794
26.107,19.44
25.363,19.157
23.132,18.519
20.577,17.827
26.266,17.909
25.748,16.806
26.8,16.936
21.76,18.761
24.236,17.764
26.554,18.124
27.131,18.201
26.474,16.892
26.948,17.443
27.858,17.284
20.905,17.168
24.693,16.696
26.773,15.533
23.229,16.468
24.681,15.66
25.604,14.6
25.895,14.527
28.323,14.19
25.388,18.716
23.727,16.127
25.881,16.605
20.638,17.183
22.217,16.031
22.855,15.275
23.791,15.675
23.085,17.092
22.857,16.023
21.97,16.172
24.248,15.631
25.418,17.531
23.843,15.791
26.072,15.816
21.415,17.046
18.965,16.226
21.883,16.277
24.797,16.085
20.748,16.071
19.411,16.072
23.607,16.056
23.226,16.719
24.507,17.151
25.229,17.859
24.342,17.304
23.922,17.26
23.818,18.094
24.981,18.148
24.641,17.922
23.729,18.08
25.559,17.939
25.961,17.868
23.844,17.972
21.37,17.842
19.745,16.405
24.271,16.334
18.776,16.791
25.351,16.45
27.038,17.069
19.893,17.116
24.627,16.41
25.547,16.478
25.171,17.765
21.792,17.867
25.367,18.103
26.343,18.175
26.333,17.774
26.476,16.819
27.717,16.576
26.399,18.126
27.705,17.249
21.203,17.869
28.268,17.409
29.399,18.759
30.424,18.964
27.574,19.294
27.211,19.074
28.169,18.955
26.252,18.504
26.492,18.904
19.986,17.886
23.33,17.889
24.175,17.695
25.998,17.554
27.151,17.457
25.196,17.287
27.086,17.175
22.228,18.447
28.027,16.996
26.704,17.547
26.402,17.616
23.406,17.862
25.751,17.742
23.872,17.519
24.083,17.68
25.646,17.303
25.084,17.819
25.817,17.959
26.694,18.829
27.222,18.05
27.806,17.015
25.231,16.758
25.827,18.883
23.477,18.806
26.768,18.544
22.354,17.555
21.804,18.593
22.832,19.305
22.721,19.121
24.804,18.884
24.524,18.427
26.396,18.395
26.208,18.767
25.391,17.487
25.498,17.25
23.209,18.701
22.434,18.649
25.305,17.62
28.116,16.988
28.068,16.029
27.17,18.5
27.608,18.243
27.044,19.058
26.706,18.906
25.373,18.234
25.831,17.686
26.283,17.775
22.485,19.981
27.942,19.875
27.539,19.144
24.882,18.967
26.402,18.389
23.653,19.168
24.419,17.253
25.941,17.444
26.64,17.705
25.966,17.854
28.125,16.245
27.177,15.428
30.367,15.682
27.781,18.884
22.246,19.353
28.729,17.729
29.306,16.191
29.345,15.437
29.319,15.088
29.792,15.744
29.765,17.827
26.06,18.852
29.023,19.667
27.1,16.91
29.248,16.855
29.648,17.11
28.56,16.826
30.445,16.279
28.718,17.737
28.784,18.627
29.558,17.544
30.778,18.135
24.61,19.199
27.405,18.678
28.402,13.84
27.904,12.592
26.57,12.557
27.112,13.756
28.09,13.858
27.01,15.22
25.962,18.65
19.979,18.004
25.848,17.386
26.589,18.55
22.094,18.925
23.505,19.063
27.811,19.007
26.227,19.619
27.092,18.119
25.096,19.223
22.278,17.78
26.39,15.994
25.442,15.273
26.301,13.926
25.978,16.498
24.484,17.219
26.099,17.922
27.478,17.936
27.626,14.75
28.028,14.244
27.175,13.325
27.78,13.477
27.027,15.162
28.144,14.568
27.945,15.633
27.373,14.072
27.091,14.377
27.369,15.251
26.824,15.272
27.57,15.406
25.427,16.643
24.564,15.817
26.204,15.237
22.547,19.745
21.411,18.106
26.454,18.12
26.473,15.672
26.09,12.502
26.05,12.766
26.56,14.727
27.139,14.713
27.858,14.088
27.76,14.241
28.203,15.337
23.378,18.822
26.225,18.997
28.12,18.917
27.057,17.938
26.808,16.567
28.084,16.196
27.626,15.978
27.995,14.207
28.574,14.253
28.807,16.203
28.929,16.12
29.163,17.183
29.41,16.258
29.712,16.876
29.049,17.003
29.74,17.26
29.226,16.974
28.382,16.335
26.563,15.879
27.256,19.116
27.239,18.225
27.728,15.191
28.353,15.518
29.092,16.854
30.412,16.942
28.663,18.777
30.232,18.381
28.912,14.598
29.846,15.457
29.844,17.347
33.122,18.407
34.382,17.688
34.413,16.821
34.683,16.479
34.233,16.93
33.22,15.016
34.335,15.621
35.43,17.834
34.662,16.057
33.933,15.044
34.146,13.606
34.661,13.919
34.932,14.724
34.968,15.76
34.376,20.009
34.501,19.092
34.705,20.322
34.457,19.267
34.869,15.669
34.652,14.01
33.941,15.892
33.863,16.23
36.036,17.937
34.698,22.05
35.17,20.34
34.428,22.673
35.663,22.259
34.043,20.759
34.027,21.755
32.36,20.909
34.979,22.142
34.837,20.238
35.018,18.202
35.836,16.833
36.247,16.653
36.156,17.286
35.824,17.672
34.783,21.572
28.501,21.393
33.496,18.267
36.168,18.265
36.207,16.522
35.93,17.233
34.815,18.634
35.859,21.986
33.867,21.01
34.5,21.622
31.041,18.991
33.797,17.382
31.525,17.587
31.593,20.864
33.453,21.379
35.957,21.532
36.107,18.953
34.711,20.409
36.407,19.864
36.076,23.603
36.442,23.39
25.189,20.312
33.586,20.001
23.929,18.716
22.837,19.833
22.642,19.698
23.44,19.78
25.241,19.959
25.6,19.862
25.423,19.344
26.66,19.666
24.517,19.02
24.722,18.241
24.389,19.143
26.355,18.606
24.81,18.261
28.18,20.846
25.913,20.513
24.022,18.7
26.146,18.087
25.902,19.633
26.076,18.856
26.659,19.363
25.517,18.816
25.224,18.824
25.521,18.867
25.611,19.027
25.283,19.155
24.727,19.179
27.651,18.928
25.543,19.61
26.713,18.835
28.129,18.976
26.296,20.585
23.488,19.839
26.563,19.002
26.14,20.01
21.535,19.206
19.527,16.818
25.879,16.588
26.907,17.707
28.452,18.29
26.503,20.05
26.569,19.705
26.018,20.231
24.371,19.487
25.784,19.517
21.079,19.193
20.429,18.391
24.427,18.278
27.131,17.407
27.045,18.844
22.808,19.349
22.148,19.104
27.144,18.995
28.252,17.366
28.582,16.581
29.249,15.789
28.319,18.924
29.209,17.709
29.477,16.734
23.603,18.942
23.403,17.703
27.166,18.037
26.133,18.669
25.651,17.525
25.722,17.026
26.935,16.501
27.068,17.361
25.793,16.877
26.396,16.395
25.76,15.783
24.72,18.288
20.183,16.999
25.961,16.378
22.889,17.838
26.769,16.619
26.194,18.975
20.419,18.288
21.907,18.065
26.085,17.691
24.914,18.23
24.652,18.13
19.85,16.943
24.672,16.748
26.077,16.507
24.8,17.285
25.906,15.962
25.313,16.108
23.802,17.781
25.202,16.767
26.377,17.042
24.646,19.198
26.033,17.904
25.191,17.456
24.808,16.101
26.269,15.635
25.055,15.747
27.258,14.737
20.326,15.732
25.618,15.858
21.995,17.34
27.102,16.945
27.128,17.744
24.58,17.951
25.609,18.145
24.107,18.7
27.871,18.382
26.784,17.709
25.788,17.655
27.413,17.296
20.764,17.614
25.987,17.541
25.655,18.041
24.035,17.761
23.382,17.629
24.28,17.559
18.932,16.817
20.62,16.716
20.021,16.732
23.595,17.358
26.247,17.496
23.857,17.853
24.541,17.626
26.11,18.045
24.904,18.274
20.643,17.382
25.759,16.761
24.645,17.755
20.745,17.946
23.722,17.398
20.129,17.42
25.575,17.392
20.588,17.908
23.773,16.932
23.604,16.858
23.705,16.549
24.362,15.825
24.464,17.355
25.668,18.066
23.582,18.768
25.257,18.193
24.217,17.954
23.922,17.471
22.048,17.697
26.268,17.797
25.974,18.077
21.946,18.19
25.134,18.766
25.405,17.744
26.323,16.569
25.463,18.39
20.412,17.673
27.249,17.401
26.128,17.697
26.153,18.471
26.279,18.281
24.189,18.139
26.193,17.326
26.771,16.344
25.961,18.502
24.554,17.43
26.855,16.927
25.977,17.62
23.732,16.729
24.659,17.055
26.209,16.632
26.245,17.845
25.324,18.027
25.452,17.748
26.127,17.411
26.169,17.804
25.335,17.957
26.023,16.908
26.16,17.418
25.322,17.754
25.782,17.685
25.767,16.662
26.465,17.213
27.178,17.858
28.015,17.282
27.358,17.851
27.136,16.842
24.58,19.102
25.935,18.954
26.574,18.195
25.925,19.224
27.282,18.04
27.234,18.434
27.948,17.68
23.477,19.168
28.153,16.93
27.87,14.373
28.542,15.513
27.412,16.623
26.92,16.425
22.941,18.422
24.949,18.211
24.654,18.727
26.195,18.328
25.282,18.525
21.334,19.169
21.607,18.701
22.227,19.112
25.403,19.677
22.809,18.639
25.345,18.175
25.747,17.306
26.408,16.657
26.349,15.778
26.991,15.623
26.929,17.064
27.269,16.073
29.936,16.798
28.142,17.856
28.289,18.948
28.603,18.015
28.247,15.982
28.165,17.828
29.42,15.698
28.265,14.789
29.4,15.683
23.072,19.299
24.729,18.159
23.347,17.631
22.781,16.994
26.544,16.038
26.456,18.001
22.629,16.022
26.291,15.97
27.407,15.768
26.346,16.921
25.974,17.607
22.339,17.615
26.841,18.065
28.365,18.673
23.362,18.953
25.093,17.896
28.541,16.312
24.731,16.592
23.477,16.244
25.797,14.663
26.627,15.019
26.752,13.706
26.677,14.947
27.146,14.525
26.939,12.363
26.151,11.337
25.312,11.413
26.24,12.618
26.221,13.076
26.467,12.781
26.948,12.58
27.077,12.621
26.434,13.414
25.366,13.707
26.577,14.83
26.807,16.267
26.02,18.193
26.6,18.668
26.241,18.9
25.226,18.735
25.178,15.541
25.987,14.495
26.082,14.155
26.986,13.389
26.047,13.148
26.292,15.272
25.787,17.467
25.799,17.018
26.856,17.137
25.604,18.237
26.184,15.763
25.474,13.059
26.17,12.294
27.296,13.111
26.308,17.596
27.183,15.04
27.389,12.594
27.135,13.419
27.227,13.324
26.567,14.672
27.041,14.499
26.764,15.164
27.973,16.11
27.99,17.683
26.73,15.809
27.077,17.135
28.894,15.029
28.813,14.001
28.086,12.989
27.974,14.371
28.776,14.526
28.67,16.548
28.145,14.774
28.496,14.654
26.246,18.183
25.209,19.275
25.778,19.402
27.692,16.512
28.259,14.861
27.964,14.887
28.65,15.786
28.877,13.463
29.757,13.784
30.131,9.965
29.916,10.236
30.078,13.053
30.164,14.236
29.768,13.629
29.386,11.498
29.906,14.664
30.893,14.649
29.81,9.871
29.378,9.93
29.595,12.165
29.555,13.245
29.24,10.994
31.296,13.259
32.074,11.984
30.821,18.36
33.421,16.276
32.272,15.433
33.504,13.593
34.681,17.892
34.398,18.377
34.94,18.286
35.99,17.943
36.732,19.079
36.241,18.554
34.423,20.844
34.12,20.139
35.901,20.82
37.063,19.301
34.251,20.073
33.189,20.677
33.989,21.134
29.408,19.913
30.381,19.576
28.918,19.264
27.247,18.706
26.059,18.433
28.902,18.48
29.746,19.235
30.714,13.163
31.09,13.774
33.187,20.435
33.588,21.287
33.808,20.312
32.599,20.592
33.888,21.077
35.314,22.255
34.856,22.41
33.793,20.854
30.55,22.328
24.072,18.431
22.057,16.708
29.11,14.232
29.022,14.98
28.658,16.618
29.674,17.193
28.698,15.693
28.912,15.519
29.966,15.347
30.573,15.792
27.346,18.063
28.29,17.542
29.98,17.565
30.58,16.661
30.632,14.682
31.372,15.046
33.821,15.836
34.212,19.868
34.489,19.342
34.059,18.304
32.513,19.97
32.465,20.276
33.163,20.828
31.755,22.375
27.294,20.282
23.4,19.544
27.692,17.941
24.292,19.026
26.222,19.224
26.436,17.386
28.935,15.52
27.808,15.625
25.996,20.255
28.77,19.956
32.096,18.691
33.026,18.203
33.548,16.992
33.926,19.256
27.453,20.243
30.641,20.664
31.451,20.008
22.979,19.509
21.86,19.264
23.608,18.438
26.099,17.305
25.997,16.981
24.188,17.381
24.593,17.826
25.842,17.769
24.514,17.629
26.085,17.567
26.187,19.069
24.914,18.762
21.651,19.236
20.912,18.255
20.82,17.813
23.942,17.948
24.267,18.71
26.381,17.957
28.227,16.557
27.057,17.886
25.85,18.478
24.076,17.609
23.243,16.319
26.697,16.318
22.127,16.919
22.639,16.717
23.013,18.9
25.269,18.656
26.094,17.442
26.54,16.934
26.194,18.129
27.388,18.013
27.769,17.654
26.852,17.819
25.22,17.068
24.058,17.264
24.444,17.392
25.221,16.647
25.381,16.943
25.504,16.41
24.521,16.976
25.479,16.287
26.846,17.507
26.048,18.245
26.635,18.403
25.308,18.347
25.469,18.058
26.379,17.719
28.176,17.304
28.061,18.207
28.111,17.463
27.629,18.312
22.532,17.443
24.52,16.922
24.715,17.383
24.597,16.825
26.126,15.16
21.461,17.012
26.214,16.049
23.645,15.396
26.855,15.413
25.403,16.082
25.513,17.558
23.609,18.222
24.781,17.602
22.292,18.138
22.449,17.897
25.039,17.368
19.571,17.199
25.262,16.872
23.231,17.921
24.722,17.899
20.972,18.315
21.555,17.538
23.452,17.35
18.556,16.582
19.031,16.492
17.976,16.386
20.378,16.282
23.484,16.45
22.896,16.886
22.226,17.572
23.335,17.096
23.508,17.157
24.427,17.383
23.516,17.929
25.472,17.419
21.981,18.241
23.864,17.646
25.736,17.248
24.127,17.443
24.577,17.266
23.319,18.219
19.965,17.174
24.993,16.775
23.121,15.966
24.916,15.454
23.446,17.325
24.797,17.585
24.7,17.356
24.518,16.554
23.449,15.211
21.75,15.913
24.868,15.531
23.591,17.061
23.063,17.264
24.99,16.707
24.211,18.264
22.257,18.605
25.504,17.992
24.975,18.144
25.276,18.353
19.839,17.855
24.386,16.829
25.039,18.027
26.128,18.15
19.418,17.335
20.303,17.035
25.594,17.449
22.313,17.985
23.882,18.045
26.042,16.93
25.716,18.088
20.981,18.574
23.247,17.886
26.21,17.494
20.972,18.376
19.201,17.722
19.249,17.559
23.664,16.088
24.878,16.466
24.115,18.223
23.379,17.866
25.894,16.952
24.635,17.064
25.563,18.803
21.507,18.855
24.324,17.675
26.198,17.039
22.186,19.043
21.095,16.997
23.906,16.147
25.364,18.646
26.618,17.947
25.544,17.661
19.762,17.598
25.172,17.236
23.432,17.32
21.401,17.734
23.836,16.935
25.164,17.505
26.188,16.359
24.273,17.938
21.623,18.052
26.156,17.215
24.704,18.435
23.676,18.22
25.482,17.483
22.571,17.091
24.539,18.352
21.816,19.512
26.039,18.035
26.527,17.856
26.225,19.248
26.267,18.598
22.249,18.277
20.743,18.765
20.781,18.01
20.818,17.175
25.889,17.659
24.79,17.854
21.212,18.613
24.385,16.752
25.732,16.795
24.492,17.845
25.607,17.407
27.628,17.196
25.128,18.135
22.713,18.438
22.82,16.754
24.377,17.746
23.186,17.126
23.79,16.764
22.995,16.274
28.185,17.398
25.533,16.025
29.267,15.788
28.3,15.593
21.671,19.085
21.877,19.004
26.959,17.487
28.24,16.995
28.198,14.815
28.655,15.098
27.993,17.836
23.673,18.798
27.015,17.389
27.957,17.054
26.831,17.839
27.014,15.641
28.01,15.637
27.494,17.397
27.668,15.738
28.242,16.096
27.428,18.746
24.719,18.92
26.711,19.108
27.918,19.369
26.596,19.479
24.526,17.824
27.162,17.984
24.109,18.897
26.949,16.888
27.318,15.96
27.261,14.532
26.804,13.611
27.651,16.744
28.269,15.592
24.748,17.438
25.892,16.808
27.083,15.131
25.473,14.962
25.772,16.203
26.223,18.142
25.533,16.869
24.82,15.427
25.285,15.339
25.551,16.21
25.357,14.752
26.262,14.262
26.276,13.263
25.939,14.453
26.086,14.714
26.156,14.738
25.932,14.173
26.156,15.571
26.049,14.989
26.869,13.46
26.279,13.896
23.899,14.655
25.162,15.881
27.055,12.71
26.174,13.715
26.689,14.186
27.014,13.253
27.413,12.522
25.774,14.791
24.657,14.528
26.496,13.6
26.918,12.983
26.749,13.189
26.75,13.555
27.113,15.237
27.957,17.556
26.948,15.539
26.837,17.005
26.745,18.594
27.506,14.702
28.271,14.777
27.547,14.194
27.432,14.105
28.306,13.984
27.94,14.028
28.221,13.694
27.522,13.445
28.88,13.396
28.541,12.594
28.294,13.363
29.113,13.283
28.526,13.538
29.072,14.654
28.588,15.647
28.872,17.976
29.33,13.997
29.072,14.273
30.197,16.142
30.718,15.299
29.945,15.106
30.772,15.116
30.5,15.818
29.845,17.174
29.803,14.58
29.864,14.589
30.963,16.027
31.226,16.113
32.387,15.171
32.558,15.264
32.443,20.041
33.454,20.119
34.139,19.733
33.699,18.777
32.915,21.52
31.388,20.148
31.555,19.082
32.597,19.193
30.946,18.959
32.63,19.84
33.652,20.17
31.808,18.234
33.546,17.74
33.024,14.481
34.344,15.685
35.721,16.451
34.952,17.618
35.343,17.759
34.092,18.861
33.789,22.043
28.317,20.308
29.847,20.688
31.64,21.352
29.851,21.344
30.277,20.428
31.324,20.024
27.058,19.949
24.815,18.899
28.775,15.797
31.057,15.353
33.195,18.175
32.656,16.659
34.333,16.761
33.254,20.497
33.896,19.095
23.721,21.085
30.361,19.465
34.28,18.368
24.86,19.767
28.485,20.072
21.048,18.144
27.792,18.126
27.76,19.513
28.157,19.785
29.697,18.315
29.312,16.983
24.625,18.085
27.088,17.951
28.825,19.947
28.1,19.471
26.318,19.392
26.976,19.704
25.379,18.522
28.688,18.366
26.624,19.709
28.246,20.069
27.548,20.065
29.039,19.583
29.146,18.054
29.909,18.172
30.976,15.769
30.064,19.761
31.767,20.932
28.645,20.915
25.596,19.892
29.687,20.264
21.942,19.601
22.064,19.338
21.01,19.278
21.778,18.993
22.033,19.429
24.373,19.299
26.257,19.027
26.803,19.172
24.416,17.928
24.363,18.909
26.894,18.628
24.305,19.172
21.833,19.044
21.467,19.247
26.216,20.061
27.644,19.455
23.221,19.318
24.109,19.374
27.08,18.719
27.439,18.363
28.871,17.025
28.98,19.224
27.315,18.565
25.921,19.153
26.91,18.867
25.692,18.966
24.889,19.099
25.829,18.82
21.271,18.664
26.13,18.247
24.777,19.51
24.827,19.084
26.829,18.419
29.047,18.095
27.997,17.624
27.101,17.462
26.471,18.798
26.348,18.849
26.314,18.464
24.988,18.789
26.251,18.795
26.748,17.744
26.406,16.847
25.85,17.237
26.274,16.487
24.889,18.555
21.231,18.197
25.941,18.677
20.654,18.1
26.383,17.527
25.44,17.399
26.752,17.226
27.424,18.398
26.171,18.403
26.011,18.242
26.245,17.862
25.761,18.336
25.786,18.284
20.977,17.433
19.767,17.508
24.287,17.379
23.636,17.737
23.569,17.868
20.413,17.728
19.213,17.101
24.969,16.881
24.371,16.49
24.582,15.742
22.647,16.198
24.466,16.024
23.234,15.953
24.31,16.9
24.463,16.317
24.123,16.259
24.126,16.797
25.437,17.571
24.208,16.911
24.258,16.28
22.661,16.45
25.985,15.923
25.133,17.552
25.133,17.445
24.02,17.872
26.449,17.583
24.582,18.007
20.782,17.201
23.77,16.195
18.882,16.228
25.214,15.017
19.891,17.268
24.531,17.066
24.896,16.632
25.1,17.631
25.6,17.322
25.404,17.744
24.425,17.036
22.037,17.397
24.771,17.206
20.941,16.774
24.726,16.964
21.751,17.499
25.109,17.649
22.859,17.319
22.536,17.882
23.163,17.308
20.397,17.141
26.018,16.786
20.186,17.455
22.08,16.98
24.139,17.321
24.198,17.659
25.627,17.147
25.965,17.913
25.221,18.246
25.654,18.578
21.594,18.733
19.774,17.261
23.954,16.387
20.004,16.295
18.668,16.576
18.877,16.252
21.508,15.842
25.2,15.263
24.755,16.01
25.2,19.022
23.439,18.99
23.754,18.426
19.348,16.751
19.298,15.206
23.894,14.673
25.336,16.056
24.8,17.378
23.86,18.211
20.265,18.383
23.36,17.487
24.971,17.981
24.116,17.941
19.894,17.257
19.307,16.575
23.577,16.57
25.017,16.232
25.239,17.019
25.711,16.458
25.126,17.837
25.877,18.412
22.466,18.338
26.428,18.49
26.548,19.488
24.06,18.781
26.304,17.671
25.912,18.175
25.95,17.225
25.695,16.639
25.429,16.92
25.057,17.746
20.891,17.406
24.637,16.938
20.151,17.89
24.739,17.253
26.655,16.926
25.092,17.881
21.19,18.135
24.513,17.873
26.48,16.254
26.556,18.126
24.913,18.943
27.206,19.626
26.897,18.106
27.129,16.812
27.325,16.951
29.459,17.103
29.22,16.908
27.04,19.072
21.815,19.509
21.755,18.514
30.128,16.703
30.1,15.087
29.522,14.502
29.572,13.595
29.573,13.711
29.318,14.166
29.134,16.657
29.558,15.085
30.266,16.419
30.439,19.395
23.012,19.301
22.738,17.092
22.277,17.817
21.54,16.163
27.18,15.386
26.441,14.086
27.002,15.989
27.226,18.263
25.725,18.121
26.163,19.301
22.592,18.728
23.184,18.986
23.296,19.078
23.361,15.312
26.687,15.827
26.254,15.323
26.582,14.076
26.202,14.38
26.194,14.315
26.31,14.696
25.927,14.227
26.106,15.534
26.411,16.957
26.151,14.965
25.384,12.993
25.316,13.795
26.142,13.58
26.093,12.235
27.531,12.846
28.377,13.575
27.184,15.218
28.057,14.913
27.753,17.288
27.427,17.99
28.585,16.022
27.357,14.708
27.34,14.506
27.052,14.303
28.377,14.883
28.367,15.372
27.22,17.04
27.029,16.284
26.262,16.456
26.71,17.69
27.681,17.887
26.937,17.364
27.821,16.928
28.203,17.441
28.415,18.103
27.008,16.947
25.924,15.703
27.644,14.514
28.091,14.533
26.88,13.675
27.115,13.836
26.496,14.921
26.121,15.915
27.478,15.563
26.796,18.485
26.052,16.583
27.461,15.093
27.231,13.819
26.918,13.67
26.911,13.701
27.504,13.977
27.381,14.852
27.384,13.434
26.688,13.744
26.38,15.305
26.707,14.476
26.526,11.096
26.57,11.711
23.455,12.97
25.623,12.292
25.642,16.817
26.71,17.741
27.061,17.918
26.382,17.086
27.531,15.745
27.694,13.994
27.156,14.03
26.87,16.378
25.862,18.304
27.112,15.358
27.525,16.831
27.765,15.337
27.445,14.135
28.304,14.841
28.363,14.854
27.778,13.429
27.514,15.576
28.639,15.588
27.547,17.85
28.257,17.967
29.287,19.269
30.162,14.869
31.873,14.274
31.804,14.368
31.53,13.196
31.539,11.118
31.505,11.04
31.373,13.571
29.919,12.632
30.938,11.794
32.05,18.972
32.766,18.891
31.696,13.924
32.727,13.543
33.265,20.133
33.291,19.796
32.781,16.692
32.807,16.273
31.299,14.868
29.9,14.083
30.854,18.114
31.017,19.195
31.18,18.678
31.93,18.449
31.328,14.541
31,14.185
31.734,15.509
32.034,17.495
31.9865,16.5395
31.939,15.584
32.892,14.783
32.187,13.938
32.988,13.843
32.331,13.364
32.657,11.424
32.582,18.799
31.302,19.98
32.213,18.775
28.67,20.343
33.941,19.961
34.341,18.735
34.675,17.914
34.97,16.947
34.938,17.668
35.693,18.703
36.062,17.688
35.036,16.261
34.827,14.58
34.981,14.838
35.188,17.478
36.416,17.551
35.834,18.688
35.832,19.361
36.008,20.423
35.383,21.337
35.741,17.836
34.74,17.976
35.066,21.157
30.681,20.458
33.834,21.273
28.803,20.508
33.051,21.145
29.311,19.046
33.643,19.432
27.593,19.54
31.798,19.364
31.48,20.15
34.494,19.103
35.061,16.105
35.016,16.084
35.239,21.467
35.506,18.671
35.717,18.342
29.238,20.878
31.087,19.695
32.228,21.492
32.329,21.071
29.868,18.698
25.545,16.841
31.765,17.756
29.083,19.241
25.211,20.187
27.662,19.539
29.263,18.602
33.401,18.38
33.968,18.147
33.185,18.646
34.257,17.764
34.016,18.882
34.064,18.826
35.147,21.318
26.154,20.976
23.47,19.479
24.228,18.549
24.823,18.809
21.834,19.322
24.975,18.62
27.349,18.751
26.092,19.34
23.009,18.424
21.607,18.656
24.608,17.988
22.18,17.156
23.56,17.484
22.655,18.288
27.902,18.091
27.663,17.805
26.85,18.4
27.241,18.578
26.189,19.121
24.764,18.433
27.504,17.997
23.533,18.436
23.913,18.469
26.119,18.142
24.918,18.196
26.631,18.815
23.624,19.215
24.629,18.929
27.729,18.147
26.176,18.591
23.136,18.651
24.33,18.624
21.995,18.786
24.417,18.601
25.351,18.348
25.963,17.409
25.187,16.038
25.515,15.419
24.833,17.006
20.979,17.131
20.162,17.386
19.334,17.144
25.482,17.101
23.263,16.851
27.644,16.007
27.067,16.798
25.318,17.167
24.408,17.08
26.768,17.044
24.631,18.152
26.359,18.213
20.432,17.925
25.788,17.728
27.367,18.425
28.56,17.845
28.881,16.273
25.605,18.118
19.794,17.005
26.657,16.412
24.386,17.073
24.792,16.759
25.232,17.479
27.607,16.132
26.119,16.077
27.664,15.825
26.679,16.468
25.91,16.704
27.607,18.624
21.385,18.229
19.844,16.929
22.41,16.401
24.587,16.053
24.101,16.792
25.216,16.329
23.906,17.516
21.959,17.26
24.909,16.504
22.519,15.846
21.381,16.737
25.668,16.18
24.358,16.788
25.073,16.115
24.838,15.722
25.154,15.239
26.919,15.208
24.358,15.036
22.821,15.751
23.192,15.091
25.55,14.801
26.976,17.016
24.877,17.15
26.282,17.141
23.8,18.263
22.382,16.829
25.402,15.942
25.849,16.77
25.65,17.888
25.148,17.596
24.878,17.512
25.545,16.425
22.84,18.216
23.731,16.751
26.037,16.861
27.313,17.361
27.511,18.413
23.403,17.947
25.665,17.539
25.603,17.856
26.668,16.918
26.909,18.14
20.891,17.199
25.335,16.19
22.368,15.235
25.217,14.909
26.405,15.204
26.767,16.109
26.798,17.43
26.864,18.53
27.554,17.236
28.003,16.395
28.788,16.595
26.801,17.474
28.286,17.791
27.3,17.744
30.006,18.287
22.073,17.979
23.796,18.088
27.263,17.668
25.613,17.279
27.307,16.234
25.741,17.612
27.308,16.847
26.2,17.037
26.535,18.498
27.505,17.1
28.186,18.023
27.396,18.2
29.987,18.281
30.022,18.811
31.017,18.21
24.979,18.372
20.029,18.268
20.152,17.619
27.477,17.392
25.793,17.789
26.273,16.921
28.71,16.526
26.337,18.88
28.047,18.717
25.767,17.981
26.238,18.963
29.681,19.314
29.794,18.986
30.022,19.187
26.516,19.249
28.852,18.788
30.167,19.043
22.086,19.065
23.915,18.755
20.27,17.226
27.628,17.101
26.679,16.724
26.012,18.354
27.372,16.985
27.929,16.659
27.813,19.012
29.385,18.83
30.102,19.803
31.664,18.229
29.983,19.855
29.682,18.983
26.795,19.998
29.899,19.48
29.26,19.316
29.95,19.585
30.795,18.059
30.464,17.985
23.214,17.337
27.503,18.584
30.745,19.183
30.407,17.881
30.735,18.465
22.874,18.949
22.129,19.074
26.038,18.741
27.622,17.5
28.501,15.941
28.201,16.369
28.529,18.481
27.768,17.007
28.202,17.021
24.707,17.231
26.812,16.098
28.254,15.57
27.298,18.046
22.216,18.631
26.698,18.071
26.096,17.67
26.553,17.207
26.601,16.605
26.049,18.732
24.528,16.002
25.545,15.921
24.226,18.326
24.553,18.273
23.616,17.728
27.026,16.647
26.581,18.412
20.566,18.349
22.886,15.14
25.953,14.698
26.118,15.373
27.284,17.104
24.848,17.001
25.709,17.317
26.995,16.08
26.738,14.177
26.325,14.556
26.423,15.033
26.498,17.007
27.159,18.085
30.141,16.154
29.621,17.631
29.432,16.417
29.011,18.581
27.186,18.903
28.204,18.548
30.562,19.431
28.894,17.21
30.1,15.648
30.476,15.537
28.839,18.529
31.389,16.33
31.297,14.226
31.115,14.164
31.256,15.146
30.499,16.374
30.909,16.195
30.75,15.724
29.877,13.89
31.765,13.828
31.702,18.065
32.158,18.537
32.916,19.535
31.351,19.109
31.807,18.398
30.492,18.506
28.692,18.426
29.447,16.842
30.619,15.624
31.753,18.343
30.675,19.733
31.426,19.135
31.045,19.883
31.763,16.722
33.131,16.982
33.832,19.023
34.37,18.446
34.297,15.887
34.49,15.973
33.923,16.335
31.508,19.948
26.51,19.965
22.739,17.749
28.347,18.439
30.792,16.809
30.726,16.573
30.855,15.966
32.409,15.937
32.545,19.118
33.431,19.257
33.953,18.425
34.464,17.054
33.78,16.241
33.537,14.701
33.627,15.403
33.925,16.417
32.079,19.793
33.986,18.252
34.695,17.656
35.33,19.113
34.81,19.755
35.114,18.91
34.179,20.868
34.023,20.925
33.413,21.208
31.847,20.514
32.642,18.7
34.368,18.912
34.547,19.498
33.34,20.332
33.213,20.461
30.592,19.483
33.472,18.914
32.835,19.915
34.937,19.344
35.225,20.198
35.418,18.707
35.858,18.66
32.709,21.192
24.368,20.591
27.369,20.179
29.363,20.252
31.948,19.442
31.766,20.451
31.035,20.918
32.215,22.182
34.881,21.545
35.718,17.656
36.36,18.493
34.025,23.148
32.673,21.033
33.249,21.625
34.261,21.523
33.109,20.822
33.341,18.877
34.967,18.623
35.033,20.863
35.648,21.33
33.992,21.045
33.315,21.399
36.131,21.31
37.501,20.822
38.08,18.677
36.982,18.751
36.608,18.92
35.515,20.086
36.184,21.363
35.221,21.965
33.893,22.53
29.72,22.129
26.495,19.569
32.453,18.748
33.551,16.311
34.56,15.552
33.215,17.749
34.041,18.327
33.997,19.66
34.557,19.804
32.128,18.043
35.976,17.685
36.919,17.164
37.023,16.513
36.969,16.298
36.673,16.817
34.832,19.386
35.089,22.892
34.373,21.579
32.371,19.37
26.162,19.219
29.417,17.521
29.478,16.587
32.77,16.551
33.503,17.48
32.221,18.953
30.661,19.5
27.014,19.758
25.776,18.131
26.178,19.081
26.311,20.745
25.543,19.96
26.463,20.165
25.222,20.3
28.355,21.105
29.601,20.998
27.929,18.71
29.137,18.606
22.875,20.359
25.858,19.885
24.51,19.71
27.963,20.006
28.903,19.757
28.512,19.605
26.025,19.355
24.682,19.389
29.264,19.058
25.561,20.43
25.828,17.729
24.31,19.226
28.178,19.805
26.396,20.254
26.34,18.288
28.516,18.094
27.73,17.897
24.22,18.48
29.052,18.686
25.594,18.141
25.351,19.117
26.712,18.941
26.57,17.584
27.172,17.996
26.883,19.173
25.082,19.344
24.922,16.887
26.707,19.68
27.555,18.879
27.419,18.879
27.281,19.475
26.928,19.111
26.446,19.304
22.713,18.732
26.341,19.195
26.337,18.426
26.28,18.285
23.751,19.236
24.166,19.117
25.605,18.836
25.74,18.366
26.311,17.564
25.851,18.266
26.458,17.217
23.723,18.273
25.721,18.086
25.292,18.103
26.036,18.443
26.914,17.759
24.996,18.731
28.223,18.267
26.444,18.095
28.145,17.548
29.456,16.964
28.153,18.618
27.841,19.172
27.527,18.101
28.127,17.481
27.191,18.342
29.475,17.866
27.765,18.847
27.824,19.174
29.389,18.475
25.8,18.432
24.227,18.499
27.268,18.24
22.394,18.785
28.195,19.501
24.401,20.005
21.522,18.618
19.239,16.491
17.157,15.699
17.77,15.553
19.736,16.489
20.11,16.74
18.098,16.116
24.35,16.027
22.637,17.613
23.407,17.957
25.382,17.451
25.507,18.674
26.26,18.307
23.805,18.638
23.542,18.408
27.834,18.397
22.655,18.14
26.717,18.427
25.577,18.752
27.138,17.787
25.754,18.569
25.075,18.146
24.069,17.466
22.247,16.74
24.333,17.093
25.293,17.403
24.534,18.257
24.291,17.794
20.521,17.32
25.523,16.66
26.558,16.745
22.999,17.679
22.743,16.882
17.188,15.367
21.752,14.99
24.925,14.147
24.868,16.988
24.89,15.995
22.782,16.315
26.64,15.262
26.258,17.871
24.284,18.231
24.285,17.454
24.846,17.842
24.149,18.024
25.044,17.805
20.459,17.391
25.61,16.741
26.515,17.603
26.564,17.684
27.444,17.963
26.726,18.238
25.147,18.174
19.989,17.965
24.49,17.271
22.781,17.095
28.004,16.528
28.488,17.343
28.004,15.66
28.53,16.856
29.231,18.858
27.88,19.399
28.554,19.433
28.951,18.522
31.838,19.834
22.824,18.786
27.241,19.477
27.393,18.443
28.31,18.131
26.569,18.638
27.617,18.191
27.662,18.556
24.292,19.185
23.697,18.935
23.56,18.565
26.543,18.215
27.823,17.252
26.3,18.342
26.361,17.364
26.365,16.805
26.176,16.89
25.338,19.51
25.421,18.414
27.062,17.704
25.11,17.861
24.527,18.952
26.429,17.575
25.962,19.009
27.399,18.197
27.468,16.735
26.728,16.839
26.624,17.153
26.341,16.875
25.336,17.906
24.079,17.846
24.673,16.73
25.426,16.821
26.24,17.212
25.661,18.517
26.636,17.507
27.155,16.044
26.688,15.504
26.51,16.502
27.142,17.79
27.074,19.509
24.174,19.822
27.062,18.596
27.467,17.321
27.524,17.081
27.835,15.502
27.075,15.315
28.22,15.42
27.826,16.696
27.664,17.997
27.502,17.78
26.705,18.026
27.863,17.993
27.888,17.926
21.984,19.342
26.995,19.541
27.495,18.921
26.758,17.205
28.036,18.192
27.967,18.305
27.745,18.297
26.839,17.552
26.701,15.355
26.396,16.844
26.773,18.208
27.705,18.854
28.953,18.855
28.631,18.63
27.591,17.122
26.963,17.866
24.291,19.113
24.939,18.753
22.628,19.205
25.499,18.24
26.532,17.583
27.068,16.11
27.163,18.408
26.747,18.654
27.015,15.19
27.666,13.942
21.678,17.136
26.657,16.397
26.624,16.008
25.425,18.613
26.867,19.085
26.707,17.051
26.66,16.46
26.95,16.474
30.192,16.994
29.407,18.925
27.599,17.762
30.524,18.474
29.23,19.564
29.493,17.686
29.994,16.271
30.008,19.13
31.535,16.917
28.384,19.289
31.453,17.823
31.033,15.508
31.076,16.038
31.943,17.404
32.914,15.314
32.765,15.312
32.453,16.606
32.701,18.972
32.682,18.587
32.813,16.513
31.931,16.043
