19930101,
30.29,9.455
32.16,9.463
31.884,8.91
30.812,10.321
31.579,11.501
29.179,13.947
31.737,12.393
30.034,11.353
29.021,11.631
31.022,9.926
31.349,10.298
30.237,9.995
31.255,9.685
32.092,10.443
31.868,10.834
28.496,9.626
31.088,9.686
31.715,9.953
31.443,9.839
32.257,10.438
31.992,9.651
31.933,8.012
32.016,7.828
32.956,9.55
33.486,6.975
33.09,7.35
33.483,7.483
33.265,7.22
32.575,8.646
32.54,10.105
30.813,12.496
32.593,11.8
30.307,13.486
33.751,12.029
34.119,10.326
33.835,8.879
33.64,8.894
34.407,8.288
35.211,9.337
34.676,10.627
34.163,10.214
32.789,12.351
33.574,10.747
34.091,9.803
33.788,10.458
33.674,11.106
33.704,13.633
34.034,13.183
34.334,13.219
30.445,16.335
30.805,16.314
31.452,16.926
28.167,15.632
26.958,13.331
26.176,12.411
24.689,14.714
27.917,14.181
27.629,15.195
23.679,13.79
29.009,16.126
23.648,12.889
25.127,13.906
27.853,15.814
31.216,16.416
29.582,14.531
32.338,13.593
31.825,14.238
31.33,14.209
30.71,13.454
32.956,13.318
32.357,13.809
28.163,12.442
24.453,14.964
30.775,15.415
28.895,16.391
26.205,13.292
27.578,13.726
23.425,16.356
26.097,15.015
27.582,15.12
24.396,15.648
27.716,14.427
26.591,13.992
25.634,14.48
22.941,15.952
28.192,13.825
24.179,13.796
22.449,14.202
25.083,13.346
28.533,13.161
30.109,12.79
29.832,14.517
28.478,14.938
28.342,14.75
28.21,15.354
30.089,14.473
32.902,12.438
33.534,10.1
33.578,9.585
33.519,9.377
31.691,11.833
28.979,14.459
30.742,13.98
33.325,8.366
33.706,6.756
33.042,8.798
25.284,14.694
26.961,13.731
31.253,12.083
33.644,13.211
33.615,13.964
29.641,14.939
26.649,14.051
30.71,14.49
21.77,12.76
27.883,12.15
23.73,14.605
26.822,14.195
23.438,14.619
21.783,15.118
29.282,14.452
26.585,15.729
26.901,14.107
31.04,9.901
33.097,8.961
33.207,16.026
28.849,15.922
31.504,16.396
31.283,17.032
27.325,15.511
26.849,16.269
28.6,14.894
23.905,11.744
28.639,13.342
29.848,13.487
25.435,15.739
24.483,13.062
27.597,15.139
25.919,13.271
31.333,14.358
31.915,14.658
25.775,15.013
26.076,15.808
27.919,15.858
28.417,16.293
22.951,16.35
26.04,15.243
31.89,16.092
29.637,15.276
28.032,16.013
29.044,15.524
28.49,16.311
29.044,16.506
26.223,16.696
27.785,13.484
20.689,13.762
23.975,14.346
27.53,15.866
17.404,13.372
32.411,13.898
27.703,13.948
24.51,16.432
27.143,14.209
29.951,14.339
25.382,15.971
26.58,16.574
25.629,16.374
28.249,15.948
27.375,17.14
26.549,16.762
24.3,16.299
28.261,15.929
28.217,15.983
26.56,16.551
27.243,16.218
28.511,16.151
27.725,16.187
21.199,13.647
30.357,12.737
23.231,11.989
25.313,10.385
23.678,15.205
23.975,15.559
23.727,15.989
24.561,14.186
29.919,14.748
28.747,17.168
25.768,16.551
23.224,13.605
31.547,13.48
25.34,15.823
29.035,14.804
24.835,16.275
25.355,16.004
24.634,16.435
25.852,15.428
24.903,13.452
24.4,15.514
22.647,14.113
25.25,12.769
29.774,14.171
25.251,14.963
24.842,15.884
24.252,15.353
21.922,15.559
24.243,15.859
19.903,14.404
27.15,14.122
27.54,14.261
20.509,14.741
27.432,11.541
24.679,15.69
27.146,16.083
24.41,16.312
25.742,16.215
22.194,11.661
29.932,11.675
29.323,13.787
26.281,14.719
30.742,15.707
28.228,16.03
22.834,13.665
26.445,12.906
29.337,12.55
25.232,14.768
20.965,14.331
28.188,14.685
27.562,15.737
26.89,15.275
31.228,13.275
22.698,14.396
27.395,15.042
26.03,14.177
29.517,15.937
25.726,15.517
27.138,16.015
25.454,15.483
31.488,15.489
27.009,11.791
33.711,11.74
24.468,12.467
32.419,12.89
26.949,14.426
32.819,15.033
27.777,16.174
24.599,13.885
26.376,13.583
29.585,14.664
30.415,13.989
30.798,15.534
28.014,11.679
33.628,12.309
29.77,15.508
33.632,15.13
27.615,16.208
26.208,16.227
21.676,10.454
31.574,10.341
26.028,13.145
28.931,14.515
24.919,13.88
22.377,11.326
27.013,11.605
24.061,13.167
28.826,13.26
26.268,15.187
26.512,14.917
26.732,15.967
27.202,16.191
25.389,15.166
27.198,15.173
26.528,13.612
25.812,16.027
26.127,16.545
24.809,13.831
29.432,14.019
21.155,14.714
25.031,14.252
23.24,12.735
26.442,12.132
27.986,12.044
27.061,11.825
27.276,13.262
25.815,11.322
29.154,11.358
29.498,12.14
29.146,13.992
30.731,10.981
30.857,10.894
31.462,8.252
30.068,8.924
29.627,12.421
25.396,14.696
29.529,14.144
28.79,13.252
29.867,10.427
29.919,9.603
29.139,11.477
29.558,10.456
28.903,10.907
28.418,13.514
30.786,13.116
30.841,10.666
30.183,9.873
28.042,11.176
29.853,12.141
25.137,13.898
28.417,14.269
25.532,14.282
26.005,13.937
28.014,13.089
24.273,13.777
25.351,14.574
29.112,12.386
29.096,11.798
23.394,12.711
29.225,12.318
22.794,11.698
28.347,12.58
29.916,8.151
27.925,7.398
26.957,11.952
29.371,10.907
29.678,9.593
28.76,9.328
26.781,9.259
27.421,9.003
28.664,9.372
28.654,9.632
26.27,11.213
28.739,11.22
28.941,12.853
25.431,11.916
24.265,10.299
26.406,11.714
27.673,12.723
27.61,11.412
28.769,9.211
26.987,9.913
24.765,10.253
26.832,9.297
26.635,8.618
24.18,8.901
26.435,8.584
24.014,10.291
22.634,13.392
27.095,13.225
25.443,8.778
24.178,7.864
23.315,9.777
22.935,10.138
29.906,7.239
29.581,9.002
28.322,9.435
28.093,8.439
27.947,8.216
23.358,8.497
28.438,10.291
22.597,10.945
29.639,10.481
28.856,11.11
26.617,11.688
20.782,11.218
28.79,10.874
27.297,12.916
29.478,11.145
29.311,9.896
30.344,11.85
29.657,12.529
26.697,12.145
30.147,11.246
31.834,6.744
31.447,6.339
31.032,7.137
31.175,6.616
31.475,7.15
30.944,6.644
30.114,7.107
30.32,7.281
31.277,7.358
31.237,7.957
31.437,7.724
31.961,7.477
32.189,7.063
31.251,7.942
31.471,8.898
30.222,10.057
30.402,10.813
30.947,10.606
32.074,9.944
31.608,9.147
30.688,9.563
31.642,9.26
31.959,9.417
32.105,11.998
33.358,11.558
32.306,10.675
32.058,12.355
31.423,10.55
31.835,13.641
31.676,13.857
31.443,12.58
28.694,14.663
22.765,13.255
28.67,9.918
29.054,11.985
31.836,11.407
24.743,10.406
27.608,12.546
27.483,13.245
28.099,12.707
27.208,9.184
31.631,8.703
32.15,11.145
31.765,10.672
31.829,12.575
33.019,11.693
33.162,10.687
33.544,12.385
33.732,10.887
33.219,10.212
33.664,9.975
33.864,10.761
33.148,14.233
33.389,14.602
32.146,13.663
30.868,13.766
30.447,14.495
33.443,14.781
34.241,12.228
32.758,12.58
34.492,12.638
34.108,13.928
34.346,13.202
31.225,16.025
32.785,14.791
34.102,12.934
32.303,13.8
34.798,14.291
33.67,13.518
34.038,12.238
33.526,15.195
33.208,13.282
31.462,15.83
32.152,15.361
34.581,13.944
35.762,12.858
36.242,12.16
36.299,11.824
36.718,10.741
36.471,10.432
36.701,12.136
34.541,13.439
33.604,13.748
30.699,13.509
34.201,14.065
36.3,12.311
36.066,13.813
30.029,15.551
30.366,14.014
34.155,14.34
34.567,14.397
30.186,15.229
29.185,15.522
24.536,13.79
29.859,13.247
26.145,14.768
30.296,14.992
30.425,15.478
30.24,15.431
27.416,14.491
26.96,14.144
24.409,13.934
27.573,14.988
33.855,15.05
36.804,10.8
34.793,9.217
35.058,9.33
32.872,11.759
32.116,10.512
32.801,10.224
32.856,10.261
33.273,14.923
33.47,15.094
33.865,15.169
33.195,15.584
30.176,15.429
30.041,15.771
28.735,15.493
30.811,16.084
25.916,16.18
27.362,16.226
29.181,15.753
26.805,15.536
31.816,13.955
24.269,13.422
34.103,13.055
29.992,15.625
26.877,14.967
27.392,14.865
26.958,15.726
25.782,15.586
30.95,16.074
28.851,15.906
29.249,15.919
27.38,16.666
29.594,15.78
29.359,16.143
29.394,13.577
26.985,16.045
27.257,16.424
25.149,15.988
24.505,16.485
23.334,15.73
23.647,13.162
30.608,15.151
26.906,16.606
26.008,15.708
24.765,14.988
28.834,15.841
29.203,15.7
24.25,17.17
25.608,14.692
28.403,13.425
26.279,16.946
28.47,16.541
25.235,17.295
23.487,16.647
20.245,16.803
23.989,13.237
25.666,12.908
27.947,13.664
25.946,15.874
24.584,15.76
23.184,13.362
29.881,13.643
24.488,16.193
27.103,16.172
24.11,16.422
24.351,15.896
27.794,15.585
23.613,15.963
23.701,16.118
26.055,14.304
27.309,13.632
22.401,14.516
28.162,15.276
23.285,16.824
26.641,15.854
25.689,16.858
25.52,15.246
33.461,14.336
26.04,16.851
25.184,16.634
23.83,14.411
23.93,14.317
27.065,15.761
29.48,13.901
27.914,15.378
26.678,13.48
24.279,14.156
22.877,13.758
23.288,15.517
23.713,11.805
24.788,11.014
19.383,10.138
25.664,12.102
27.809,10.665
28.071,13.84
28.11,13.833
25.473,15.749
26.481,14.739
29.722,12.149
20.691,15.335
31.415,11.821
27.492,15.553
28.776,14.589
24.415,16.663
25.231,15.162
24.364,14.986
27.13,15.007
30.278,16.156
25.103,14.745
27.127,13.711
24.457,15.787
24.88,14.818
30.294,14.486
21.658,16.333
26.236,16.214
25.575,15.645
26.201,15.295
27.674,15.125
28.053,15.906
23.757,16.413
27.415,15.353
25.069,15.455
28.211,15.921
27.982,15.028
24.926,15.491
27.6,15.54
26.581,15.857
25.079,15
27.481,15.274
23.262,15.298
24.375,14.729
27.072,15.423
25.972,12.812
24.407,15.491
27.63,13.309
33.527,14.2
33.019,15.89
30.447,15.115
29.513,14.597
33.221,13.057
20.99,16.355
26.387,16.342
23.283,15.254
26.161,15.779
20.388,12.023
31.041,11.716
24.678,15.416
25.339,15.166
21.914,13.031
27.541,12.394
22.285,10.318
31.055,11.581
28.054,13.739
22.816,16.269
24.066,13.412
29.561,11.28
23.927,13.561
26.241,14.967
26.032,13.996
29.446,15.285
26.466,15.825
32.465,15.722
26.266,16.221
29.629,14.33
28.754,15.906
20.342,16.788
25.771,12.334
29.499,14.997
22.508,15.987
30.205,13.538
24.21,13.373
28.826,12.055
26.087,13.685
21.936,11.088
26.426,11.626
25.132,12.216
30.364,13.04
27.498,13.951
29.244,14.088
30.457,13.113
30.232,12.546
29.598,12.276
26.13,14.763
27.753,14.753
24.917,12.873
28.393,14.26
26.861,14.582
26.255,15.392
28.427,15.932
29.7,13.96
29.558,13.511
26.591,13.696
25.408,14.233
27.649,14.069
22.691,13.735
27.919,12.715
28.33,13.626
27.467,13.187
28.784,12.932
26.921,12.898
20.323,13.111
26.244,13.2
26.786,13.899
28.781,12.569
25.41,10.881
25.002,13.999
28.584,11.369
29.346,8.121
29.624,7.999
30.049,6.868
28.829,6.623
28.263,7.996
28.735,8.115
29.11,8.317
27.848,11.51
25.116,13.057
26.477,11.48
26.743,11.153
24.558,11.177
30.139,9.428
29.446,10.778
28.981,12.257
27.644,10.319
30.088,9.795
29.942,9.612
29.927,8.771
29.049,9.304
29.349,11.871
28.703,11.144
30.545,7.162
29.577,6.597
30.069,7.6
28.749,7.701
28.923,7.919
29.479,8.244
29.34,8.22
29.015,7.885
26.928,7.868
27.635,7.465
30.186,6.513
29.796,6.419
29.546,5.106
28.997,4.44
29.861,5.584
29.697,7.298
28.776,9.987
30.174,8.137
30.083,7.012
29.052,6.532
29.832,6.057
31.052,6.241
30.694,5.933
30.157,5.231
30.51,4.737
30.922,4.947
31.065,6.436
31.168,7.174
30.154,9.192
29.935,9.24
28.613,10.229
28.742,11.89
27.659,9.549
26.826,7.584
29.172,8.022
25.57,11.699
29.567,11.067
28.473,10.675
30.244,11.208
27.469,14.702
28.965,12.433
29.935,9.302
31.377,9.518
31.155,8.395
31.86,7.362
31.904,5.587
31.13,6.935
31.468,8.134
30.819,9.088
31.447,11.037
30.476,11.446
24.326,12.151
29.642,11.058
23.167,12.165
28.332,12.704
28.525,11.921
24.813,12.535
29.655,12.141
30.927,9.037
30.465,9.987
27.25,11.224
29.26,12.918
25.497,13.103
29.231,13.347
31.833,12.819
29.149,11.017
31.073,12.289
29.218,10.466
29.925,11.112
27.393,11.822
28.722,11.782
28.935,11.385
26.771,10.965
29.895,14.101
31.573,14.887
31.681,12.016
31.543,13.377
31.898,11.659
33.005,10.676
32.701,12.629
32.568,13.15
32.729,12.669
32.015,12.892
33.512,11.653
33.671,10.99
33.158,11.379
34.44,7.93
35.034,8.335
35.41,10.165
35.515,12.357
35.984,12.521
35.382,12.275
34.953,12.706
30.487,12.919
33.506,12.71
33.241,14.693
23.702,13.049
30.885,14.443
27.547,12.709
32.13,10.833
31.286,12.584
31.892,13.32
33.401,12.276
32.122,12.14
33.014,15.137
33.446,15.59
33.747,14.657
31.945,14.688
25.251,14.041
25.504,15.987
27.279,14.876
26.519,12.47
28.437,13.356
28.441,15.801
28.707,14.706
30.83,14.78
32.443,14.94
26.059,15.053
24.088,14.553
24.311,14.822
23.002,14.336
21.539,14.887
26.931,14.949
31.394,14.927
22.943,14.986
23.722,14.194
24.817,13.946
30.375,14.274
32.585,13.543
32.626,12.541
33.022,10.312
32.552,10.15
30.381,11.288
29.686,14.422
27.014,15.019
27.115,14.889
25.284,15.564
27.083,15.288
27.019,14.987
27.217,15.424
25.566,14.886
22.271,15.27
23.626,14.785
26.64,13.933
26.169,15.122
25.763,14.364
29.793,14.404
26.836,15.259
28.848,15.574
27.758,15.212
32.293,14.122
28.665,16.054
29.627,14.554
29.255,14.787
25.343,16.3
28.287,15.39
27.228,15.166
27.841,15.603
28.59,15.974
28.472,15.253
32.658,14.7
29.478,14.24
27.09,14.742
26.677,15.337
27.546,15.279
28.26,15.09
27.399,15.027
28.74,15.547
27.08,15.651
27.821,15.451
27.051,15.483
22.794,15.965
27.614,13.279
28.928,14.015
24.258,15.138
27.106,14.606
28.142,12.717
26.243,12.44
23.98,14.037
26.803,13.234
31.04,13.616
27.454,12.867
29.905,15.953
27.336,16.701
26.782,15.421
26.107,14.975
23.274,13.62
26.036,13.625
25.232,12.965
26.245,14.127
27.389,14.033
27.179,13.637
25.726,12.907
27.154,13.519
25.071,14.267
22.688,15.914
25.51,16.103
29.149,13.814
26.245,11.86
22.493,14.468
23.389,14.765
23.221,14.422
26.856,14.047
25.684,15.077
22.495,13.625
28.501,12.109
25.911,14.989
28.935,15.907
29.703,16.244
22.967,16.926
21.34,14.328
20.896,13.398
24.939,14.827
25.067,13.569
23.276,13.756
24.406,14.269
29.258,13.961
31.727,13.21
30.477,17.051
27.746,16.293
23.12,16.939
24.585,16.766
28.451,15.839
25.541,14.471
27.7,16.268
20.265,11.6
29.395,13.722
22.738,14.792
26.557,14.407
27.572,15.692
26.429,13.532
26.421,13.865
24.348,15.831
29.51,15.411
23.808,16.11
25.071,13.743
26.617,12.908
24.944,13.982
25.097,14.139
24.143,12.901
25.541,12.652
26.047,13.629
21.653,15.762
24.369,15.339
29.034,13.87
26.099,15.76
20.428,13.688
26.432,14.484
25.475,16.302
24.675,15.963
26.587,14.682
24.859,14.033
27.199,15.076
20.285,12.094
19.452,11.28
26.375,11.043
25.314,11.512
27.882,11.93
26.355,16.052
25.068,15.921
26.267,15.23
24.045,12.205
24.171,14.105
23.6,11.182
33.541,11.207
26.24,14.553
29.314,14.497
25.736,16.436
28.178,15.647
28.768,13.937
24.332,13.384
31.877,12.936
29.364,15.095
28.823,15.208
25.505,16.135
26.574,15.293
29.556,12.251
29.141,16.099
25.871,16.346
25.437,16.217
25.997,15.535
27.981,14.992
31.996,10.935
30.727,10.955
26.43,15.296
25.734,15.391
26.676,15.422
28.404,15.779
25.782,14.157
27.464,13.187
29.722,12.256
25.682,12.54
28.725,12.166
28.51,14.954
25.08,16.39
25.436,16.175
22.723,13.707
32.387,12.424
27.314,15.22
23.297,14.108
28.46,13.858
27.507,16.159
23.767,12.214
27.73,12.724
30.247,15.71
31.547,14.194
32.389,13.786
31.812,15.257
31.565,14.495
29.729,14.356
29.169,13.86
32.236,13.699
32.306,11.598
32.071,10.779
31.175,9.974
29.64,10.135
29.143,14.293
29.607,12.761
29.382,12.29
29.783,10.47
30.12,9.978
29.904,12.642
29.662,13.125
30.779,11.175
31.141,8.907
31.232,7.814
29.559,13.206
28.301,15.09
29.687,15.15
29.537,14.841
29.424,14.424
28.011,14.682
28.131,13.384
30.568,11.084
29.882,9.414
29.685,9.662
27.176,12.159
27.215,13.91
28.587,13.602
29.778,10.032
29.675,8.561
29.021,7.745
27.743,9.769
26.135,12.2
26.341,12.465
28.26,13.846
27.904,12.75
28.647,10.432
29.524,9.135
28.357,11.859
29.543,12.114
30.027,10.517
30.231,8.311
30.133,7.622
30.032,7.19
29.784,7.319
29.614,9.286
30.147,8.046
30.257,8.878
30.623,9.356
30.998,9.342
30.002,9.95
21.275,11.552
30.61,8.348
28.879,10.908
28.103,10.532
27.549,12.739
28.838,12.12
22.866,12.493
29.343,13.569
31.33,9.555
31.139,9.589
28.165,15.189
24.765,14.955
21.933,15.895
24.073,11.676
29.461,12.454
30.302,10.199
29.401,10.681
30.221,11.962
30.792,7.846
30.064,7.633
29.713,7.757
28.036,11.817
27.407,13.271
23.235,12.707
30,10.421
29.295,8.572
28.907,9.255
29.011,9.461
28.996,9.181
30.331,8.526
30.533,9.328
30.121,8.562
29.869,9.227
31.301,8.262
31.171,9.6
30.807,11.652
30.174,16.364
28.737,16.46
32.405,13.94
32.475,13.165
31.185,14.661
31.088,15.75
31.904,13.976
32.119,11.807
29.019,12.352
29.31,16.128
31.279,16.145
29.69,15.314
24.737,12.511
31.338,14.864
30.76,15.394
25.116,13.357
30.606,12.968
30.404,14.171
31.846,10.776
30.617,11.945
31.44,12.209
32.236,14.049
32.75,12.042
32.688,11.743
31.888,12.646
31.398,14.144
34.084,10.913
33.816,9.539
34.432,11.808
33.175,15.181
30.816,15.179
33.545,14.277
32.067,14.19
27.685,14.415
31.7,15.832
23.817,16.781
30.753,15.008
24.701,17.231
25.243,15.436
28.973,13.589
30.508,12.991
29.381,14.344
27.337,13.936
26.217,14.413
26.821,13.433
30.403,10.57
29.038,9.492
33.065,10.346
30.159,13.413
32.334,12.166
31.894,12.351
29.346,13.907
30.783,14.019
30.28,14.2455
29.777,14.472
26.54,16.644
23.706,17.056
25.165,16.509
30.392,13.732
30.876,12.936
30.338,15.202
26.195,14.364
31.741,13.285
31.079,12.005
32.954,11.778
26.484,14.064
30.447,12.725
24.088,13.439
26.022,14.205
28.211,15.927
29.077,15.939
25.005,14.991
26.505,16.302
26.184,13.503
27.397,14.496
27.049,16.75
31.746,16.97
32.516,14.903
32.1,15.675
24.602,13.484
31.213,13.023
33.14,13.626
28.239,17.951
25.732,16.013
27.992,15.977
24.075,13.985
32.509,13.525
31.433,15.813
30.827,15.835
31.32,15.825
31.182,16.017
30.597,15.583
32.097,15.184
28.931,15.226
29.983,14.733
28.13,14.809
29.483,15.235
29.772,14.793
28.286,14.181
27.719,14.61
29.73,14.283
26.349,12.382
33.016,13.323
33.786,13.203
33.88,15.757
30.753,15.389
23.169,14.155
23.67,13.789
27.637,14.001
31.322,14.422
33.849,13.676
35.171,11.838
36.228,9.122
33.25,14.084
25.687,15.962
28.877,12.885
30.678,11.028
31.528,14.064
30.962,15.513
25.583,13.895
25.58,11.531
32.138,15.327
22.956,17.276
21.914,15.621
29.017,15.635
26.901,16.492
22.352,16.869
20.402,15.942
29.134,13.9
23.591,14.28
28.795,14.176
35.865,13.827
30.63,15.989
31.135,16.74
32.514,16.022
36.244,15.366
31.123,13.802
31.311,14.183
28.065,15.173
26.016,14.534
32.749,11.443
33.373,12.751
19.21,14.323
31.399,12.972
27.133,13.621
32.468,13.625
30.766,15.903
29.272,13.954
27.853,12.569
29.426,13.335
28.098,10.976
32.525,12.719
28.729,15.048
27.796,14.428
33.264,16.31
26.789,15.891
27.618,16.516
28.519,16.198
28.315,15.092
25.603,13.215
28.242,15.179
24.047,11.499
27.511,12.833
27.354,15.406
28.621,14.394
25.946,11.016
25.786,12.856
25.998,14.197
27.96,15.13
26.162,15.794
30.063,15.491
31.002,14.711
25.812,14.622
28.488,13.641
21.111,14.139
27.154,11.485
27.106,13.271
24.302,13.173
25.237,14.283
26.004,13.313
26.523,15.311
29.241,15.394
23.791,14.115
27.612,16.329
30.019,16.481
25.75,15.581
27.724,14.421
28.072,15.825
25.715,16.047
23.715,15.994
28.473,15.79
29.05,14.844
23.869,16.086
31.359,14.898
24.055,15.45
24.315,15.644
25.42,15.077
23.654,16.587
25.08,14.749
25.121,15.05
27.42,15.917
24.59,15.301
24.767,14.35
23.366,14.208
25.394,14.159
25.489,16.982
25.355,13.548
28.798,12.689
32.016,16.751
25.507,13.766
24.681,13.723
24.7,14.656
25.289,13.284
23.897,14.262
26.584,12.86
29.24,15.478
26.248,16.836
22.636,16.449
26.076,15.926
26.07,16.312
25.079,16.368
25.793,16.165
23.329,15.526
23.617,15.25
26.915,15.759
24.454,16.216
23.732,15.492
21.443,15.06
28.651,13.764
29.45,13.303
27.535,14.51
28.705,15.71
28.922,15.357
26.298,15.08
31.363,14.512
23.957,14.439
26.06,13.692
23.99,17.265
26.251,15.881
28.241,17.017
23.119,14.758
32.257,13.983
25.17,15.206
24.775,14.3
28.009,13.547
26.312,13.266
28.783,15.85
22.427,13.95
29.952,13.997
26.95,15.057
31.814,15.11
26.081,14.734
25.584,15.174
26.05,14.041
30.574,13.819
29.517,15.72
24.596,11.525
30.52,11.876
25.8,12.73
34.198,12.972
25.809,15.206
25.268,16.163
29.155,15.757
29.343,16.042
28.853,16.928
27.55,14.704
27.238,15.14
24.186,13.915
26.408,14.778
25.822,16.335
25.841,14.707
22.159,8.825
30.008,8.788
26.06,13.731
28.033,12.56
24.522,15.496
22.141,11.008
27.338,9.697
26.721,12.705
26.407,13.69
27.707,14.5
24.272,14.36
26.161,14.851
26.932,14.286
27.147,14.807
30.352,13.286
27.56,13.145
29.72,13.688
27.487,14.746
31.101,15.655
24.679,13.256
30.15,15.075
26.695,15.752
29.429,13.184
31.282,12.472
29.84,11.136
30.751,9.634
29.686,9.417
29.51,12.123
29.383,11.139
30.484,8.046
29.874,6.827
30.228,7.638
30.257,6.846
30.321,9.361
29.818,9.803
30.05,13.17
25.23,11.829
29.128,12.656
23.355,10.962
29.09,12.48
29.019,12.128
29.032,11.806
29.919,11.861
29.155,11.495
29.365,10.603
30.519,12.558
25.121,13.611
26.506,14.622
22.936,11.806
27.667,11.911
29.628,13.943
29.749,11.987
30.35,9.917
27.707,12.176
27.06,13.161
29.916,10.79
30.475,9.944
30.287,9.176
30.366,7.979
30.246,9.954
30.673,10.034
26.784,12.647
28.009,14.48
22.62,15.482
23.219,14.537
27.143,13.846
24.318,12.498
26.924,14.75
29.849,15.335
28.986,15.001
28.087,14.116
28.681,13.696
28.738,15.377
30.274,11.364
28.611,10.341
28.399,10.734
30.634,9.1
28.438,11.556
27.317,10.819
30.49,10.524
30.211,10.632
29.971,9.148
28.697,11.181
30.461,9.369
30.977,8.557
28.529,10.56
30.267,9.552
31.046,10.264
30.541,9.215
30.736,8.866
23.761,13.443
30.468,14.319
22.512,15.276
30.417,16.233
21.939,15.067
31.846,13.543
32.18,11.318
31.944,12.333
29.562,14.629
29.215,15.915
23.556,15.583
27.981,12.32
23.036,16.204
28.546,13.608
32.342,10.396
32.068,8.017
31.757,8.201
30.908,10.217
27.165,10.436
31.269,11.957
30.599,12.652
30.841,11.809
25.196,10.947
29.061,9.414
29.153,10.109
26.168,13.9
31.599,14.935
31.697,12.819
32.211,11.463
32.279,12.379
32.767,12.164
32.424,14.373
31.452,14.87
29.893,13.062
29.674,10.492
28.828,13.802
27.084,11.791
28.593,10.565
30.286,10.694
31.708,13.314
31.393,13.087
30.954,11.233
31.967,9.261
30.543,9.384
30.351,11.67
30.876,12.43
30.413,10.418
25.221,14.093
32.552,12.672
33.624,11.511
33.022,12.231
27.706,15.293
27.623,17.097
28.036,11.944
31.976,11.42
30.553,12.187
30.69,11.81
30.712,15.102
24.514,14.791
32.678,13.264
32.196,10.664
33.545,10.781
33.116,11.951
33.277,13.991
33.903,13.992
34.115,12.31
33.835,11.582
26.437,13.962
34.492,14.444
33.195,13.419
30.256,14.154
31.931,12.871
30.663,12.6
32.919,13.618
27.013,16.337
33.016,13.363
32.194,12.739
32.589,12.901
32.718,13.096
30.859,12.413
32.87,10.551
33.837,9.545
34.683,10.245
34.752,10.469
34.987,13.173
35.167,12.573
29.034,13.04
30.704,13.572
23.971,14.872
27.93,15.526
30.085,14.456
28.5,15.985
29.765,15.266
29.466,15.615
25.675,15.874
28.575,15.477
28.781,14.142
31.786,13.386
28.741,14.794
30.363,15.843
31.349,15.405
30.797,15.16
29.696,15.499
27.045,15.823
26.469,14.75
29.023,15.325
27.526,15.376
28.864,16.172
28.19,15.817
27.168,15.266
27.092,16.01
30.934,15.909
26.931,14.726
28.95,15.268
33.21,15.093
35.437,12.259
35.997,11.849
34.206,12.117
34.568,13.282
33.104,14.322
30.753,15.279
27.553,15.038
33.425,16.372
28.557,17.874
30.969,15.574
23.367,13.261
28.709,14.1
26.036,11.2
31.486,12.983
31.019,14.471
28.848,17.34
26.454,15.716
30.416,13.985
29.143,15.219
26.953,14.709
31.333,15.283
35.158,15.452
31.269,16.939
30.037,17.165
26.943,16.69
26.764,17.6
25.539,13.23
32.171,15.46
28.897,15.47
28.173,15.336
27.496,15.903
23.121,13.425
27.456,12.285
27.644,13.98
27.727,16.14
28.155,16.528
25.763,14.642
26.123,13.252
29.318,11.914
28.157,14.656
30.053,14.891
27.821,13.793
27.981,16.087
25.754,17.256
29.98,17.007
27.472,17.45
25.624,16.181
26.99,14.247
23.705,11.842
27.399,12.276
29.717,12.873
27.336,16.965
31.179,16.608
31.506,16.013
29.042,14.518
29.514,15.355
27.901,15.927
26.694,14.021
27.597,14.419
24.754,13.59
26.175,12.73
27.936,12.923
20.259,12.903
29.416,13.961
24.844,14.705
24.989,15.36
25.587,14.71
21.05,12.325
23.842,14.569
29.966,14.949
22.697,14.573
27.387,13.91
26.201,16.439
26.474,14.037
32.65,14.05
30.9,13.868
25.531,15.403
25.092,14.025
29.992,13.054
27.159,13.641
26.801,12.466
23.782,12.947
26.715,13.558
25.792,13.666
25.603,15.772
26.722,13.463
28.654,14.553
25.436,14.358
27.927,14.669
25.223,17.536
29.412,17.511
24.602,17.637
23.219,15.219
25.132,17.133
25.178,18.17
24.016,16.72
25.535,16.741
25.243,16.286
24.958,16.691
24.589,16.795
20.944,15.83
24.954,13.25
23.353,11.478
26.269,13.675
25.426,13.827
27.406,13.467
26.357,15.785
22.944,15.915
23.444,15.775
24.899,16.581
23.84,16.451
27.169,15.084
28.287,16.808
30.361,16.712
27.215,16.671
24.266,15.448
25.784,15.178
30.494,15.96
26.474,16.277
27.62,15.501
25.375,14.005
26.633,15.336
26.473,15.974
26.385,15.13
29.581,15.63
21.942,16.259
26.262,15.066
24.442,16.053
26.233,15.602
27.326,14.897
27.197,15.158
23.178,13.07
31.099,15.905
25.564,17.016
22.988,14.514
22.895,14.062
24.275,13.78
30.456,14.321
26.135,15.967
24.101,15.406
30.652,15.281
28.465,15.765
25.629,15.08
25.652,14.502
21.331,14.435
27.317,14.113
24.881,14.087
32.722,14.483
26.816,16.122
30.159,16.331
28.203,15.452
25.004,14.57
22.966,13.294
25.017,13.885
25.807,12.094
28.628,15.5
27.655,16.788
26.072,16.257
27.475,16.207
29.5,16.138
27.591,15.54
32.998,15.487
31.23,15.133
25.129,14.465
22.694,15.074
27.378,14.372
26.687,15.156
28.344,15.392
28.391,15.135
32.308,7.943
31.725,7.43
31.463,9.265
30.482,12.677
29.006,13.975
30.151,13.904
27.263,14.663
31.323,9.651
31.314,7.235
30.905,7.507
30.044,9.254
30.839,11.492
30.644,12.826
31.122,9.86
31.09,8.875
30.221,11.049
27.297,13.504
28.006,13.735
27.88,12.586
29.916,12.307
28.653,12.055
29.236,12.569
29.821,11.166
28.535,11.505
26.199,13.904
30.113,12.002
29.414,10.172
30.088,12.544
26.593,12.643
19.631,14.8
22.801,13.514
20.436,11.174
25.391,10.334
22.92,11.97
29.176,12.049
28.722,11.023
29.316,10.567
26.95,11.806
29.777,12.544
29.494,12.096
29.377,10.994
29.847,10.668
29.949,10.175
29.189,13.098
27.506,12.988
26.467,11.352
29.726,7.96
29.583,6.77
29.098,6.818
28.954,5.856
28.918,6.289
29.677,6.069
30.043,7.503
29.613,10.345
28.651,12.74
22.97,14.107
25.511,14.786
25.283,15.039
21.781,12.328
27.115,12.906
29.454,10.843
26.335,12.556
22.436,12.801
27.706,13.951
26.954,15.446
27.873,13.629
27.281,13.243
26.925,8.345
27.277,7.656
27.927,8.11
27.852,12.304
28.757,12.611
26.817,10.619
26.862,10.664
25.515,12.82
29.49,13.957
27.064,13.014
27.26,12.571
29.203,10.21
28.662,10.529
30.621,10.886
30.644,8.634
29.538,9.834
31.098,10.314
31.608,9.21
31.414,8.488
29.294,9.464
28.068,8.672
29.72,11.849
30.162,11.351
30.024,9.757
30.728,7.778
30.882,6.772
31.347,9.186
31.245,9.711
31.598,9.315
30.662,9.91
31.296,11.244
31.593,11.393
31.454,10.442
31.19,10.256
31.538,10.341
33.069,7.888
31.779,9.704
30.977,9.795
29.729,8.941
32.025,8.856
31.773,9.326
31.791,8.942
29.992,10.562
27.452,13.052
21.334,16.076
22.191,15.796
28.997,12.903
29.189,12.411
24.297,9.63
29.266,10.681
26.849,13.24
29.978,11.202
30.473,11.346
29.905,12.103
29.898,11.754
27.773,13.369
30.871,12.324
28.511,12.725
30.327,11.994
30.796,14.208
28.688,13.702
26.57,14.246
28.037,13.723
27.236,14.415
26.415,11.234
28.066,10.353
31.411,8.488
28.953,10.25
31.431,8.775
27.991,9.391
32.207,8.481
25.282,11.844
32.81,11.524
32.251,11.957
29.423,12.219
27.839,13.982
24.942,14.86
28.756,14.895
26.784,15.025
28.031,15.958
31.229,15.524
27.32,14.873
28.091,11.829
27.025,11.932
27.117,12.299
25.533,14.33
25.944,13.028
26.183,16.106
24.76,15.176
27.585,13.518
28.618,15.37
28.351,15.794
28.171,16.205
27.758,16.486
29.589,16.418
26.202,16.807
24.781,12.855
27.737,13.67
26.413,15.9
25.229,14.699
27.555,15.411
26.444,15.229
29.254,14.737
24.434,15.962
24.803,13.021
31.55,13.909
30.51,15.533
29.287,15.358
27.571,15.526
27.016,15.49
27.86,14.204
29.959,14.338
27.579,15.239
31.012,14.969
25.303,14.184
25.832,14.569
25.955,13.207
27.289,13.411
31.43,13.902
33.268,13.283
31.55,13.829
29.041,13.989
32.717,13.776
31.548,14.599
27.241,14.416
25.429,14.945
29.925,14.96
28.025,14.981
30.438,14.919
29.827,15.283
31.373,14.69
27.779,14.951
25.233,13.538
25.649,13.832
28.415,14.535
30.166,15.771
27.342,14.243
30.023,14.952
25.595,15.502
21.632,15.666
20.175,15.952
25.858,14.937
29.146,15.1
29.981,15.243
27.647,15.337
27.22,14.458
29.186,14.991
26.59,14.319
29.338,15.351
28.205,15.951
29.348,16.046
27.365,15.231
25.868,15.836
25.005,13.333
28.413,11.912
22.073,10.193
28.726,12.677
25.992,15.532
25.003,13.946
25.408,14.223
26.059,14.885
27.755,14.965
25.023,15.842
25.784,15.124
23.499,15.16
25.898,14.828
25.279,14.438
17.999,13.175
23.281,13.919
24.528,15.202
28.294,15.516
23.394,14.583
29.792,13.45
23.065,15.519
18.574,14.827
24.216,14.175
25.485,14.714
25.362,17.072
21.39,14.361
23.038,14.555
25.472,15.29
22.011,15.913
23.583,15.329
18.875,15.869
22.658,15.508
25.202,15.49
26.917,14.125
20.323,14.912
26.051,15.731
28.881,16.064
25.94,16.383
25.905,15.934
29.913,15.442
26.782,16.687
25.029,16.042
28.396,16.322
20.917,16.782
30.301,16.43
25.099,17.196
27.171,16.401
24.271,16.313
23.01,16.319
27.16,16.974
27.71,16.134
30.716,15.019
27.334,16.35
27.766,14.727
25.423,17.194
23.453,16.871
24.358,15.871
24.274,15.212
21.927,15.348
25.254,15.29
24.713,16.666
20.859,16.703
24.191,16.566
30.823,15.58
24.842,16.023
29.355,14.787
27.299,16.227
20.453,16.318
25.504,15.942
23.479,16.359
27.873,16.085
22.291,16.2
21.342,15.354
19.132,14.86
20.486,11.191
28.077,10.48
28.647,15.981
24.229,17.048
23.883,15.921
26.019,15.844
23.787,15.443
29.68,14.283
29.921,14.958
28.906,16.142
23.983,15.94
23.664,13.808
29.074,12.426
23.875,15.114
23.761,14.35
21.966,13.716
26.024,12.537
24.969,12.044
23.669,12.702
23.817,12.899
29.747,12.133
28.76,13.281
31.927,13.65
27.857,14.882
23.225,15.507
24.386,15.525
31.086,10.966
34.304,9.865
31.309,15.949
25.148,16.649
28.706,15.558
32.483,16.294
25.072,14.928
25.896,13.33
28.463,13.287
20.293,14.738
28.021,14.067
26.261,15.755
31.692,14.892
27.326,16.322
26.292,15.479
23.584,15.684
25.618,14.917
24.834,16.071
25.566,16.026
31.64,16.044
24.779,13.599
27.24,14.431
23.375,12.936
29.815,12.581
22.891,12.08
25.06,13.89
18.796,10.918
27.517,10.443
24.318,10.738
24.778,12.69
25.386,12.395
26.054,10.83
28.598,13.953
25.729,13.624
30.056,14.98
26.196,15.152
24.261,15.609
23.496,14.156
24.792,12.267
25.274,15.184
27.529,14.006
27.003,15.125
27.912,13.179
26.254,10.592
28.824,14.035
30.235,15.113
30.272,14.325
25.569,11.307
27.56,13.078
22.29,14.633
24.838,13.837
24.832,14.784
24.66,14.577
22.942,14.391
26.184,15.199
20.886,14.782
24.707,14.953
24.909,13.172
29.801,11.6
28.66,12.017
27.702,14.464
24.307,13.437
24.44,13.939
23.404,11.086
27.226,12.51
22.361,11.355
28.09,12.403
23.451,13.354
25.47,13.211
29.202,10.94
28.914,10.033
27.551,11.798
26.828,13.089
27.742,12.994
28.139,11.088
28.047,10.953
27.244,10
23.173,11.724
28.977,11.494
24.58,10.962
26.746,11.394
21.259,10.627
28.583,10.77
28.013,12.593
25.909,10.365
28.467,9.026
27.265,10.232
28.041,10.733
26.334,12.233
26.652,12.513
27.092,12.872
29.165,13.17
30.278,11.23
29.87,11.729
29.375,13.45
29.724,11.379
26.176,13.943
21.976,12.086
23.972,9.519
28.557,7.966
30.385,9.02
29.666,10.45
28.244,13.615
30.169,12.469
30.563,7.979
28.048,7.235
27.798,8.597
21.402,9.487
24.393,9.928
26.597,10.423
23.981,12.129
27.792,13.188
22.33,11.619
27.162,11.823
23.329,7.383
26.762,8.371
21.294,9.642
27.576,10.878
29.694,9.081
28.268,10.447
29.824,11.235
28.692,9.784
28.044,10.721
28.353,10.098
28.434,9.402
27.583,8.86
27.525,8.477
27.501,7.326
29.276,7.172
24.352,10.254
28.334,13.607
29.411,15.232
28.775,15.831
28.366,15.526
29.793,12.464
29.998,11.567
30.135,11.688
28.607,12.636
28.165,11.575
31.153,8.292
30.66,7.91
29.847,7.389
29.881,9.412
30.216,9.527
29.039,10.224
26.968,12.469
29.107,10.851
20.28,14.23
29.858,14.238
21.71,11.69
30.411,9.742
30.397,10.026
30.097,10.402
30.662,9.705
30.961,10.63
30.232,9.736
31.345,6.803
31.224,6.232
31.769,8.21
31.776,11.015
30.589,11.24
30.764,11.528
32.048,8.69
32.143,7.437
32.415,7.109
32.318,7.736
31.897,10.203
30.6,11.86
30.952,10.722
29.042,13.974
31.543,11.574
32.367,9.914
32.732,7.752
32.496,7.322
32.103,7.499
32.75,8.371
32.286,10.909
28.772,13.171
27.042,13.961
28.201,16.016
25.999,15.848
24.407,12.834
26.768,12.352
25.705,11.448
24.841,11.427
28.831,10.837
30.391,12.561
30.14,14.166
29.919,13.764
28.788,15.033
24.124,13.677
28.697,14.704
23.744,15.632
30.678,14.442
30.195,11.848
31.755,10.884
32.057,11.13
32.161,11.946
31.401,13.471
32.523,13.217
32.863,12.928
32.242,14.313
29.724,14.983
29.376,16.081
30.421,11.657
32.096,5.52
31.689,5.097
32.473,7.397
31.916,9.976
32.043,12.382
30.006,14.279
25.863,14.997
31.095,13.734
29.333,16.03
28.399,14.954
31.873,15.087
30.508,15.246
28.522,15.1
28.283,13.449
32.821,11.306
31.614,11.448
30.896,13.25
23.663,15.254
25.725,13.834
25.462,14.106
29.432,14.125
27.441,12.895
29.567,13.418
33.724,14.404
33.715,12.716
33.655,12.898
32.484,12.429
32.694,10.835
31.692,11.639
32.006,10.929
31.883,12.065
27.188,14.778
28.181,14.822
28.61,14.36
29.771,14.956
30.424,14.992
27.322,15.407
25.207,13.972
24.503,11.185
30.191,13.697
27.691,14.727
29.316,15.14
33.116,13.155
30.534,14.878
29.057,15.803
25.907,15.606
26.811,15.601
27.071,15.231
30.201,11.588
30.993,11.686
28.744,16.319
28.973,15.679
30.248,14.27
26.977,15.765
26.994,12.972
28.21,14.15
30.605,15.295
24.625,11.403
28.64,13.945
26.705,9.911
31.141,11.603
27.933,11.22
26.063,15.033
26.188,16.189
28.027,15.666
30.462,14.232
25.241,8.007
31.049,8.84
32.73,11.484
29.255,14.51
27.367,8.102
34.674,7.666
29.457,14.658
25.577,16.413
25.978,16.503
27.488,15.717
26.788,15.742
24.799,14.765
26.293,15.253
23.007,13.657
28.797,12.235
28.347,13.592
30.856,13.996
30.201,14.927
32.049,15.264
30.272,16.897
30.546,16.179
30.291,16.304
25.472,13.776
24.637,12.797
24.773,12.792
30.181,12.634
21.128,11.735
29.451,11.404
19.476,11.745
25.021,13.172
27.59,11.694
24.34,12.573
28.572,13.425
25.721,14.259
26.106,12.817
26.953,16.898
25.668,17.019
27.314,15.259
25.674,16.638
20.074,11.754
20.697,11.37
23.461,10.859
20.125,9.52
29.84,10.173
27.725,14.621
28.34,10.398
27.079,13.275
25.479,12.12
26.825,12.916
25.772,13.533
27.862,14.823
25.646,12.967
25.836,12.724
26.053,13.837
25.684,15.426
23.318,15.066
28.838,15.437
25.928,13.203
26.155,12.179
26.087,13.846
23.68,12.436
27.169,13.154
24.689,14.848
25.55,12.617
27.859,10.83
26.431,15.558
21.512,17.369
24.743,15.682
30.982,15.998
28.003,16.37
28.309,16.131
22.443,15.835
25.214,16.059
27.042,14.561
23.066,13.357
26.973,12.065
27.057,14.66
28.084,15.266
24.547,15.527
23.77,14.677
23.778,15.81
23.759,16.298
21.6,14.603
22.281,12.587
24.811,14.054
24.531,14.653
27.484,14.787
29.486,13.768
24.947,15.236
20.769,13.941
28.594,14.583
30.05,15.649
29.692,15.857
28.892,15.272
30.029,16.28
28.957,16.729
23.063,15.065
23.978,15.524
33.092,15.538
22.106,13.443
27.106,12.539
29.101,13.86
25.505,13.378
32.614,12.477
26.408,15.894
24.775,16.267
28.2,15.614
28.4,14.501
25.898,15.008
25.113,16.153
24.358,15.808
22.252,16.295
22.176,15.772
19.26,10.936
31.326,12.789
33.916,11.469
23.96,14.925
26.351,13.937
25.535,14.988
26.088,14.848
24.904,10.9
28.991,9.066
24.017,13.793
20.519,10.178
26.701,9.004
25.203,11.714
27.483,11.943
30.826,11.842
22.281,14.213
29.363,14.846
27.398,14.132
28.481,14.084
23.36,16.112
23.838,13.363
30.569,13.606
25.314,15.63
31.804,15.399
24.319,14.5
30.727,13.017
30.235,12.713
32.402,11.978
31.88,12.528
25.877,14.208
23.425,14.403
23.062,12.803
23.924,13.124
22.11,14.335
24.454,13.801
22.136,14.505
27.844,13.184
29.591,15.294
24.474,13.967
22.436,14.593
25.658,11.825
28.7,11.625
25.711,14.586
23.185,14.848
25.968,14.543
20.32,14.709
26.031,12.862
25.544,12.712
27.348,14.145
20.501,11.841
27.944,13.568
26.235,11.999
27.437,13.261
25.632,13.415
26.328,13.023
22.882,12.452
27.735,12.688
27.474,12.976
29.11,12.42
26.971,12.745
26.225,14.231
25.694,13.316
29.588,11.248
29.021,9.707
28.104,10.369
23.337,9.923
26.064,10.194
24.43,10.203
27.803,11.566
27.357,12.966
27.907,13.194
28.335,13.106
26.537,13.787
27.308,14.011
28.679,12.576
29.258,9.698
27.068,9.72
30.141,9.063
28.782,11.955
27.708,11.398
28.619,10.679
28.668,10.124
29.39,7.33
30.11,6.046
29.42,5.41
29.366,5.974
30.02,7.767
30.097,9.234
29.643,8.328
29.854,8.717
30.043,10.878
31.169,13.191
27.494,12.847
30.997,12.625
31.089,11.813
28.77,12.237
26.275,10.486
29.456,9.008
29.519,7.879
29.656,8.048
29.275,8.678
29.024,8.199
29.026,8.167
29.09,9.313
28.494,8.801
25.628,8.782
29.508,6.702
29.984,9.059
26.844,12.964
29.488,6.829
29.403,5.846
26.294,14.376
26.661,8.437
27.89,8.71
28.888,9.906
27.568,10.355
27.551,6.426
30.889,4.176
30.357,7.97
30.422,7.149
30.913,9.886
27.753,8.578
31.025,7.848
31.884,9.823
31.498,8.851
28.435,9.887
28.591,8.588
32.628,7.598
31.443,9.767
33.045,5.471
32.729,8.008
33.059,8.097
32.953,5.834
32.604,5.833
32.241,5.709
31.557,7.408
31.913,7.236
32.151,8.521
31.407,9.52
31.608,12.465
27.125,13.432
32.555,11.506
26.074,10.751
31.975,10.63
32.217,11.896
32.165,10.746
30.759,9.546
32.557,9.687
22.993,8.706
29.544,7.846
31.3,9.867
25.644,16.582
25.617,16.217
27.941,12.014
31.187,13.091
30.242,11.163
31.989,10.275
32.013,9.816
31.576,10.424
31.346,7.435
32.485,5.854
32.005,8.203
32.888,10.161
30.272,11.115
33.165,8.377
33.242,8.3235
33.319,8.27
34.323,8.628
33.974,8.573
33.753,11.565
34.392,12.062
34.788,12.399
34.057,12.12
33.37,13.169
28.873,12.936
23.711,12.897
30.898,12.757
28.513,15.039
29.782,13.017
32.13,13.493
33.574,11.489
33.664,11.751
33.946,11.168
34.086,9.249
33.561,8.538
33.408,13.774
28.944,14.451
32.588,13.07
33.975,12.941
33.834,13.635
31.542,13.823
23.149,14.662
32.496,14.502
31.732,15.663
31.506,16.099
30.467,16.026
28.863,14.963
29.147,15.494
27.295,15.65
29.739,15.67
23.207,14.334
26.738,15.35
25.018,13.105
29.389,12.953
32.487,15.115
32.78,13.673
27.334,13.606
27.615,15.046
28.407,14.636
28.419,14.709
27.861,14.751
27.405,13.488
29.203,12.722
29.284,14.44
27.97,14.329
24.9,11.967
28.922,11.715
29.267,15.428
32.471,14.339
30.203,13.516
31.528,14.545
30.453,15.009
31.829,15.488
32.294,14.664
29.438,15.63
28.875,14.974
28.291,15.736
25.416,15.063
30.122,14.983
24.456,14.223
27.121,14.335
26.603,14.849
27.91,15.238
27.227,15.996
26.828,16.045
31.432,15.002
27.682,15.521
29.023,15.963
26.458,15.925
28.693,16.105
31.357,16.158
26.934,15.959
26.092,14.737
23.752,14.876
25.311,15.313
29.761,14.602
30.353,15.016
28.852,15.652
32.715,14.382
26.12,15.975
27.665,16.208
27.544,15.422
26.157,16.582
27.756,12.87
27.553,14.431
28.252,15.473
24.961,16.088
27.379,15.062
27.509,15.711
25.98,14.787
25.321,15.632
28.441,14.513
25.152,14.999
21.268,12.432
22.183,11.555
30.859,14.214
22.472,13.135
20.768,15.174
29.228,13.418
29.376,14.613
33.605,13.638
30.388,17.631
25.896,15.653
23.322,13.312
26.112,14.82
24.219,16.854
19.209,15.085
31.483,14.697
31.783,15.894
29.91,15.531
22.327,15.654
27.194,15.995
29.371,15.002
24.575,16.265
25.959,16.944
23.891,16.616
27.705,15.324
28.257,14.154
24.146,16.896
20.963,16.382
24.148,15.762
27.459,16.919
28.404,16.88
25.318,16.365
26.443,15.088
25.055,14.46
24.933,15.051
25.369,14.917
23.137,15.255
22.681,13.932
21.419,13.231
27.118,13.715
27.898,15.827
25.116,15.818
26.635,15.319
24.394,15.912
25.525,14.987
27.131,13.273
21.134,15.344
22.779,12.299
24.709,12.337
28.954,10.573
25.638,11.806
27.304,11.98
22.233,11.547
28.395,13.646
27.138,16.952
23.487,13.582
24.006,15.049
24.242,16.818
28.525,16.376
22.915,17.185
23.877,17.068
24.901,16.833
23.453,16.153
25.076,15.017
24.319,15.408
28.239,15.592
24.258,15.2
29.959,14.855
22.351,12.159
29.291,12.319
24.915,15.117
29.357,15.381
24.077,13.014
27.472,13.816
23.315,15.364
28.588,15.346
28.114,14.478
28.304,15.764
22.018,13.582
28.859,13.717
23.616,13.928
30.26,16.013
24.643,16.095
25.05,13.312
26.176,13.678
26.079,15.783
24.472,14.012
27.574,15.846
23.185,16.565
25.483,15.762
25.104,10.977
28.857,12.45
23.041,14.206
25.133,15.311
26.625,12.858
29.601,12.337
28.613,11.239
25.839,13.431
28.823,13.631
22.503,14.115
24.893,13.819
27.044,14.912
31.488,15.258
27.867,15.538
29.255,15.14
24.105,14.834
21.372,12.555
29.645,12.827
25.649,13.811
28.291,14.731
21.931,11.205
26.145,11.105
27.505,13.848
25.125,13.445
21.945,13.525
32.252,10.791
27.635,15.161
27.857,15.931
27.527,15.306
24.642,11.663
26.748,10.479
26.183,14.61
26.177,16.279
26.768,15.744
24.772,14.57
25.711,15.133
25.258,14.109
23.332,13.575
25.545,13.223
30.896,10.603
31.929,9.998
32.643,8.783
31.176,7.718
30.931,8.39
30.48,11.761
30.344,13.578
30.274,14.174
29.458,14.363
29.411,13.448
29.009,15.095
30.31,14.137
30.606,11.754
30.224,10.762
30.21,14.131
30.583,13.884
30.311,12.837
30.512,11.63
30.943,12.518
30.29,11.133
30.919,11.187
30.37,12.035
30.57,12.617
30.162,11.314
29.923,12.533
30.433,10.248
30.372,9.33
30.11,8.945
29.612,10.161
28.695,10.74
30.239,10.56
30.451,9.451
30.645,8.952
30.771,9.417
30.867,9.341
30.668,9.063
30.205,9.196
28.511,10.652
28.08,11.819
29.325,10.349
29.831,10.956
29.733,10.134
29.682,9.823
28.797,9.796
28.28,10.18
24.509,8.028
28.223,7.658
24.753,7.762
27.706,7.342
27.377,8.555
21.524,12.703
22.499,13.866
25.841,12.961
26.08,14.012
20.898,13.419
25.107,12.314
28.579,11.545
30.377,11.61
30.529,10.283
30.479,7.382
29.332,7.039
29.946,7.403
30.714,7.121
30.163,8.867
30.712,9.573
30.933,11.017
31.492,9.682
30.794,10.979
29.188,11.561
30.594,8.692
31.151,7.947
31.969,9.666
31.372,9.342
32.625,7.913
31.839,7.172
31.017,7.633
31.105,8.507
31.217,7.978
31.292,8.582
30.413,9.389
30.307,10.811
31.257,8.636
31.041,7.896
30.927,10.696
29.827,12.804
31.586,13.468
31.613,11.261
29.634,11.638
30.327,12.959
32.125,8.071
32.595,5.828
31.636,5.926
32.177,7.735
32.39,7.985
31.891,9.004
29.208,15.085
28.985,13.695
31.392,14.31
25.648,14.421
31.668,12.432
31.216,13.187
27.093,10.888
24.016,10.08
29.548,13.671
28.813,11.656
31.319,10.192
29.768,10.847
29.373,9.55
30.562,11.255
30.13,10.777
29.575,9.045
25.365,13.191
30.376,12.141
28.381,10.206
31.83,8.7
20.491,15.005
31.767,12.26
24.637,12.258
21.706,14.923
31.083,13.482
28.773,12.087
30.055,14.294
32.253,13.377
30.376,11.44
28.881,15.069
32.825,13.116
24.393,13.852
31.607,13.742
28.802,15.307
27.578,15.051
31.46,15.943
30.311,14.36
32.28,11.914
33.757,10.606
33.905,11.009
33.778,13.734
33.603,14.135
29.893,15.398
30.167,15.601
31.29,15.244
33.725,13.071
31.75,14.03
33.035,12.844
32.245,12.942
34.987,8.807
35.924,7.601
36.079,8.978
35.665,10.032
34.566,12.234
32.785,13.067
35.167,12.149
33.564,14.321
34.005,14.064
30.681,15.36
29.677,13.517
34.514,15.51
35.055,14.397
35.837,13.698
32.456,14.048
27.323,16.372
28.519,15.229
33.445,14.522
32.815,15.314
34.492,16.001
33.325,17.423
32.046,17.033
26.007,15.561
29.113,16.326
24.385,16.179
26.895,13.731
30.06,15.303
28.662,15.524
29.769,15.469
32.745,15.419
34.794,15.136
26.319,15.818
25.917,15.308
28.574,15.692
28.846,14.972
27.848,15.226
27.403,14.786
29.727,14.328
28.096,15.22
28.256,14.719
28.158,13.558
26.463,15.12
28.56,15.434
29.088,15.413
26.692,14.459
28.669,13.928
30.599,14.326
28.059,15.524
24.607,15.372
28.829,14.948
27.372,14.051
27.73,15.047
28.965,13.669
31.674,15.217
25.951,16.106
26.795,15.375
29.465,15.635
22.949,11.617
24.445,12.945
28.489,14.748
30.251,16.4
33.07,15.619
28.837,15.992
26.264,15.985
27.274,16.811
24.531,16.258
21.221,15.504
23.572,16.38
23.816,15.289
31.37,16.54
30.765,16.422
31.317,15.6
19.695,16.027
29.074,15.656
31.563,15.496
26.326,14.059
24.719,14.847
30.487,14.202
30.125,13.806
31.938,15.021
35.738,16.802
27.428,16.602
30.81,14.855
27.968,16.402
33.52,16.608
29.724,16.921
24.948,16.782
25.78,16.427
29.524,15.772
32.538,16.624
29.183,15.893
31.585,16.024
26.888,16.506
23.86,16.662
25.538,15.711
27.192,16.046
20.928,14.964
29.59,13.993
29.787,15.585
32.029,12.854
28.312,15.06
33.367,16.708
28.027,16.661
25.826,17.514
28.442,16.963
30.482,14.848
31.628,13.4
31.034,15.355
27.307,12.734
31.829,12.497
27.481,15.884
26.513,13.379
26.412,14.581
25.977,14.168
25.633,16.585
25.143,15.165
29.074,14.34
28.429,14.443
24.227,15.377
25.108,15.647
27.515,15.513
24.011,16.168
25.357,16.574
28.79,15.546
26.394,14.918
30.866,14.23
27.778,15.98
27.453,14.869
25.725,13.812
24.415,16.145
25.768,16.07
24.511,16.573
24.468,16.555
24.168,15.869
22.86,16.386
21.647,14.68
23.042,14.938
23.156,15.035
28.161,15.436
24.13,16.582
24.746,16.787
27.632,16.382
24.899,16.967
25.987,17.022
19.919,15.907
23.351,15.551
25.459,15.736
23.957,13.564
27.758,11.605
20.695,16.613
21.475,15.23
30.164,15.225
20.548,15.398
25.954,14.811
22.404,15.561
26.498,14.519
26.652,13.748
28.792,15.392
21.096,14.914
25.09,14.63
26.548,11.611
26.204,11.495
22.975,15.992
18.971,13.017
27.475,12.721
23.915,15.613
22.059,14.678
28.488,14.539
22.901,11.407
28.866,13.583
26.063,15.13
24.236,15.089
29.862,15.939
28.16,13.497
28.523,13.466
27.315,16.216
26.636,16.467
25.698,16.476
27.405,14.944
27.246,15.861
26.906,13.917
26.446,13.626
25.558,15.532
26.989,12.898
27.981,12.622
27.716,13.231
23.377,11.036
28.907,14.201
25.819,14.651
25.298,12.564
27.131,13.405
22.068,14.295
25.824,14.096
28.36,13.378
26.462,13.91
30.515,13.76
25.695,15.019
31.186,15.236
30.601,16.065
28.074,16.761
26.675,16.271
26.374,15.746
26.643,16.393
27.811,15.131
27.692,16.187
29.66,16.532
28.012,15.969
26.857,15.209
27.706,14.682
32.054,14.38
30.131,15.803
30.572,15.38
25.644,15.398
24.744,14.18
25.82,12.467
27.647,14.466
26,15.387
31.586,15.084
32.587,12.605
33.553,11.93
32.747,9.748
31.997,8.153
31.511,8.68
23.647,14.532
26.249,14.067
23.244,10.938
28.339,13.921
26.818,14.408
26.837,14.689
22.245,14.054
24.068,14.084
29.428,14.081
21.976,15.382
25.008,15.375
26.69,14.989
23.26,13.466
28.86,12.638
30.043,12.556
28.401,13.367
21.063,13.547
30.185,12.42
29.772,11.036
29.804,9.785
30.062,9.73
30.259,8.577
30.079,8.272
30.095,7.617
28.633,7.983
29.41,7.642
29.57,6.501
29.061,7.985
27.798,9.564
28.983,13.31
26.036,12.635
29.356,12.526
30.698,11.418
24.864,14.508
24.495,13.197
26.491,11.985
29.332,11.242
29.07,10.429
30.15,11.361
27.953,12.851
29.343,11.909
24.136,14.505
24.295,14.138
29.512,14.55
24.264,14.218
30.017,10.87
29.897,9.968
28.789,11.444
28.187,13.587
30.889,12.232
30.032,9.588
30.423,9.062
30.341,11.136
24.535,12.792
25.795,13.663
21.455,14.479
28.47,13.462
29.479,12.977
26.962,12.792
28.868,13.257
30.427,14.046
30.972,10.967
30.541,9.578
29.606,11.133
29.202,10.258
29.189,11.024
26.926,13.422
27.793,12.413
29.153,10.751
30.169,10.456
30.177,9.467
30.082,8.723
29.151,11.168
31.065,10.434
24.012,13.138
28.732,13.014
30.927,11.172
30.179,10.713
30.031,9.021
25.177,15.554
25.545,14.286
26.825,15.277
27.471,15.766
24.813,18.129
25.486,18.382
24.928,18.084
25.384,17.603
26.163,18.701
26.884,17.765
26.735,15.591
26.75,13.876
27.682,13.691
25.617,15.337
24.383,18.459
22.974,18.915
26.428,18.456
27.023,17.08
28.959,15.277
30.448,15.246
31.087,18.022
30.245,18.564
31.275,17.517
31.059,15.788
31.837,15.958
31.351,16.528
30.917,16.808
31.814,18.373
31.98,18.372
31.379,15.716
31.598,18.726
26.978,15.708
32.002,16.29
31.611,20.164
31.553,19.155
31.092,19.095
32.082,16.873
33.102,16.253
33.22,15.676
33.811,15.98
33.977,16.602
33.864,16.691
33.39,17.036
33.668,17.204
34.664,16.938
34.96,17.259
34.241,15.508
33.186,15.495
34.446,18.542
33.194,18.791
34.478,16.977
34.374,19.162
34.575,19.785
34.743,19.809
33.756,20.603
33.983,19.423
34.014,17.753
33.238,19.147
33.423,19.972
34.484,19.841
33.555,19.971
33.313,20.375
33.415,21.105
32.865,20.603
31.517,20.657
30.78,17.808
33.167,17.729
33.682,19.659
33.959,20.559
32.75,20.739
31.484,19.049
34.841,19.168
35.222,19.355
35.276,17.681
34.409,17.537
35.548,18.428
34.818,19.631
35.389,19.827
34.501,20.213
35.605,23.171
35.514,22.425
35.336,22.189
37.475,20.539
36.149,21.921
29.556,21.246
34.017,21.667
32.573,22
23.33,20.498
22.786,19.856
22.284,19.215
22.928,19.017
24.131,19.146
21.315,19.058
26.685,18.404
27.428,18.812
27.325,17.782
27.51,18.556
27.644,18.473
28.109,17.383
28.402,16.207
29.005,16.914
29.559,16.867
25.498,20.155
26.426,19.963
22.918,19.886
21.752,18.866
25.198,19.823
26.396,19.48
23.571,18.985
23.382,19.021
23.445,19.903
21.435,19.597
27.224,19.579
28.908,18.471
30.555,16.761
30.148,15.205
30.322,16.964
28.894,17.599
23.74,19.44
23.783,19.153
23.762,19.222
27.771,19.395
23.638,19.448
25.051,19.338
24.166,20.231
20.557,17.947
19.722,17.094
26.437,16.63
25.86,17.994
24.162,19.127
25.469,19.967
24.569,18.511
24.352,19.409
24.432,19.508
25.111,19.423
26.158,19.592
24.126,18.261
26.245,18.16
26.227,17.232
25.114,19.008
25.187,18.277
23.121,18.644
24.512,18.234
24.529,17.697
25.981,18.004
26.841,16.92
26.915,18.355
24.069,18.95
25.689,18.225
26.03,18.181
25.81,18.21
25.107,18.819
24.949,18.677
25.667,17.585
27.336,16.696
27.685,17.793
27.898,18.798
28.117,18.183
26.62,17.602
21.758,18.171
25.36,17.571
25.275,16.795
25.597,16.402
25.188,16.781
24.912,16.98
25.926,16.954
23.509,17.846
26.594,17.7
22.203,17.491
27.576,16.224
27.96,15.331
27.389,17.302
26.926,17.606
26.341,16.597
25.759,16.449
25.713,16.576
25.561,16.095
25.984,16.287
24.54,17.46
25.706,17.631
24.14,18.509
25.629,17.991
24.626,18.308
24.174,17.466
22.455,16.672
21.874,17.338
25.122,16.906
25.494,16.905
25.11,16.437
23.842,17.806
21.339,16.568
18.236,15.257
20.564,15.331
24.527,15.207
25.649,15.998
24.152,16.6
25.057,18.089
24.865,18.36
24.868,18.639
24.35,18.098
21.791,16.921
24.851,15.835
24.583,16.533
24.89,16.196
23.893,16.492
23.514,15.554
24.85,15.052
19.049,15.04
23.112,14.995
22.502,15.673
23.684,16.062
23.829,17.113
23.508,18.105
24.109,18.327
22.228,18.444
22.356,18.888
20.907,18.635
24.299,18.186
23.204,18.55
25.039,18.03
25.918,17.556
22.888,18.238
20.548,16.696
23.129,15.297
21.554,15.424
24.231,15.778
24.962,15.481
24.738,15.249
20.714,15.302
22.97,15.051
25.16,15.759
22.946,17.332
25.802,16.701
22.299,17.062
26.024,15.88
26.221,15.921
24.648,18.519
22.757,18.002
19.078,15.849
24.931,14.683
24.884,15.295
25.648,15.071
25.869,16.241
25.467,16.175
24.827,15.237
25.274,15.6
25.541,17.144
26.448,16.421
25.883,15.713
25.153,15.523
19.026,15.84
24.197,15.215
25.916,15.712
26.306,15.645
27.184,15.709
27.914,16.821
26.49,17.041
27.776,15.733
28.797,16.552
30.061,16.944
30.101,19.569
27.014,19.684
22.898,18.405
19.877,16.918
24.269,16.213
20.608,16.253
19.183,16.929
23.237,16.756
25.122,17.15
25.818,16.503
26.958,17.747
27.56,16.326
27.524,16.466
25.896,18.139
23.156,18.117
28.065,17.737
28.64,18.335
29.761,18.494
27.239,18.786
29.399,18.83
26.206,18.801
27.917,17.907
25.382,18.133
27.225,18.901
28.906,17.628
30.385,16.162
30.924,16.161
30.534,17.414
31.871,18.692
29.132,20.654
31.993,20.312
32.031,18.597
29.965,20.289
27.674,19.629
22.951,19.419
28.015,19.04
30.221,18.447
28.791,20.269
25.498,18.084
22.691,18.331
29.065,17.958
27.893,18.65
24.547,19.651
26.851,16.647
28.255,16.187
21.019,17.792
25.606,16.768
27.022,17.086
26.083,18.747
23.268,19.56
20.925,18.578
26.571,18.53
22.012,18.305
26.325,16.738
26.279,17.128
23.303,18.93
24.487,18.418
24.717,17.897
25.745,16.523
26.459,14.991
26.785,14.934
26.789,16.504
26.841,16.774
27.202,16.992
22.893,17.855
26.464,17.87
26.65,19.763
27.502,19.524
26.561,15.745
27.824,14.498
26.25,17.748
25.387,16.522
27.462,17.304
27.855,17.053
26.069,15.146
26.628,15.329
27.941,17.703
26.839,17.417
27.599,15.997
27.261,15.177
27.626,17.748
27.677,16.717
28.077,16.299
28.511,14.874
28.227,16.105
26.362,17.647
28.373,19.223
22.257,18.522
21.743,17.725
25.81,16.797
25.681,16.385
22.846,16.407
24.602,15.258
23.968,15.209
25.244,13.88
25.664,16.382
25.795,16.847
25.339,18.6
22.886,19.011
22.898,18.804
25,17.666
25.443,16.351
26.697,16.334
26.422,16.469
26.865,15.325
26.531,14.029
26.861,13.798
26.781,12.243
27.162,12.748
27.646,12.765
28.755,13.191
28.406,13.635
28.356,13.924
29.418,15.511
29.548,14.383
28.018,16.037
25.88,18.901
23.362,19.617
25.855,18.982
28.304,18.54
28.63,18.569
29.044,18.94
26.845,16.834
27.807,16.657
25.431,18.057
27.443,16.398
28.942,15.955
29.287,14.805
29.823,13.933
31.353,14.117
32.266,14.482
32.499,15.854
33.675,15.114
33.297,15.84
33.49,15.643
33.737,15.714
33.332,16.41
33.212,15.481
33.555,17.5
33.084,17.883
33.288,16.928
31.489,17.797
33.652,16.427
34.266,17.02
33.519,16.646
33.975,16.928
34.883,16.156
34.021,13.922
33.975,13.402
34.652,15.078
34.844,16.757
34.907,16.844
34.225,18.142
34.557,19.13
34.708,18.571
35.407,20.021
35.324,19.58
35.066,19.651
35.141,18.814
35.302,19.024
36.051,20.555
34.926,15.295
33.403,14.2
33.04,20.103
33.638,17.148
34.235,11.392
32.197,15.061
34.51,19.503
28.974,19.979
33.966,17.525
34.395,19.812
34.812,20.492
35.235,21.921
35.746,23.033
33.133,19.972
34.254,20.68
36.006,18.179
35.444,17.335
36.093,18.545
36.17,18.76
36.38,19.02
36.229,19.188
35.825,18.124
35.478,14.911
35.495,14.506
35.783,18.066
32.295,20.961
35.349,20.076
35.155,18.225
35.76,17.715
36.333,21.173
36.577,20.849
36.819,18.48
37.544,19.118
37.307,19.121
37.813,17.775
37.337,17.832
37.904,17.989
37.598,17.542
38.154,20.403
37.97,17.381
38.206,17.347
37.771,18.318
38.066,17.365
37.651,17.293
37.373,17.086
37.471,18.345
37.391,17.906
37.501,19.866
36.109,21.06
34.779,21.429
33.385,22.293
33.292,21.39
25.658,21.206
25.51,20.737
26.362,19.079
25.325,20.412
27.582,20.174
26.406,19.666
22.638,18.755
23.816,19.928
25.764,19.719
28.562,19.094
28.438,19.308
23.377,19.801
23.072,19.193
24.843,19.301
26.706,19.241
23.829,19.888
24.351,20.133
22.881,19.793
22.341,20.362
26.952,19.85
28.622,18.626
25.435,18.783
26.682,19.117
24.789,19.635
27.763,18.87
28.879,18.317
24.849,18.711
26.706,19.822
25.689,18.006
25.041,18.936
26.78,19.25
27.073,17.603
25.503,20.134
25.826,18.979
25.43,18.929
27.506,17.718
27.303,16.895
26.496,16.276
25.505,16.562
27.109,16.237
25.422,18.708
25.306,17.299
27.151,18.164
23.938,17.872
25.427,17.568
24.365,17.533
25.383,18.175
24.722,18.914
23.305,18.525
24.101,18.181
21.634,18.365
21.365,18.471
20.608,17.57
21.626,17.377
21.713,16.626
24.913,16.017
24.391,15.954
24.723,16.428
19.231,17.402
21.884,17.417
24.06,17.003
25.55,16.064
25.779,15.189
21.967,17.595
20.759,16.855
24.383,16.231
25.083,17.579
24.429,18.393
24.37,18.028
24.667,17.707
24.715,18.684
25.651,18.028
24.119,17.981
22.66,17.664
25.676,17.078
24.039,18.197
25.245,17.472
20.325,17.498
25.18,16.925
21.816,17.702
23.986,16.154
23.117,17.619
24.246,16.902
24.399,17.628
24.536,18.007
24.604,17.198
23.517,17.232
23.958,18.066
23.005,17.778
25.01,17.543
23.056,16.72
25.71,16.919
23.876,17.068
25.802,15.859
26.349,15.665
26.329,16.353
20.717,16.791
25.784,16.803
22.841,17.642
24.725,16.972
23.916,17.149
22.432,16.754
24.473,16.094
24.938,16.327
20.986,17.197
24.715,17.131
24.77,17.459
26.772,17.011
24.166,18.297
25.614,17.979
19.785,17.51
25.009,16.413
25.367,16.283
23.208,18.253
24.277,17.945
25.429,16.38
26.508,16.371
24.553,17.919
25.929,16.432
26.418,14.691
26.042,17.958
25.272,18.202
26.083,17.435
26.458,17.03
25.14,18.274
20.102,17.605
20.503,17.17
25.896,17.297
23.765,17.419
26.998,18.888
26.559,18.106
26.483,17.078
25.035,18.648
20.66,18.99
27.375,18.179
28.135,18.612
28.943,18.959
21.553,18.881
27.663,17.977
20.607,17.788
19.882,16.828
27.054,17.566
21.321,18.859
26.077,19.06
21.085,18.671
23.807,18.346
25.398,18.088
24.597,17.827
23.025,18.559
21.069,18.256
21.5,17.91
25.2,18.14
20.461,17.934
19.033,16.266
25.003,15.526
25.809,16.488
27.189,16.939
26.453,18.077
27.597,17.825
27.467,17.844
25.245,19.033
25.311,18.502
24.741,18.575
20.774,17.586
24.962,16.934
24.494,17.405
26.444,17.673
23.708,19.304
26.724,19.436
23.033,18.909
22.478,19.602
21.485,18.398
25.8,18.335
22.478,19.211
22.294,18.491
25.843,18.682
23.294,18.927
22.365,19.314
23.723,18.771
21.776,18.879
21.788,17.406
25.836,17.595
21.918,18.471
21.489,18.929
24.477,18.211
24.071,18.768
24.153,17.651
22.057,19.353
23.498,19.267
22.332,17.997
25.529,17.377
23.713,18.218
23.619,19.072
23.93,19.501
23.551,17.724
27.523,17.11
27.45,17.699
25.709,19.06
22.312,18.384
27.887,16.692
28.016,15.465
28.238,16.528
27.867,18.049
22.199,18.773
22.728,18.103
28.079,18.6
27.897,18.17
27.842,17.478
27.747,17.238
26.979,18.303
23.755,17.871
26.415,16.803
27.014,18.301
24.8,18.714
26.864,17.076
27.091,17.676
23.973,18.08
22.957,16.347
26.015,17.274
25.378,17.562
25.024,16.289
25.412,13.774
24.364,14.38
25.478,13.857
25.789,13.823
25.749,14.853
26.174,15.135
25.643,15.027
26.25,16.835
26.035,16.579
25.658,17.209
23.736,18.48
25.571,18.487
24.701,15.705
25.395,15.852
20.902,16.128
23.765,16.503
23.675,17.033
20.057,17.368
23.347,16.335
24.093,17.016
24.557,17.316
26.41,16.755
25.369,14.835
24.934,13.872
24.699,15.634
25.168,15.133
25.215,14.786
25.907,13.16
25.794,12.595
25.525,13.519
26.278,15.52
25.688,14.401
25.402,13.535
26.17,12.99
25.263,14.494
24.4,16.028
26.437,15.072
26.069,14.131
26.08,13.779
27.337,13.65
26.909,12.228
25.98,13.211
26.901,15.507
28.741,14.18
28.815,12.268
29.077,12.482
29.189,12.556
29.41,10.361
28.664,11.482
28.742,11.249
28.591,10.941
29.605,12.496
28.85,12.786
28.998,12.758
27.326,12.383
27.89,12.053
27.686,15.716
27.844,17.114
27.662,16.711
28.726,16.112
28.563,14.761
27.286,16.775
25.001,17.044
25.629,17.638
26.067,16.205
27.847,13.233
28.193,10.106
27.05,10.8
26.808,10.946
27.795,13.999
28.814,13.907
27.485,16.217
27.756,16.777
28.713,16.008
28.718,15.812
29.395,15.861
29.609,14.523
28.454,13.466
28.49,13.291
28.869,16.717
29.353,16.43
30.079,15.213
29.397,14.286
28.389,12.417
27.621,13.103
27.99,11.983
28.069,12.299
29.259,10.023
30.098,11.284
30.782,12.955
31.736,13.211
31.811,15.371
31.029,15.632
31.757,12.92
31.978,11.698
32.0195,11.5815
32.061,11.465
31.858,12.734
31.28,12.401
33.068,9.73
33.799,12.23
34.076,10.412
34.213,9.385
34.344,10.763
33.48,17.329
33.838,18.678
33.584,20.341
32.589,21.91
30.764,21.256
22.77,20.508
27.545,17.292
27.863,14.982
30.554,15.052
32.578,14.068
33.025,14.373
33.92,16.892
33.745,17.915
34.014,18.455
34.553,20.613
33.965,21.022
26.534,20.771
23.016,19.377
23.494,18.636
21.576,18.96
22.255,19.192
22.415,18.323
21.038,18.683
23.36,18.622
26.62,19.419
25.471,17.831
26.518,17.197
27.861,16.112
27.885,15.665
27.86,16.661
28.236,16.621
28.661,15.903
28.402,16.381
24.51,17.931
27.209,19.945
27.892,18.166
28.46,18.436
28.87,17.01
29.053,16.432
28.357,16.988
29.545,17.002
28.209,14.852
28.295,13.435
27.586,13.402
31.49,15.06
31.099,15.526
31.282,18.176
31.905,18.056
32.058,18.808
30.182,19.631
25.343,20.966
24.249,19.379
29.915,19.964
29.413,19.389
24.945,20.455
30.315,19.071
29.128,17.672
28.853,18
24.707,19.817
26.654,19.538
27.287,19.497
27.571,19.352
27.134,19.2
26.654,19.697
28.824,19.621
29.696,18.769
29.831,18.711
21.373,19.21
28.473,19.099
28.368,16.858
28.3,16.133
28.203,16.123
27.766,17.08
28.397,17.745
27.877,18.728
28.489,17.806
28.561,16.13
27.702,16.708
27.662,17.141
27.6,18.269
26.452,17.158
27.21,18.22
26.966,17.889
27.959,16.58
27.745,16.01
27.11,16.633
22.969,18.197
25.441,18.402
25.633,17.737
25.343,16.38
25.364,17
26.404,15.806
27.334,18.009
28.068,18.719
28.232,19.089
28.333,18.794
26.107,19.44
25.363,19.157
23.132,18.519
20.577,17.827
26.266,17.909
25.748,16.806
26.8,16.936
21.76,18.761
24.236,17.764
26.554,18.124
27.131,18.201
26.474,16.892
26.948,17.443
27.858,17.284
20.905,17.168
24.693,16.696
26.773,15.533
23.229,16.468
24.681,15.66
25.604,14.6
25.895,14.527
28.323,14.19
25.388,18.716
23.727,16.127
25.881,16.605
20.638,17.183
22.217,16.031
22.855,15.275
23.791,15.675
23.085,17.092
22.857,16.023
21.97,16.172
24.248,15.631
25.418,17.531
23.843,15.791
26.072,15.816
21.415,17.046
18.965,16.226
21.883,16.277
24.797,16.085
20.748,16.071
19.411,16.072
23.607,16.056
23.226,16.719
24.507,17.151
25.229,17.859
24.342,17.304
23.922,17.26
23.818,18.094
24.981,18.148
24.641,17.922
23.729,18.08
25.559,17.939
25.961,17.868
23.844,17.972
21.37,17.842
19.745,16.405
24.271,16.334
18.776,16.791
25.351,16.45
27.038,17.069
19.893,17.116
24.627,16.41
25.547,16.478
25.171,17.765
21.792,17.867
25.367,18.103
26.343,18.175
26.333,17.774
26.476,16.819
27.717,16.576
26.399,18.126
27.705,17.249
21.203,17.869
28.268,17.409
29.399,18.759
30.424,18.964
27.574,19.294
27.211,19.074
28.169,18.955
26.252,18.504
26.492,18.904
19.986,17.886
23.33,17.889
24.175,17.695
25.998,17.554
27.151,17.457
25.196,17.287
27.086,17.175
22.228,18.447
28.027,16.996
26.704,17.547
26.402,17.616
23.406,17.862
25.751,17.742
23.872,17.519
24.083,17.68
25.646,17.303
25.084,17.819
25.817,17.959
26.694,18.829
27.222,18.05
27.806,17.015
25.231,16.758
25.827,18.883
23.477,18.806
26.768,18.544
22.354,17.555
21.804,18.593
22.832,19.305
22.721,19.121
24.804,18.884
24.524,18.427
26.396,18.395
26.208,18.767
25.391,17.487
25.498,17.25
23.209,18.701
22.434,18.649
25.305,17.62
28.116,16.988
28.068,16.029
27.17,18.5
27.608,18.243
27.044,19.058
26.706,18.906
25.373,18.234
25.831,17.686
26.283,17.775
22.485,19.981
27.942,19.875
27.539,19.144
24.882,18.967
26.402,18.389
23.653,19.168
24.419,17.253
25.941,17.444
26.64,17.705
25.966,17.854
28.125,16.245
27.177,15.428
30.367,15.682
27.781,18.884
22.246,19.353
28.729,17.729
29.306,16.191
29.345,15.437
29.319,15.088
29.792,15.744
29.765,17.827
26.06,18.852
29.023,19.667
27.1,16.91
29.248,16.855
29.648,17.11
28.56,16.826
30.445,16.279
28.718,17.737
28.784,18.627
29.558,17.544
30.778,18.135
24.61,19.199
27.405,18.678
28.402,13.84
27.904,12.592
26.57,12.557
27.112,13.756
28.09,13.858
27.01,15.22
25.962,18.65
19.979,18.004
25.848,17.386
26.589,18.55
22.094,18.925
23.505,19.063
27.811,19.007
26.227,19.619
27.092,18.119
25.096,19.223
22.278,17.78
26.39,15.994
25.442,15.273
26.301,13.926
25.978,16.498
24.484,17.219
26.099,17.922
27.478,17.936
27.626,14.75
28.028,14.244
27.175,13.325
27.78,13.477
27.027,15.162
28.144,14.568
27.945,15.633
27.373,14.072
27.091,14.377
27.369,15.251
26.824,15.272
27.57,15.406
25.427,16.643
24.564,15.817
26.204,15.237
22.547,19.745
21.411,18.106
26.454,18.12
26.473,15.672
26.09,12.502
26.05,12.766
26.56,14.727
27.139,14.713
27.858,14.088
27.76,14.241
28.203,15.337
23.378,18.822
26.225,18.997
28.12,18.917
27.057,17.938
26.808,16.567
28.084,16.196
27.626,15.978
27.995,14.207
28.574,14.253
28.807,16.203
28.929,16.12
29.163,17.183
29.41,16.258
29.712,16.876
29.049,17.003
29.74,17.26
29.226,16.974
28.382,16.335
26.563,15.879
27.256,19.116
27.239,18.225
27.728,15.191
28.353,15.518
29.092,16.854
30.412,16.942
28.663,18.777
30.232,18.381
28.912,14.598
29.846,15.457
29.844,17.347
33.122,18.407
34.382,17.688
34.413,16.821
34.683,16.479
34.233,16.93
33.22,15.016
34.335,15.621
35.43,17.834
34.662,16.057
33.933,15.044
34.146,13.606
34.661,13.919
34.932,14.724
34.968,15.76
34.376,20.009
34.501,19.092
34.705,20.322
34.457,19.267
34.869,15.669
34.652,14.01
33.941,15.892
33.863,16.23
36.036,17.937
34.698,22.05
35.17,20.34
34.428,22.673
35.663,22.259
34.043,20.759
34.027,21.755
32.36,20.909
34.979,22.142
34.837,20.238
35.018,18.202
35.836,16.833
36.247,16.653
36.156,17.286
35.824,17.672
34.783,21.572
28.501,21.393
33.496,18.267
36.168,18.265
36.207,16.522
35.93,17.233
34.815,18.634
35.859,21.986
33.867,21.01
34.5,21.622
31.041,18.991
33.797,17.382
31.525,17.587
31.593,20.864
33.453,21.379
35.957,21.532
36.107,18.953
34.711,20.409
36.407,19.864
36.076,23.603
36.442,23.39
25.189,20.312
33.586,20.001
23.929,18.716
22.837,19.833
22.642,19.698
23.44,19.78
25.241,19.959
25.6,19.862
25.423,19.344
26.66,19.666
24.517,19.02
24.722,18.241
24.389,19.143
26.355,18.606
24.81,18.261
28.18,20.846
25.913,20.513
24.022,18.7
26.146,18.087
25.902,19.633
26.076,18.856
26.659,19.363
25.517,18.816
25.224,18.824
25.521,18.867
25.611,19.027
25.283,19.155
24.727,19.179
27.651,18.928
25.543,19.61
26.713,18.835
28.129,18.976
26.296,20.585
23.488,19.839
26.563,19.002
26.14,20.01
21.535,19.206
19.527,16.818
25.879,16.588
26.907,17.707
28.452,18.29
26.503,20.05
26.569,19.705
26.018,20.231
24.371,19.487
25.784,19.517
21.079,19.193
20.429,18.391
24.427,18.278
27.131,17.407
27.045,18.844
22.808,19.349
22.148,19.104
27.144,18.995
28.252,17.366
28.582,16.581
29.249,15.789
28.319,18.924
29.209,17.709
29.477,16.734
23.603,18.942
23.403,17.703
27.166,18.037
26.133,18.669
25.651,17.525
25.722,17.026
26.935,16.501
27.068,17.361
25.793,16.877
26.396,16.395
25.76,15.783
24.72,18.288
20.183,16.999
25.961,16.378
22.889,17.838
26.769,16.619
26.194,18.975
20.419,18.288
21.907,18.065
26.085,17.691
24.914,18.23
24.652,18.13
19.85,16.943
24.672,16.748
26.077,16.507
24.8,17.285
25.906,15.962
25.313,16.108
23.802,17.781
25.202,16.767
26.377,17.042
24.646,19.198
26.033,17.904
25.191,17.456
24.808,16.101
26.269,15.635
25.055,15.747
27.258,14.737
20.326,15.732
25.618,15.858
21.995,17.34
27.102,16.945
27.128,17.744
24.58,17.951
25.609,18.145
24.107,18.7
27.871,18.382
26.784,17.709
25.788,17.655
27.413,17.296
20.764,17.614
25.987,17.541
25.655,18.041
24.035,17.761
23.382,17.629
24.28,17.559
18.932,16.817
20.62,16.716
20.021,16.732
23.595,17.358
26.247,17.496
23.857,17.853
24.541,17.626
26.11,18.045
24.904,18.274
20.643,17.382
25.759,16.761
24.645,17.755
20.745,17.946
23.722,17.398
20.129,17.42
25.575,17.392
20.588,17.908
23.773,16.932
23.604,16.858
23.705,16.549
24.362,15.825
24.464,17.355
25.668,18.066
23.582,18.768
25.257,18.193
24.217,17.954
23.922,17.471
22.048,17.697
26.268,17.797
25.974,18.077
21.946,18.19
25.134,18.766
25.405,17.744
26.323,16.569
25.463,18.39
20.412,17.673
27.249,17.401
26.128,17.697
26.153,18.471
26.279,18.281
24.189,18.139
26.193,17.326
26.771,16.344
25.961,18.502
24.554,17.43
26.855,16.927
25.977,17.62
23.732,16.729
24.659,17.055
26.209,16.632
26.245,17.845
25.324,18.027
25.452,17.748
26.127,17.411
26.169,17.804
25.335,17.957
26.023,16.908
26.16,17.418
25.322,17.754
25.782,17.685
25.767,16.662
26.465,17.213
27.178,17.858
28.015,17.282
27.358,17.851
27.136,16.842
24.58,19.102
25.935,18.954
26.574,18.195
25.925,19.224
27.282,18.04
27.234,18.434
27.948,17.68
23.477,19.168
28.153,16.93
27.87,14.373
28.542,15.513
27.412,16.623
26.92,16.425
22.941,18.422
24.949,18.211
24.654,18.727
26.195,18.328
25.282,18.525
21.334,19.169
21.607,18.701
22.227,19.112
25.403,19.677
22.809,18.639
25.345,18.175
25.747,17.306
26.408,16.657
26.349,15.778
26.991,15.623
26.929,17.064
27.269,16.073
29.936,16.798
28.142,17.856
28.289,18.948
28.603,18.015
28.247,15.982
28.165,17.828
29.42,15.698
28.265,14.789
29.4,15.683
23.072,19.299
24.729,18.159
23.347,17.631
22.781,16.994
26.544,16.038
26.456,18.001
22.629,16.022
26.291,15.97
27.407,15.768
26.346,16.921
25.974,17.607
22.339,17.615
26.841,18.065
28.365,18.673
23.362,18.953
25.093,17.896
28.541,16.312
24.731,16.592
23.477,16.244
25.797,14.663
26.627,15.019
26.752,13.706
26.677,14.947
27.146,14.525
26.939,12.363
26.151,11.337
25.312,11.413
26.24,12.618
26.221,13.076
26.467,12.781
26.948,12.58
27.077,12.621
26.434,13.414
25.366,13.707
26.577,14.83
26.807,16.267
26.02,18.193
26.6,18.668
26.241,18.9
25.226,18.735
25.178,15.541
25.987,14.495
26.082,14.155
26.986,13.389
26.047,13.148
26.292,15.272
25.787,17.467
25.799,17.018
26.856,17.137
25.604,18.237
26.184,15.763
25.474,13.059
26.17,12.294
27.296,13.111
26.308,17.596
27.183,15.04
27.389,12.594
27.135,13.419
27.227,13.324
26.567,14.672
27.041,14.499
26.764,15.164
27.973,16.11
27.99,17.683
26.73,15.809
27.077,17.135
28.894,15.029
28.813,14.001
28.086,12.989
27.974,14.371
28.776,14.526
28.67,16.548
28.145,14.774
28.496,14.654
26.246,18.183
25.209,19.275
25.778,19.402
27.692,16.512
28.259,14.861
27.964,14.887
28.65,15.786
28.877,13.463
29.757,13.784
30.131,9.965
29.916,10.236
30.078,13.053
30.164,14.236
29.768,13.629
29.386,11.498
29.906,14.664
30.893,14.649
29.81,9.871
29.378,9.93
29.595,12.165
29.555,13.245
29.24,10.994
31.296,13.259
32.074,11.984
30.821,18.36
33.421,16.276
32.272,15.433
33.504,13.593
34.681,17.892
34.398,18.377
34.94,18.286
35.99,17.943
36.732,19.079
36.241,18.554
34.423,20.844
34.12,20.139
35.901,20.82
37.063,19.301
34.251,20.073
33.189,20.677
33.989,21.134
29.408,19.913
30.381,19.576
28.918,19.264
27.247,18.706
26.059,18.433
28.902,18.48
29.746,19.235
30.714,13.163
31.09,13.774
33.187,20.435
33.588,21.287
33.808,20.312
32.599,20.592
33.888,21.077
35.314,22.255
34.856,22.41
33.793,20.854
30.55,22.328
24.072,18.431
22.057,16.708
29.11,14.232
29.022,14.98
28.658,16.618
29.674,17.193
28.698,15.693
28.912,15.519
29.966,15.347
30.573,15.792
27.346,18.063
28.29,17.542
29.98,17.565
30.58,16.661
30.632,14.682
31.372,15.046
33.821,15.836
34.212,19.868
34.489,19.342
34.059,18.304
32.513,19.97
32.465,20.276
33.163,20.828
31.755,22.375
27.294,20.282
23.4,19.544
27.692,17.941
24.292,19.026
26.222,19.224
26.436,17.386
28.935,15.52
27.808,15.625
25.996,20.255
28.77,19.956
32.096,18.691
33.026,18.203
33.548,16.992
33.926,19.256
27.453,20.243
30.641,20.664
31.451,20.008
22.979,19.509
21.86,19.264
23.608,18.438
26.099,17.305
25.997,16.981
24.188,17.381
24.593,17.826
25.842,17.769
24.514,17.629
26.085,17.567
26.187,19.069
24.914,18.762
21.651,19.236
20.912,18.255
20.82,17.813
23.942,17.948
24.267,18.71
26.381,17.957
28.227,16.557
27.057,17.886
25.85,18.478
24.076,17.609
23.243,16.319
26.697,16.318
22.127,16.919
22.639,16.717
23.013,18.9
25.269,18.656
26.094,17.442
26.54,16.934
26.194,18.129
27.388,18.013
27.769,17.654
26.852,17.819
25.22,17.068
24.058,17.264
24.444,17.392
25.221,16.647
25.381,16.943
25.504,16.41
24.521,16.976
25.479,16.287
26.846,17.507
26.048,18.245
26.635,18.403
25.308,18.347
25.469,18.058
26.379,17.719
28.176,17.304
28.061,18.207
28.111,17.463
27.629,18.312
22.532,17.443
24.52,16.922
24.715,17.383
24.597,16.825
26.126,15.16
21.461,17.012
26.214,16.049
23.645,15.396
26.855,15.413
25.403,16.082
25.513,17.558
23.609,18.222
24.781,17.602
22.292,18.138
22.449,17.897
25.039,17.368
19.571,17.199
25.262,16.872
23.231,17.921
24.722,17.899
20.972,18.315
21.555,17.538
23.452,17.35
18.556,16.582
19.031,16.492
17.976,16.386
20.378,16.282
23.484,16.45
22.896,16.886
22.226,17.572
23.335,17.096
23.508,17.157
24.427,17.383
23.516,17.929
25.472,17.419
21.981,18.241
23.864,17.646
25.736,17.248
24.127,17.443
24.577,17.266
23.319,18.219
19.965,17.174
24.993,16.775
23.121,15.966
24.916,15.454
23.446,17.325
24.797,17.585
24.7,17.356
24.518,16.554
23.449,15.211
21.75,15.913
24.868,15.531
23.591,17.061
23.063,17.264
24.99,16.707
24.211,18.264
22.257,18.605
25.504,17.992
24.975,18.144
25.276,18.353
19.839,17.855
24.386,16.829
25.039,18.027
26.128,18.15
19.418,17.335
20.303,17.035
25.594,17.449
22.313,17.985
23.882,18.045
26.042,16.93
25.716,18.088
20.981,18.574
23.247,17.886
26.21,17.494
20.972,18.376
19.201,17.722
19.249,17.559
23.664,16.088
24.878,16.466
24.115,18.223
23.379,17.866
25.894,16.952
24.635,17.064
25.563,18.803
21.507,18.855
24.324,17.675
26.198,17.039
22.186,19.043
21.095,16.997
23.906,16.147
25.364,18.646
26.618,17.947
25.544,17.661
19.762,17.598
25.172,17.236
23.432,17.32
21.401,17.734
23.836,16.935
25.164,17.505
26.188,16.359
24.273,17.938
21.623,18.052
26.156,17.215
24.704,18.435
23.676,18.22
25.482,17.483
22.571,17.091
24.539,18.352
21.816,19.512
26.039,18.035
26.527,17.856
26.225,19.248
26.267,18.598
22.249,18.277
20.743,18.765
20.781,18.01
20.818,17.175
25.889,17.659
24.79,17.854
21.212,18.613
24.385,16.752
25.732,16.795
24.492,17.845
25.607,17.407
27.628,17.196
25.128,18.135
22.713,18.438
22.82,16.754
24.377,17.746
23.186,17.126
23.79,16.764
22.995,16.274
28.185,17.398
25.533,16.025
29.267,15.788
28.3,15.593
21.671,19.085
21.877,19.004
26.959,17.487
28.24,16.995
28.198,14.815
28.655,15.098
27.993,17.836
23.673,18.798
27.015,17.389
27.957,17.054
26.831,17.839
27.014,15.641
28.01,15.637
27.494,17.397
27.668,15.738
28.242,16.096
27.428,18.746
24.719,18.92
26.711,19.108
27.918,19.369
26.596,19.479
24.526,17.824
27.162,17.984
24.109,18.897
26.949,16.888
27.318,15.96
27.261,14.532
26.804,13.611
27.651,16.744
28.269,15.592
24.748,17.438
25.892,16.808
27.083,15.131
25.473,14.962
25.772,16.203
26.223,18.142
25.533,16.869
24.82,15.427
25.285,15.339
25.551,16.21
25.357,14.752
26.262,14.262
26.276,13.263
25.939,14.453
26.086,14.714
26.156,14.738
25.932,14.173
26.156,15.571
26.049,14.989
26.869,13.46
26.279,13.896
23.899,14.655
25.162,15.881
27.055,12.71
26.174,13.715
26.689,14.186
27.014,13.253
27.413,12.522
25.774,14.791
24.657,14.528
26.496,13.6
26.918,12.983
26.749,13.189
26.75,13.555
27.113,15.237
27.957,17.556
26.948,15.539
26.837,17.005
26.745,18.594
27.506,14.702
28.271,14.777
27.547,14.194
27.432,14.105
28.306,13.984
27.94,14.028
28.221,13.694
27.522,13.445
28.88,13.396
28.541,12.594
28.294,13.363
29.113,13.283
28.526,13.538
29.072,14.654
28.588,15.647
28.872,17.976
29.33,13.997
29.072,14.273
30.197,16.142
30.718,15.299
29.945,15.106
30.772,15.116
30.5,15.818
29.845,17.174
29.803,14.58
29.864,14.589
30.963,16.027
31.226,16.113
32.387,15.171
32.558,15.264
32.443,20.041
33.454,20.119
34.139,19.733
33.699,18.777
32.915,21.52
31.388,20.148
31.555,19.082
32.597,19.193
30.946,18.959
32.63,19.84
33.652,20.17
31.808,18.234
33.546,17.74
33.024,14.481
34.344,15.685
35.721,16.451
34.952,17.618
35.343,17.759
34.092,18.861
33.789,22.043
28.317,20.308
29.847,20.688
31.64,21.352
29.851,21.344
30.277,20.428
31.324,20.024
27.058,19.949
24.815,18.899
28.775,15.797
31.057,15.353
33.195,18.175
32.656,16.659
34.333,16.761
33.254,20.497
33.896,19.095
23.721,21.085
30.361,19.465
34.28,18.368
24.86,19.767
28.485,20.072
21.048,18.144
27.792,18.126
27.76,19.513
28.157,19.785
29.697,18.315
29.312,16.983
24.625,18.085
27.088,17.951
28.825,19.947
28.1,19.471
26.318,19.392
26.976,19.704
25.379,18.522
28.688,18.366
26.624,19.709
28.246,20.069
27.548,20.065
29.039,19.583
29.146,18.054
29.909,18.172
30.976,15.769
30.064,19.761
31.767,20.932
28.645,20.915
25.596,19.892
29.687,20.264
21.942,19.601
22.064,19.338
21.01,19.278
21.778,18.993
22.033,19.429
24.373,19.299
26.257,19.027
26.803,19.172
24.416,17.928
24.363,18.909
26.894,18.628
24.305,19.172
21.833,19.044
21.467,19.247
26.216,20.061
27.644,19.455
23.221,19.318
24.109,19.374
27.08,18.719
27.439,18.363
28.871,17.025
28.98,19.224
27.315,18.565
25.921,19.153
26.91,18.867
25.692,18.966
24.889,19.099
25.829,18.82
21.271,18.664
26.13,18.247
24.777,19.51
24.827,19.084
26.829,18.419
29.047,18.095
27.997,17.624
27.101,17.462
26.471,18.798
26.348,18.849
26.314,18.464
24.988,18.789
26.251,18.795
26.748,17.744
26.406,16.847
25.85,17.237
26.274,16.487
24.889,18.555
21.231,18.197
25.941,18.677
20.654,18.1
26.383,17.527
25.44,17.399
26.752,17.226
27.424,18.398
26.171,18.403
26.011,18.242
26.245,17.862
25.761,18.336
25.786,18.284
20.977,17.433
19.767,17.508
24.287,17.379
23.636,17.737
23.569,17.868
20.413,17.728
19.213,17.101
24.969,16.881
24.371,16.49
24.582,15.742
22.647,16.198
24.466,16.024
23.234,15.953
24.31,16.9
24.463,16.317
24.123,16.259
24.126,16.797
25.437,17.571
24.208,16.911
24.258,16.28
22.661,16.45
25.985,15.923
25.133,17.552
25.133,17.445
24.02,17.872
26.449,17.583
24.582,18.007
20.782,17.201
23.77,16.195
18.882,16.228
25.214,15.017
19.891,17.268
24.531,17.066
24.896,16.632
25.1,17.631
25.6,17.322
25.404,17.744
24.425,17.036
22.037,17.397
24.771,17.206
20.941,16.774
24.726,16.964
21.751,17.499
25.109,17.649
22.859,17.319
22.536,17.882
23.163,17.308
20.397,17.141
26.018,16.786
20.186,17.455
22.08,16.98
24.139,17.321
24.198,17.659
25.627,17.147
25.965,17.913
25.221,18.246
25.654,18.578
21.594,18.733
19.774,17.261
23.954,16.387
20.004,16.295
18.668,16.576
18.877,16.252
21.508,15.842
25.2,15.263
24.755,16.01
25.2,19.022
23.439,18.99
23.754,18.426
19.348,16.751
19.298,15.206
23.894,14.673
25.336,16.056
24.8,17.378
23.86,18.211
20.265,18.383
23.36,17.487
24.971,17.981
24.116,17.941
19.894,17.257
19.307,16.575
23.577,16.57
25.017,16.232
25.239,17.019
25.711,16.458
25.126,17.837
25.877,18.412
22.466,18.338
26.428,18.49
26.548,19.488
24.06,18.781
26.304,17.671
25.912,18.175
25.95,17.225
25.695,16.639
25.429,16.92
25.057,17.746
20.891,17.406
24.637,16.938
20.151,17.89
24.739,17.253
26.655,16.926
25.092,17.881
21.19,18.135
24.513,17.873
26.48,16.254
26.556,18.126
24.913,18.943
27.206,19.626
26.897,18.106
27.129,16.812
27.325,16.951
29.459,17.103
29.22,16.908
27.04,19.072
21.815,19.509
21.755,18.514
30.128,16.703
30.1,15.087
29.522,14.502
29.572,13.595
29.573,13.711
29.318,14.166
29.134,16.657
29.558,15.085
30.266,16.419
30.439,19.395
23.012,19.301
22.738,17.092
22.277,17.817
21.54,16.163
27.18,15.386
26.441,14.086
27.002,15.989
27.226,18.263
25.725,18.121
26.163,19.301
22.592,18.728
23.184,18.986
23.296,19.078
23.361,15.312
26.687,15.827
26.254,15.323
26.582,14.076
26.202,14.38
26.194,14.315
26.31,14.696
25.927,14.227
26.106,15.534
26.411,16.957
26.151,14.965
25.384,12.993
25.316,13.795
26.142,13.58
26.093,12.235
27.531,12.846
28.377,13.575
27.184,15.218
28.057,14.913
27.753,17.288
27.427,17.99
28.585,16.022
27.357,14.708
27.34,14.506
27.052,14.303
28.377,14.883
28.367,15.372
27.22,17.04
27.029,16.284
26.262,16.456
26.71,17.69
27.681,17.887
26.937,17.364
27.821,16.928
28.203,17.441
28.415,18.103
27.008,16.947
25.924,15.703
27.644,14.514
28.091,14.533
26.88,13.675
27.115,13.836
26.496,14.921
26.121,15.915
27.478,15.563
26.796,18.485
26.052,16.583
27.461,15.093
27.231,13.819
26.918,13.67
26.911,13.701
27.504,13.977
27.381,14.852
27.384,13.434
26.688,13.744
26.38,15.305
26.707,14.476
26.526,11.096
26.57,11.711
23.455,12.97
25.623,12.292
25.642,16.817
26.71,17.741
27.061,17.918
26.382,17.086
27.531,15.745
27.694,13.994
27.156,14.03
26.87,16.378
25.862,18.304
27.112,15.358
27.525,16.831
27.765,15.337
27.445,14.135
28.304,14.841
28.363,14.854
27.778,13.429
27.514,15.576
28.639,15.588
27.547,17.85
28.257,17.967
29.287,19.269
30.162,14.869
31.873,14.274
31.804,14.368
31.53,13.196
31.539,11.118
31.505,11.04
31.373,13.571
29.919,12.632
30.938,11.794
32.05,18.972
32.766,18.891
31.696,13.924
32.727,13.543
33.265,20.133
33.291,19.796
32.781,16.692
32.807,16.273
31.299,14.868
29.9,14.083
30.854,18.114
31.017,19.195
31.18,18.678
31.93,18.449
31.328,14.541
31,14.185
31.734,15.509
32.034,17.495
31.9865,16.5395
31.939,15.584
32.892,14.783
32.187,13.938
32.988,13.843
32.331,13.364
32.657,11.424
32.582,18.799
31.302,19.98
32.213,18.775
28.67,20.343
33.941,19.961
34.341,18.735
34.675,17.914
34.97,16.947
34.938,17.668
35.693,18.703
36.062,17.688
35.036,16.261
34.827,14.58
34.981,14.838
35.188,17.478
36.416,17.551
35.834,18.688
35.832,19.361
36.008,20.423
35.383,21.337
35.741,17.836
34.74,17.976
35.066,21.157
30.681,20.458
33.834,21.273
28.803,20.508
33.051,21.145
29.311,19.046
33.643,19.432
27.593,19.54
31.798,19.364
31.48,20.15
34.494,19.103
35.061,16.105
35.016,16.084
35.239,21.467
35.506,18.671
35.717,18.342
29.238,20.878
31.087,19.695
32.228,21.492
32.329,21.071
29.868,18.698
25.545,16.841
31.765,17.756
29.083,19.241
25.211,20.187
27.662,19.539
29.263,18.602
33.401,18.38
33.968,18.147
33.185,18.646
34.257,17.764
34.016,18.882
34.064,18.826
35.147,21.318
26.154,20.976
23.47,19.479
24.228,18.549
24.823,18.809
21.834,19.322
24.975,18.62
27.349,18.751
26.092,19.34
23.009,18.424
21.607,18.656
24.608,17.988
22.18,17.156
23.56,17.484
22.655,18.288
27.902,18.091
27.663,17.805
26.85,18.4
27.241,18.578
26.189,19.121
24.764,18.433
27.504,17.997
23.533,18.436
23.913,18.469
26.119,18.142
24.918,18.196
26.631,18.815
23.624,19.215
24.629,18.929
27.729,18.147
26.176,18.591
23.136,18.651
24.33,18.624
21.995,18.786
24.417,18.601
25.351,18.348
25.963,17.409
25.187,16.038
25.515,15.419
24.833,17.006
20.979,17.131
20.162,17.386
19.334,17.144
25.482,17.101
23.263,16.851
27.644,16.007
27.067,16.798
25.318,17.167
24.408,17.08
26.768,17.044
24.631,18.152
26.359,18.213
20.432,17.925
25.788,17.728
27.367,18.425
28.56,17.845
28.881,16.273
25.605,18.118
19.794,17.005
26.657,16.412
24.386,17.073
24.792,16.759
25.232,17.479
27.607,16.132
26.119,16.077
27.664,15.825
26.679,16.468
25.91,16.704
27.607,18.624
21.385,18.229
19.844,16.929
22.41,16.401
24.587,16.053
24.101,16.792
25.216,16.329
23.906,17.516
21.959,17.26
24.909,16.504
22.519,15.846
21.381,16.737
25.668,16.18
24.358,16.788
25.073,16.115
24.838,15.722
25.154,15.239
26.919,15.208
24.358,15.036
22.821,15.751
23.192,15.091
25.55,14.801
26.976,17.016
24.877,17.15
26.282,17.141
23.8,18.263
22.382,16.829
25.402,15.942
25.849,16.77
25.65,17.888
25.148,17.596
24.878,17.512
25.545,16.425
22.84,18.216
23.731,16.751
26.037,16.861
27.313,17.361
27.511,18.413
23.403,17.947
25.665,17.539
25.603,17.856
26.668,16.918
26.909,18.14
20.891,17.199
25.335,16.19
22.368,15.235
25.217,14.909
26.405,15.204
26.767,16.109
26.798,17.43
26.864,18.53
27.554,17.236
28.003,16.395
28.788,16.595
26.801,17.474
28.286,17.791
27.3,17.744
30.006,18.287
22.073,17.979
23.796,18.088
27.263,17.668
25.613,17.279
27.307,16.234
25.741,17.612
27.308,16.847
26.2,17.037
26.535,18.498
27.505,17.1
28.186,18.023
27.396,18.2
29.987,18.281
30.022,18.811
31.017,18.21
24.979,18.372
20.029,18.268
20.152,17.619
27.477,17.392
25.793,17.789
26.273,16.921
28.71,16.526
26.337,18.88
28.047,18.717
25.767,17.981
26.238,18.963
29.681,19.314
29.794,18.986
30.022,19.187
26.516,19.249
28.852,18.788
30.167,19.043
22.086,19.065
23.915,18.755
20.27,17.226
27.628,17.101
26.679,16.724
26.012,18.354
27.372,16.985
27.929,16.659
27.813,19.012
29.385,18.83
30.102,19.803
31.664,18.229
29.983,19.855
29.682,18.983
26.795,19.998
29.899,19.48
29.26,19.316
29.95,19.585
30.795,18.059
30.464,17.985
23.214,17.337
27.503,18.584
30.745,19.183
30.407,17.881
30.735,18.465
22.874,18.949
22.129,19.074
26.038,18.741
27.622,17.5
28.501,15.941
28.201,16.369
28.529,18.481
27.768,17.007
28.202,17.021
24.707,17.231
26.812,16.098
28.254,15.57
27.298,18.046
22.216,18.631
26.698,18.071
26.096,17.67
26.553,17.207
26.601,16.605
26.049,18.732
24.528,16.002
25.545,15.921
24.226,18.326
24.553,18.273
23.616,17.728
27.026,16.647
26.581,18.412
20.566,18.349
22.886,15.14
25.953,14.698
26.118,15.373
27.284,17.104
24.848,17.001
25.709,17.317
26.995,16.08
26.738,14.177
26.325,14.556
26.423,15.033
26.498,17.007
27.159,18.085
30.141,16.154
29.621,17.631
29.432,16.417
29.011,18.581
27.186,18.903
28.204,18.548
30.562,19.431
28.894,17.21
30.1,15.648
30.476,15.537
28.839,18.529
31.389,16.33
31.297,14.226
31.115,14.164
31.256,15.146
30.499,16.374
30.909,16.195
30.75,15.724
29.877,13.89
31.765,13.828
31.702,18.065
32.158,18.537
32.916,19.535
31.351,19.109
31.807,18.398
30.492,18.506
28.692,18.426
29.447,16.842
30.619,15.624
31.753,18.343
30.675,19.733
31.426,19.135
31.045,19.883
31.763,16.722
33.131,16.982
33.832,19.023
34.37,18.446
34.297,15.887
34.49,15.973
33.923,16.335
31.508,19.948
26.51,19.965
22.739,17.749
28.347,18.439
30.792,16.809
30.726,16.573
30.855,15.966
32.409,15.937
32.545,19.118
33.431,19.257
33.953,18.425
34.464,17.054
33.78,16.241
33.537,14.701
33.627,15.403
33.925,16.417
32.079,19.793
33.986,18.252
34.695,17.656
35.33,19.113
34.81,19.755
35.114,18.91
34.179,20.868
34.023,20.925
33.413,21.208
31.847,20.514
32.642,18.7
34.368,18.912
34.547,19.498
33.34,20.332
33.213,20.461
30.592,19.483
33.472,18.914
32.835,19.915
34.937,19.344
35.225,20.198
35.418,18.707
35.858,18.66
32.709,21.192
24.368,20.591
27.369,20.179
29.363,20.252
31.948,19.442
31.766,20.451
31.035,20.918
32.215,22.182
34.881,21.545
35.718,17.656
36.36,18.493
34.025,23.148
32.673,21.033
33.249,21.625
34.261,21.523
33.109,20.822
33.341,18.877
34.967,18.623
35.033,20.863
35.648,21.33
33.992,21.045
33.315,21.399
36.131,21.31
37.501,20.822
38.08,18.677
36.982,18.751
36.608,18.92
35.515,20.086
36.184,21.363
35.221,21.965
33.893,22.53
29.72,22.129
26.495,19.569
32.453,18.748
33.551,16.311
34.56,15.552
33.215,17.749
34.041,18.327
33.997,19.66
34.557,19.804
32.128,18.043
35.976,17.685
36.919,17.164
37.023,16.513
36.969,16.298
36.673,16.817
34.832,19.386
35.089,22.892
34.373,21.579
32.371,19.37
26.162,19.219
29.417,17.521
29.478,16.587
32.77,16.551
33.503,17.48
32.221,18.953
30.661,19.5
27.014,19.758
25.776,18.131
26.178,19.081
26.311,20.745
25.543,19.96
26.463,20.165
25.222,20.3
28.355,21.105
29.601,20.998
27.929,18.71
29.137,18.606
22.875,20.359
25.858,19.885
24.51,19.71
27.963,20.006
28.903,19.757
28.512,19.605
26.025,19.355
24.682,19.389
29.264,19.058
25.561,20.43
25.828,17.729
24.31,19.226
28.178,19.805
26.396,20.254
26.34,18.288
28.516,18.094
27.73,17.897
24.22,18.48
29.052,18.686
25.594,18.141
25.351,19.117
26.712,18.941
26.57,17.584
27.172,17.996
26.883,19.173
25.082,19.344
24.922,16.887
26.707,19.68
27.555,18.879
27.419,18.879
27.281,19.475
26.928,19.111
26.446,19.304
22.713,18.732
26.341,19.195
26.337,18.426
26.28,18.285
23.751,19.236
24.166,19.117
25.605,18.836
25.74,18.366
26.311,17.564
25.851,18.266
26.458,17.217
23.723,18.273
25.721,18.086
25.292,18.103
26.036,18.443
26.914,17.759
24.996,18.731
28.223,18.267
26.444,18.095
28.145,17.548
29.456,16.964
28.153,18.618
27.841,19.172
27.527,18.101
28.127,17.481
27.191,18.342
29.475,17.866
27.765,18.847
27.824,19.174
29.389,18.475
25.8,18.432
24.227,18.499
27.268,18.24
22.394,18.785
28.195,19.501
24.401,20.005
21.522,18.618
19.239,16.491
17.157,15.699
17.77,15.553
19.736,16.489
20.11,16.74
18.098,16.116
24.35,16.027
22.637,17.613
23.407,17.957
25.382,17.451
25.507,18.674
26.26,18.307
23.805,18.638
23.542,18.408
27.834,18.397
22.655,18.14
26.717,18.427
25.577,18.752
27.138,17.787
25.754,18.569
25.075,18.146
24.069,17.466
22.247,16.74
24.333,17.093
25.293,17.403
24.534,18.257
24.291,17.794
20.521,17.32
25.523,16.66
26.558,16.745
22.999,17.679
22.743,16.882
17.188,15.367
21.752,14.99
24.925,14.147
24.868,16.988
24.89,15.995
22.782,16.315
26.64,15.262
26.258,17.871
24.284,18.231
24.285,17.454
24.846,17.842
24.149,18.024
25.044,17.805
20.459,17.391
25.61,16.741
26.515,17.603
26.564,17.684
27.444,17.963
26.726,18.238
25.147,18.174
19.989,17.965
24.49,17.271
22.781,17.095
28.004,16.528
28.488,17.343
28.004,15.66
28.53,16.856
29.231,18.858
27.88,19.399
28.554,19.433
28.951,18.522
31.838,19.834
22.824,18.786
27.241,19.477
27.393,18.443
28.31,18.131
26.569,18.638
27.617,18.191
27.662,18.556
24.292,19.185
23.697,18.935
23.56,18.565
26.543,18.215
27.823,17.252
26.3,18.342
26.361,17.364
26.365,16.805
26.176,16.89
25.338,19.51
25.421,18.414
27.062,17.704
25.11,17.861
24.527,18.952
26.429,17.575
25.962,19.009
27.399,18.197
27.468,16.735
26.728,16.839
26.624,17.153
26.341,16.875
25.336,17.906
24.079,17.846
24.673,16.73
25.426,16.821
26.24,17.212
25.661,18.517
26.636,17.507
27.155,16.044
26.688,15.504
26.51,16.502
27.142,17.79
27.074,19.509
24.174,19.822
27.062,18.596
27.467,17.321
27.524,17.081
27.835,15.502
27.075,15.315
28.22,15.42
27.826,16.696
27.664,17.997
27.502,17.78
26.705,18.026
27.863,17.993
27.888,17.926
21.984,19.342
26.995,19.541
27.495,18.921
26.758,17.205
28.036,18.192
27.967,18.305
27.745,18.297
26.839,17.552
26.701,15.355
26.396,16.844
26.773,18.208
27.705,18.854
28.953,18.855
28.631,18.63
27.591,17.122
26.963,17.866
24.291,19.113
24.939,18.753
22.628,19.205
25.499,18.24
26.532,17.583
27.068,16.11
27.163,18.408
26.747,18.654
27.015,15.19
27.666,13.942
21.678,17.136
26.657,16.397
26.624,16.008
25.425,18.613
26.867,19.085
26.707,17.051
26.66,16.46
26.95,16.474
30.192,16.994
29.407,18.925
27.599,17.762
30.524,18.474
29.23,19.564
29.493,17.686
29.994,16.271
30.008,19.13
31.535,16.917
28.384,19.289
31.453,17.823
31.033,15.508
31.076,16.038
31.943,17.404
32.914,15.314
32.765,15.312
32.453,16.606
32.701,18.972
32.682,18.587
32.813,16.513
31.931,16.043
